# This file was generated by Animated Java via MC-Build. It is not recommended to edit this file directly.
$data merge entity $(bone_chain13) { transformation: [-0.8238535430524699f,-0.5490128960293489f,0.14089066538759587f,0.4363572943809859f,-0.5617171334425869f,0.8240592670404189f,-0.07348596057649753f,3.1127170196993204f,-0.07575751841853769f,-0.13968236967590061f,-0.9872940970170894f,-0.12530925632463796f,0f,0f,0f,1f], start_interpolation: 0, interpolation_duration: 1 }
$data merge entity $(bone_chain14) { transformation: [-0.7137087165067313f,-0.6831153326658069f,-0.1548331691182428f,0.6331589798902821f,-0.6685164920683324f,0.5983509973716595f,0.44165799412779977f,2.0459646461199963f,-0.20905876641500948f,0.41872368719864f,-0.8837221882264867f,-0.48079339105300867f,0f,0f,0f,1f], start_interpolation: 0, interpolation_duration: 1 }
$data merge entity $(bone_chain15) { transformation: [-0.9589995112772185f,0.24178199929982905f,-0.14785601842547202f,0.7752024126963487f,0.21493587530481562f,0.9605249389265901f,0.1766193964631942f,1.1816410021102417f,0.18472278386005553f,0.13759835215091665f,-0.9731105726526372f,-0.5119510803506382f,0f,0f,0f,1f], start_interpolation: 0, interpolation_duration: 1 }
$data merge entity $(bone_chain16) { transformation: [-0.9372871305368207f,-0.27507023382334833f,0.21407755929667477f,0.9911134092840993f,-0.31817511028270307f,0.9259904286220947f,-0.20323957610873683f,0.20971095081020658f,-0.14232861316911127f,-0.2586079901407492f,-0.9554394137299966f,-1.0072746280771674f,0f,0f,0f,1f], start_interpolation: 0, interpolation_duration: 1 }
$data merge entity $(bone_chain9) { transformation: [-0.9676708606934751f,0.24780888344586122f,0.0469453155284394f,0.12079388332953378f,0.19675986990263378f,0.8581589950704948f,-0.47418213038398765f,3.1274410079010426f,-0.15779308907758866f,-0.44961527605822516f,-0.8791742970392379f,0.3247865426933071f,0f,0f,0f,1f], start_interpolation: 0, interpolation_duration: 1 }
$data merge entity $(bone_chain10) { transformation: [-0.9888925491307594f,-0.05783492496670766f,-0.136918398061633f,0.35982342420028635f,-0.04486870997244172f,0.9943730781661297f,-0.09596343201357871f,2.1465054408429385f,0.14169800682817452f,-0.08875417101472544f,-0.9859231065293134f,0.5817895424258246f,0f,0f,0f,1f], start_interpolation: 0, interpolation_duration: 1 }
$data merge entity $(bone_chain11) { transformation: [-0.999143956200473f,-0.03301518511409345f,-0.024926940043845255f,0.8664397570696261f,-0.004274235324250565f,0.6817205508413562f,-0.7316001786993703f,1.125120790290498f,0.04114712262674321f,-0.7308673532950012f,-0.6812780828612498f,0.8015610985605812f,0f,0f,0f,1f], start_interpolation: 0, interpolation_duration: 1 }
$data merge entity $(bone_chain12) { transformation: [-0.8902309601801947f,-0.4519825859363866f,0.05657366478234858f,1.0775991346369151f,-0.4506039250221613f,0.8920035990014527f,0.03585640979069149f,0.17285587424561322f,-0.06667038541414817f,0.006428170712767495f,-0.9977543476878548f,0.9995175254211999f,0f,0f,0f,1f], start_interpolation: 0, interpolation_duration: 1 }
$data merge entity $(bone_chain5) { transformation: [-0.9541092840001245f,-0.2919816508435334f,0.06649954703194992f,-0.30572616278426357f,-0.27718663916923364f,0.7770588026716037f,-0.5651081173161812f,3.0554568738414694f,0.11332714260420873f,-0.5576076871432626f,-0.8223324303394016f,0.2459856133880557f,0f,0f,0f,1f], start_interpolation: 0, interpolation_duration: 1 }
$data merge entity $(bone_chain6) { transformation: [-0.8967379078282975f,0.16178061570645708f,-0.4119322238492243f,-0.6196431979268375f,0.39365567181374067f,0.7169055526336899f,-0.5753969418165656f,2.1485662257312046f,0.20222842706355665f,-0.6781397060964822f,-0.7065622423415904f,0.5526873372460063f,0f,0f,0f,1f], start_interpolation: 0, interpolation_duration: 1 }
$data merge entity $(bone_chain7) { transformation: [-0.7159329536829496f,-0.5605712161263744f,0.4161729417939198f,-0.9013594731166669f,-0.6538217125927654f,0.3292598842870244f,-0.6812525939338203f,1.1744608395068312f,0.24486154041227215f,-0.7598340873176808f,-0.6022416340448711f,0.8046712391560968f,0f,0f,0f,1f], start_interpolation: 0, interpolation_duration: 1 }
$data merge entity $(bone_chain8) { transformation: [-0.9798937389831817f,-0.02332144716133324f,-0.19815239187014988f,-1.090161910770685f,0.0555436490327152f,0.9219996343462307f,-0.3831860870615573f,0.18972205996534974f,0.19163288693147335f,-0.38648775448611306f,-0.9021663107645902f,0.9960234683123155f,0f,0f,0f,1f], start_interpolation: 0, interpolation_duration: 1 }
$data merge entity $(bone_chain4) { transformation: [-0.5497457884743385f,0.7799297312962571f,0.29914742568652664f,-0.23176862268920972f,0.8349775223207586f,0.5026348382220905f,0.22398829573113777f,3.1208983409480053f,0.024333213388590652f,0.372917998554107f,-0.9275451800751188f,-0.21718983859325736f,0f,0f,0f,1f], start_interpolation: 0, interpolation_duration: 1 }
$data merge entity $(bone_chain3) { transformation: [-0.9227234429386604f,0.34234156070735466f,0.17715446272639448f,-0.48612061611362134f,0.38022365038279277f,0.7328460712291468f,0.5642398528760513f,2.125279338819801f,0.06333579983712705f,0.5879956561884254f,-0.8063806078785218f,-0.5416900173948518f,0f,0f,0f,1f], start_interpolation: 0, interpolation_duration: 1 }
$data merge entity $(bone_chain2) { transformation: [-0.8331498331367834f,-0.5116034923127596f,0.21005528366965262f,-0.9980309494827203f,-0.424180754322368f,0.8348420684503471f,0.35086950338844325f,1.2908453362528254f,-0.3548690507872684f,0.20322545952447532f,-0.9125608853081579f,-0.8739101341096512f,0f,0f,0f,1f], start_interpolation: 0, interpolation_duration: 1 }
$data merge entity $(bone_chain) { transformation: [-0.924921518465457f,-0.2763701943424025f,-0.2685512026957789f,-1.0088338401562287f,-0.37902150083757263f,0.614330471738324f,0.7061207414036272f,0.3638084908573145f,-0.02937493118948596f,0.775364621429544f,-0.6551898580489799f,-0.9815611203208131f,0f,0f,0f,1f], start_interpolation: 0, interpolation_duration: 1 }