# This file was generated by Animated Java via MC-Build. It is not recommended to edit this file directly.
$data merge entity $(bone_chain13) { transformation: [-0.478546295362505f,-0.5958029431506843f,0.6449901519618766f,0.880199429164354f,-0.8635110122583072f,0.4525084996711355f,-0.2226764231660176f,3.0930815764780952f,-0.1591922576743458f,-0.6635170763879108f,-0.7310286686841934f,-0.1673023128539619f,0f,0f,0f,1f], start_interpolation: 0, interpolation_duration: 1 }
$data merge entity $(bone_chain14) { transformation: [0.007334829230428597f,-0.8528967549305496f,-0.5220280890039333f,1.0031652054215459f,-0.895726385524224f,-0.2376814046973002f,0.3757416561107212f,1.830516764421604f,-0.4445452086749668f,0.4648383324232805f,-0.7657054800339841f,-0.6532385362683353f,0f,0f,0f,1f], start_interpolation: 0, interpolation_duration: 1 }
$data merge entity $(bone_chain15) { transformation: [-0.5488827444421046f,0.7634326365710563f,-0.34043845592392885f,0.9843887537592816f,0.7434089947881131f,0.6320448658863728f,0.21877466483759997f,1.0718270770550151f,0.3821920974089215f,-0.13300337185516187f,-0.9144612095399821f,-0.3705197658505185f,0f,0f,0f,1f], start_interpolation: 0, interpolation_duration: 1 }
$data merge entity $(bone_chain16) { transformation: [-0.8569018680901579f,0.09011232687226423f,0.5075420741271248f,1.1598078670652168f,-0.37342215933309636f,0.5702313828458607f,-0.7317049001726752f,0.03464740636811248f,-0.3553520499203643f,-0.8165267531216375f,-0.4549823975210814f,-1.2029291996033846f,0f,0f,0f,1f], start_interpolation: 0, interpolation_duration: 1 }
$data merge entity $(bone_chain9) { transformation: [-0.5795496907918286f,0.7196567794761196f,-0.38238236839210465f,0.11175987172369062f,0.745764660888911f,0.2791691291189896f,-0.6048964108970988f,3.1288425247128457f,-0.32856845020838926f,-0.6357347851903372f,-0.6984869765619491f,0.6405105663129952f,0f,0f,0f,1f], start_interpolation: 0, interpolation_duration: 1 }
$data merge entity $(bone_chain10) { transformation: [-0.9013732438467709f,0.32324473054837416f,-0.28816509061622786f,0.3194286213548705f,0.24161669911320768f,0.9276389309535835f,0.28479358224673956f,2.0872166718891996f,0.3593711813526337f,0.18707981706213433f,-0.9142502371130187f,0.8944820669898086f,0f,0f,0f,1f], start_interpolation: 0, interpolation_duration: 1 }
$data merge entity $(bone_chain11) { transformation: [-0.9208261295781539f,-0.1091856536548694f,-0.374376457756195f,1.2055972829217336f,0.37150448958996823f,0.04633093335295757f,-0.9272744247681702f,0.924345537208087f,0.11859027489897425f,-0.9929410544692987f,-0.0020997735075481416f,1.0798791472857423f,0f,0f,0f,1f], start_interpolation: 0, interpolation_duration: 1 }
$data merge entity $(bone_chain12) { transformation: [-0.7042232193808231f,-0.6963727341139826f,-0.13832813331902394f,1.3721232006004853f,-0.6882419945667423f,0.6217389557112687f,0.37384973968942836f,-0.05453020407300169f,-0.17433477622006888f,0.3584768976289512f,-0.9171159684939637f,1.1863822076767416f,0f,0f,0f,1f], start_interpolation: 0, interpolation_duration: 1 }
$data merge entity $(bone_chain5) { transformation: [-0.4683354493225248f,-0.5745279767086733f,0.671252196187772f,-0.5577692113448574f,-0.8630193771585937f,0.13463175893027668f,-0.4869002404354851f,2.971157297607355f,0.18936594613779487f,-0.807336295149907f,-0.5588816019309991f,0.44877562394885406f,0f,0f,0f,1f], start_interpolation: 0, interpolation_duration: 1 }
$data merge entity $(bone_chain6) { transformation: [-0.7017888651817112f,-0.39476707690443f,-0.5930019761343951f,-0.969887595305156f,0.502337431823721f,0.3160046288870371f,-0.8048591051300309f,2.0918719634634866f,0.5051232456497269f,-0.8627282477781157f,-0.02346225031807289f,0.829682750111463f,0f,0f,0f,1f], start_interpolation: 0, interpolation_duration: 1 }
$data merge entity $(bone_chain7) { transformation: [0.689233323434366f,0.22869803716984294f,0.6874988244806528f,-1.3009572896306751f,-0.6964456979782424f,-0.05254794764607604f,0.7156829626068961f,1.0494882086521655f,0.1998019410196435f,-0.9720781455175537f,0.12305796752724515f,1.073773338223046f,0f,0f,0f,1f], start_interpolation: 0, interpolation_duration: 1 }
$data merge entity $(bone_chain8) { transformation: [-0.860407393258533f,-0.44796167431812756f,-0.242959782614646f,-1.3965726416074586f,-0.20749461674222283f,0.7434008698427901f,-0.6358467824405349f,-0.012478996099790973f,0.4654515030043993f,-0.4966744256140865f,-0.7325772404954054f,1.1771941315756018f,0f,0f,0f,1f], start_interpolation: 0, interpolation_duration: 1 }
$data merge entity $(bone_chain4) { transformation: [0.4220718461067594f,0.8504550979410141f,0.31397688308245303f,-0.3715399272453065f,0.8984792785132234f,-0.3462732776615182f,-0.26986997472839863f,3.1310515399599144f,-0.12079049137407094f,0.3960062418241529f,-0.9102684843659706f,-0.3898181392139215f,0f,0f,0f,1f], start_interpolation: 0, interpolation_duration: 1 }
$data merge entity $(bone_chain3) { transformation: [-0.8395244115831705f,0.32660976987581825f,0.43419445019207287f,-0.6493391064970171f,0.5212870505164836f,0.2589212248087269f,0.8131541122735431f,2.032471635809096f,0.15316191863435386f,0.9090026719241335f,-0.38762813251237305f,-0.8150619636288732f,0f,0f,0f,1f], start_interpolation: 0, interpolation_duration: 1 }
$data merge entity $(bone_chain2) { transformation: [0.16878277433886996f,-0.9841846068533764f,-0.053786938185203026f,-1.534950968434896f,-0.7511877763238076f,-0.1637717053655166f,0.6394495705083891f,1.3565732704300997f,-0.6381452027463397f,-0.06752398206959595f,-0.7669492891041088f,-1.241905646577238f,0f,0f,0f,1f], start_interpolation: 0, interpolation_duration: 1 }
$data merge entity $(bone_chain) { transformation: [-0.26084875027966614f,0.06905783189060702f,-0.963043265203465f,-1.182507804857691f,-0.9630791562571371f,0.052196487895594806f,0.2643946573905946f,0.41743818512185393f,0.06660681842406707f,1.0251652951357677f,0.05141142372623317f,-1.139076380360052f,0f,0f,0f,1f], start_interpolation: 0, interpolation_duration: 1 }