# This file was generated by Animated Java via MC-Build. It is not recommended to edit this file directly.
$data merge entity $(bone_chain13) { transformation: [0.07177043303244138f,-0.0742937502872505f,0.9946504127634953f,1.3919534842304837f,-0.9758884443543299f,0.20086122338301665f,0.08541962957519755f,3.056199302518964f,-0.20613284337538737f,-0.9767984477922421f,-0.05808651541144893f,-0.21915587708855178f,0f,0f,0f,1f], start_interpolation: 0, interpolation_duration: 1 }
$data merge entity $(bone_chain14) { transformation: [0.695003063028783f,-0.19742621463043725f,-0.6913708354836103f,1.4269816088192937f,-0.4941841132809489f,-0.8296048726703504f,-0.2598803906075507f,1.575108256707555f,-0.5222574121650465f,0.5222821507751414f,-0.6741428264250547f,-0.8658092575831243f,0f,0f,0f,1f], start_interpolation: 0, interpolation_duration: 1 }
$data merge entity $(bone_chain15) { transformation: [0.24849574194590077f,0.8950065881056215f,-0.3704228306709648f,1.2324969938862453f,0.8543584694350886f,-0.022323019861536494f,0.5192044765685228f,0.9273881959451042f,0.4564224708965241f,-0.44549398428238673f,-0.7702036341312055f,-0.20623689048438687f,0f,0f,0f,1f], start_interpolation: 0, interpolation_duration: 1 }
$data merge entity $(bone_chain16) { transformation: [-0.7223541270886705f,0.617889195633489f,0.3105116052539176f,1.3498610711881356f,-0.408566450527302f,-0.019062747059899465f,-0.9125294883882121f,-0.1713137687107133f,-0.5579229073819129f,-0.786034066433466f,0.2662188494915101f,-1.4273838579786862f,0f,0f,0f,1f], start_interpolation: 0, interpolation_duration: 1 }
$data merge entity $(bone_chain9) { transformation: [0.17089203506520595f,0.5540312645657826f,-0.8147670036488422f,0.10560614128421897f,0.9075912138642646f,-0.41038020121959407f,-0.08869204566000344f,3.116148987148902f,-0.38350241311843536f,-0.7243186096812684f,-0.5729646156628974f,1.0228859615123322f,0f,0f,0f,1f], start_interpolation: 0, interpolation_duration: 1 }
$data merge entity $(bone_chain10) { transformation: [-0.6748089503519592f,0.7206278010069372f,-0.1591491531262208f,0.29917417046679706f,0.4609871521897506f,0.5800046033759283f,0.671628993997963f,1.9938499754348709f,0.576301766473842f,0.3798555415926406f,-0.7235924553783649f,1.273983246213065f,0f,0f,0f,1f], start_interpolation: 0, interpolation_duration: 1 }
$data merge entity $(bone_chain11) { transformation: [-0.6969312523062031f,-0.6332150404143538f,-0.3366385927845403f,1.6036874155979586f,0.6831785759626425f,-0.44349076743617655f,-0.5801577135094619f,0.6896065644654847f,0.21806848214394278f,-0.6343143162438629f,0.7416815255239394f,1.3898789675331762f,0f,0f,0f,1f], start_interpolation: 0, interpolation_duration: 1 }
$data merge entity $(bone_chain12) { transformation: [-0.4397522402326331f,-0.6861202507952753f,-0.5795316804619133f,1.7036904533834232f,-0.8477597063012643f,0.10407454768883502f,0.5200691962569587f,-0.3211208988118839f,-0.2965155098512975f,0.7200052013506522f,-0.6274321177989155f,1.3975201330577762f,0f,0f,0f,1f], start_interpolation: 0, interpolation_duration: 1 }
$data merge entity $(bone_chain5) { transformation: [0.4054467588889897f,-0.15747063576424142f,0.9004531773381773f,-0.8562107747732359f,-0.9084135017126167f,-0.1792905985697642f,0.3776768343050938f,2.8359207651857448f,0.10196977793755865f,-0.9711116723304799f,-0.2157412437408845f,0.7017826638024107f,0f,0f,0f,1f], start_interpolation: 0, interpolation_duration: 1 }
$data merge entity $(bone_chain6) { transformation: [-0.39742358054851623f,-0.9010779938894591f,-0.17353082306075987f,-1.3716128918142512f,0.5244924440196098f,-0.06788454647313082f,-0.8487045213243969f,2.0019782101141845f,0.7529689062573126f,-0.4283107951923286f,0.499587518790633f,1.159903796899715f,0f,0f,0f,1f], start_interpolation: 0, interpolation_duration: 1 }
$data merge entity $(bone_chain7) { transformation: [0.6697278404862287f,-0.742587431717718f,0.005340967378239095f,-1.7537767817355063f,0.731668456761295f,0.6610759398116233f,0.166252432110703f,0.8944786787852934f,-0.1269877516069839f,-0.10743606497383594f,0.9860687617426788f,1.3922974270760644f,0f,0f,0f,1f], start_interpolation: 0, interpolation_duration: 1 }
$data merge entity $(bone_chain8) { transformation: [-0.5814169457812761f,-0.8135195659820724f,0.011842758239227605f,-1.7502937804396348f,-0.41630474082473695f,0.284961064446549f,-0.8634162116362758f,-0.25163357496256855f,0.6990312567583951f,-0.506935013107035f,-0.5043532438291133f,1.3827674474869318f,0f,0f,0f,1f], start_interpolation: 0, interpolation_duration: 1 }
$data merge entity $(bone_chain4) { transformation: [0.8508260553944064f,0.33324145625306617f,-0.40625749875704564f,-0.5501343464847017f,0.10037333495637057f,-0.86200370674556f,-0.4968649748036693f,3.103084747939869f,-0.5157714775864708f,0.38196824657456857f,-0.766863769855519f,-0.5927740569629153f,0f,0f,0f,1f], start_interpolation: 0, interpolation_duration: 1 }
$data merge entity $(bone_chain3) { transformation: [-0.6893235785366333f,0.050623965818876f,0.7226826538379203f,-0.8307757161284107f,0.6798271008319388f,-0.29950487815198945f,0.6694265762110156f,1.905032468822734f,0.2503360082926363f,0.9527507764614686f,0.172040230481646f,-1.124194237372675f,0f,0f,0f,1f], start_interpolation: 0, interpolation_duration: 1 }
$data merge entity $(bone_chain2) { transformation: [0.7678585458141536f,-0.08684529698375218f,-0.6347055600922186f,-2.1467828626622922f,0.058919526001044345f,-0.9769953173426534f,0.20496009208218996f,1.3866575927972307f,-0.6379041801681389f,-0.19477690900702632f,-0.7450773199082651f,-1.6741841719872055f,0f,0f,0f,1f], start_interpolation: 0, interpolation_duration: 1 }
$data merge entity $(bone_chain) { transformation: [0.5766928033869597f,0.44736362775058097f,-0.6920735765508144f,-1.4067569939947826f,-0.7223233056678025f,0.6870548054730038f,-0.1836872198080388f,0.4624987804605854f,0.3816732275269342f,0.6243149806113943f,0.6980638723779915f,-1.3216388510943888f,0f,0f,0f,1f], start_interpolation: 0, interpolation_duration: 1 }