# This file was generated by Animated Java via MC-Build. It is not recommended to edit this file directly.
$data merge entity $(bone_chain13) { transformation: [0.6587507068709602f,0.4733593066877672f,0.5847892551758166f,1.9070465394597504f,-0.7336850740599848f,0.5762848045684361f,0.36000282794044003f,2.9766313733817995f,-0.1665944725931944f,-0.6662032653744621f,0.726924680352648f,-0.2799133143878084f,0f,0f,0f,1f], start_interpolation: 0, interpolation_duration: 1 }
$data merge entity $(bone_chain14) { transformation: [0.8633446180839774f,0.4601853844109623f,-0.20703980873244296f,1.8465711223090242f,0.05396389178864315f,-0.4921376551710423f,-0.8688431542837709f,1.2936592700500342f,-0.5017210069435556f,0.7389383873756213f,-0.44971779023545555f,-1.1140269896908201f,0f,0f,0f,1f], start_interpolation: 0, interpolation_duration: 1 }
$data merge entity $(bone_chain15) { transformation: [0.8800896656942164f,0.4734277474965425f,0.03617109672920444f,1.4994651037746842f,0.301065995879784f,-0.6153336056111856f,0.7285079408835927f,0.7306352770529664f,0.3671531648551558f,-0.6302624228889809f,-0.684081743529934f,-0.03786185589077207f,0f,0f,0f,1f], start_interpolation: 0, interpolation_duration: 1 }
$data merge entity $(bone_chain16) { transformation: [-0.5772585756588176f,0.807905724736685f,-0.11857856790350049f,1.5300507194976363f,-0.4388167988736013f,-0.42939390797097504f,-0.7893419340334953f,-0.39580206075680974f,-0.6886307819540733f,-0.4036201329655217f,0.6023939196325073f,-1.650468269154365f,0f,0f,0f,1f], start_interpolation: 0, interpolation_duration: 1 }
$data merge entity $(bone_chain9) { transformation: [0.7814031590619905f,0.12642876059033759f,-0.6110849953185991f,0.11004086811286717f,0.539269275451097f,-0.629563590510426f,0.5593195276924174f,3.0607603752999357f,-0.31400278909969875f,-0.7665934085284136f,-0.5601221245749883f,1.4534932768034055f,0f,0f,0f,1f], start_interpolation: 0, interpolation_duration: 1 }
$data merge entity $(bone_chain10) { transformation: [-0.4243849221311026f,0.8996192875988351f,0.10287164452822717f,0.3444186505391108f,0.53646135534271f,0.15827887463651902f,0.8289493422807326f,1.8305898790454935f,0.7294564086301801f,0.4069802639243837f,-0.5497821502053324f,1.703246365373006f,0f,0f,0f,1f], start_interpolation: 0, interpolation_duration: 1 }
$data merge entity $(bone_chain11) { transformation: [-0.4628390162620986f,-0.8166149894276193f,0.34484779840918545f,2.0219249931399337f,0.8340467965869945f,-0.5329425284186614f,-0.1426120699860175f,0.43831714293708257f,0.3002432116276827f,0.22161277139382887f,0.9277617115545571f,1.6747139483143543f,0f,0f,0f,1f], start_interpolation: 0, interpolation_duration: 1 }
$data merge entity $(bone_chain12) { transformation: [-0.20328346486433246f,-0.20187546733627315f,-0.9580825270301683f,2.0174191484784387f,-0.8944291087226216f,-0.3598027820272749f,0.2655909025457952f,-0.6073852247731801f,-0.3983370462088713f,0.910927139640265f,-0.10742133812421495f,1.5992669104067128f,0f,0f,0f,1f], start_interpolation: 0, interpolation_duration: 1 }
$data merge entity $(bone_chain5) { transformation: [0.9630666257048974f,-0.04605545283149265f,0.2652952500853902f,-1.1761324821608512f,-0.23860309455436282f,0.3106325672819956f,0.9200956316670993f,2.598022313841958f,-0.12478476558645035f,-0.949413662956397f,0.28817088483962455f,1.0042860229275616f,0f,0f,0f,1f], start_interpolation: 0, interpolation_duration: 1 }
$data merge entity $(bone_chain6) { transformation: [-0.1325823498188497f,-0.9484655651794308f,0.2878106881013542f,-1.7706987871334148f,0.46850016841860564f,-0.3158566044807425f,-0.8250710257896794f,1.8434142078700853f,0.8734583634657408f,0.02544950048151487f,0.48623328785367115f,1.519315648670406f,0f,0f,0f,1f], start_interpolation: 0, interpolation_duration: 1 }
$data merge entity $(bone_chain7) { transformation: [-0.5166876202809524f,-0.3588042387763206f,0.7773631206100219f,-2.1898012816246375f,0.8547097197959034f,-0.16308364898616776f,0.4928235164029458f,0.7043097684171785f,-0.050051952357671625f,0.9190556249049898f,0.3909367728874887f,1.7334632032441477f,0f,0f,0f,1f], start_interpolation: 0, interpolation_duration: 1 }
$data merge entity $(bone_chain8) { transformation: [-0.254795357512963f,-0.834746736698528f,0.48813646796874305f,-2.1073869151965257f,-0.5176549782752033f,-0.3086318067631212f,-0.7979847939159179f,-0.5142784343362372f,0.8167696427125215f,-0.4560090935774085f,-0.35347285230689235f,1.5814083962946381f,0f,0f,0f,1f], start_interpolation: 0, interpolation_duration: 1 }
$data merge entity $(bone_chain4) { transformation: [0.35219682468498786f,-0.23123557253627341f,-0.9069109695420127f,-0.7733723132238064f,-0.4314345145245988f,-0.9000160098672428f,0.06193094266657162f,2.9690786591692446f,-0.8305550290972508f,0.369460812504477f,-0.41674578781890076f,-0.8068134047999826f,0f,0f,0f,1f], start_interpolation: 0, interpolation_duration: 1 }
$data merge entity $(bone_chain3) { transformation: [-0.4412152628359704f,-0.42971567252034076f,0.7878283649570997f,-0.996550689986025f,0.8340616783218617f,-0.5203299042424532f,0.1832973199639294f,1.718885660985018f,0.3311649265781399f,0.7379710235107009f,0.5879868704852724f,-1.4202128500531668f,0f,0f,0f,1f], start_interpolation: 0, interpolation_duration: 1 }
$data merge entity $(bone_chain2) { transformation: [0.39915116014683105f,0.836577248257812f,-0.375255724874153f,-2.7445494379706683f,0.6096354799241033f,-0.5478489737271267f,-0.5728927330695007f,1.2960530407812954f,-0.6848524899357138f,-0.00009840488354140309f,-0.7286817256836705f,-2.129171912577775f,0f,0f,0f,1f], start_interpolation: 0, interpolation_duration: 1 }
$data merge entity $(bone_chain) { transformation: [0.7090935248358916f,0.05922837996670684f,-0.7027758159946593f,-1.6923165074578979f,-0.004637312431901575f,1.0291493991521f,0.07672784194527171f,0.4590936235943651f,0.7050991904471452f,-0.05279537109428861f,0.7072616140604986f,-1.5077511260517538f,0f,0f,0f,1f], start_interpolation: 0, interpolation_duration: 1 }