# This file was generated by Animated Java via MC-Build. It is not recommended to edit this file directly.
$data merge entity $(bone_chain13) { transformation: [0.9883604792446604f,0.1520566958363075f,0.00472486175572203f,2.360905674732534f,-0.1495535279376172f,0.9768442072969464f,-0.1530004475542891f,2.8289389646264747f,-0.027880196352937384f,0.15051297592481877f,0.9882148241802371f,-0.3486179901111345f,0f,0f,0f,1f], start_interpolation: 0, interpolation_duration: 1 }
$data merge entity $(bone_chain14) { transformation: [0.8305615409646601f,0.4970098527881425f,0.25129411632968973f,2.20389667811624f,0.18655766977450555f,0.17686048192965914f,-0.9663936081017485f,1.0000899515212245f,-0.5247511434182085f,0.8495302090938955f,0.05417251441612489f,-1.3934131672848693f,0f,0f,0f,1f], start_interpolation: 0, interpolation_duration: 1 }
$data merge entity $(bone_chain15) { transformation: [0.8298370638754418f,-0.29964612705728844f,0.4707256589120181f,1.765231054122046f,-0.5017943601480676f,-0.7697182951498389f,0.3946342182771493f,0.4638792386510565f,0.24407553655001482f,-0.5636895818189233f,-0.7891015066559117f,0.11584593629179996f,0f,0f,0f,1f], start_interpolation: 0, interpolation_duration: 1 }
$data merge entity $(bone_chain16) { transformation: [-0.4643356694139671f,0.8576117372293647f,-0.22112099465296f,1.669154509838502f,-0.5214446805880458f,-0.4665346370518975f,-0.7144514521766229f,-0.6264469561007175f,-0.7158825540522091f,-0.21644292688208935f,0.6638257513884203f,-1.842012099081717f,0f,0f,0f,1f], start_interpolation: 0, interpolation_duration: 1 }
$data merge entity $(bone_chain9) { transformation: [0.9703329687707266f,-0.12283942053942305f,-0.2082412218513114f,0.1327722283113837f,0.044103190041546225f,-0.7569270205291263f,0.6520095047014722f,2.9340766692566733f,-0.2377158773509829f,-0.6418504205455027f,-0.7290536326641641f,1.9139130606983072f,0f,0f,0f,1f], start_interpolation: 0, interpolation_duration: 1 }
$data merge entity $(bone_chain10) { transformation: [-0.27425397355636477f,0.9458270190104575f,0.1737699861838523f,0.5005206405748561f,0.5576039077251216f,0.009183716477158543f,0.8300563483531351f,1.5616209102866079f,0.7834938672881995f,0.3245410751529899f,-0.5299155125681099f,2.165224709747047f,0f,0f,0f,1f], start_interpolation: 0, interpolation_duration: 1 }
$data merge entity $(bone_chain11) { transformation: [-0.3708069996859623f,-0.20405990737843033f,0.9060141959067757f,2.421524853589294f,0.8795560189497368f,-0.39033652290429083f,0.2720636109741224f,0.1878905434972689f,0.298133155675757f,0.8977733305727537f,0.3242216346870153f,1.8775374786407504f,0f,0f,0f,1f], start_interpolation: 0, interpolation_duration: 1 }
$data merge entity $(bone_chain12) { transformation: [-0.07878888498559176f,0.5241766785759403f,-0.8479570279441184f,2.2584275413782446f,-0.8973455410126219f,-0.40780707791771f,-0.1687138619823031f,-0.8937921967590395f,-0.43423874956928016f,0.7476176809287713f,0.5024982701812951f,1.7579581485659628f,0f,0f,0f,1f], start_interpolation: 0, interpolation_duration: 1 }
$data merge entity $(bone_chain5) { transformation: [0.7775260689472137f,-0.6071998356176502f,-0.16358964433420634f,-1.4926159625991577f,0.5586435981579839f,0.5474945853273936f,0.6230305042887438f,2.205736980841317f,-0.28873957530029476f,-0.5758107663660726f,0.7648996136698737f,1.355564991303145f,0f,0f,0f,1f], start_interpolation: 0, interpolation_duration: 1 }
$data merge entity $(bone_chain6) { transformation: [-0.007591689151135714f,-0.9576566265364042f,0.28781270282381033f,-2.113024980941944f,0.4759817835362772f,-0.25658421537549436f,-0.8411931301204062f,1.5807091989179778f,0.8794223717858543f,0.13060752685452873f,0.45777501671835097f,1.883883476483184f,0f,0f,0f,1f], start_interpolation: 0, interpolation_duration: 1 }
$data merge entity $(bone_chain7) { transformation: [-0.8452106862916205f,0.06177753871329388f,0.5308506677861253f,-2.53901412149155f,0.5318086018621249f,-0.0010996492313907202f,0.8468638625877358f,0.4738589960587827f,0.052900914584717795f,0.9980893379262678f,-0.031924391208056235f,2.070490364256294f,0f,0f,0f,1f], start_interpolation: 0, interpolation_duration: 1 }
$data merge entity $(bone_chain8) { transformation: [0.030201525706212325f,-0.5185839419665836f,0.8544931614585435f,-2.4239136338074454f,-0.5969153710969314f,-0.6950604442059983f,-0.4007281106291064f,-0.7869503319340532f,0.8017355596412261f,-0.4979575022374498f,-0.3305426120369513f,1.7417819582470546f,0f,0f,0f,1f], start_interpolation: 0, interpolation_duration: 1 }
$data merge entity $(bone_chain4) { transformation: [-0.1589957194509939f,-0.6008345446049035f,-0.783401692113107f,-1.0470742602790324f,-0.4102995210475263f,-0.6815143984233045f,0.6059640482486499f,2.6611139679294165f,-0.8979836659006842f,0.4177750288745603f,-0.13816425378667577f,-1.0126919956848695f,0f,0f,0f,1f], start_interpolation: 0, interpolation_duration: 1 }
$data merge entity $(bone_chain3) { transformation: [-0.07010675938503003f,-0.7926751219281138f,0.6055998624213674f,-1.112784273048084f,0.9290835013614978f,-0.2729049715352746f,-0.24965320748828837f,1.4499550354202482f,0.36316509990139323f,0.5451504632554032f,0.755593860897526f,-1.6542438130972617f,0f,0f,0f,1f], start_interpolation: 0, interpolation_duration: 1 }
$data merge entity $(bone_chain2) { transformation: [0.16224520858526315f,0.9847267841896923f,0.06316369836030716f,-3.239273500165791f,0.6267573840155429f,-0.05340164795044407f,-0.7773824319973859f,0.9997143518093717f,-0.7621362567632626f,0.16571488917898786f,-0.6258489447392861f,-2.5652950705871733f,0f,0f,0f,1f], start_interpolation: 0, interpolation_duration: 1 }
$data merge entity $(bone_chain) { transformation: [0.351064095523662f,-0.275524424292284f,-0.8976283389224917f,-2.049921445137433f,0.4467590619501217f,0.9203366918529613f,-0.08954583044654163f,0.36732606124404976f,0.8228975278852164f,-0.3821156506931679f,0.43156101470462715f,-1.675915798760079f,0f,0f,0f,1f], start_interpolation: 0, interpolation_duration: 1 }