# This file was generated by Animated Java via MC-Build. It is not recommended to edit this file directly.
$data merge entity $(bone_chain13) { transformation: [0.9982688683164531f,0.05778109199083745f,-0.0109823475876073f,2.4126834393657126f,-0.05864830660674486f,0.9638525735533436f,-0.2599011207878059f,2.764200940289204f,-0.004432006582789333f,0.2600952938116004f,0.9655727810241483f,-0.358184393836407f,0f,0f,0f,1f], start_interpolation: 0, interpolation_duration: 1 }
$data merge entity $(bone_chain14) { transformation: [0.8298081438130317f,0.4875728948017668f,0.271461077718696f,2.24325070701677f,0.16143837283680917f,0.25590776775173985f,-0.9531258396351053f,0.9223561404018261f,-0.5341873231717261f,0.834735818483277f,0.13364137496927764f,-1.4321994260744422f,0f,0f,0f,1f], start_interpolation: 0, interpolation_duration: 1 }
$data merge entity $(bone_chain15) { transformation: [0.7730837239438989f,-0.40557794818694115f,0.4876967128426277f,1.7990293985573487f,-0.5895022154292465f,-0.7432308336694645f,0.31637804267521946f,0.3837568371731434f,0.23415527706426764f,-0.5320850080837305f,-0.8136687596285681f,0.1339908614602724f,0f,0f,0f,1f], start_interpolation: 0, interpolation_duration: 1 }
$data merge entity $(bone_chain16) { transformation: [-0.45214782319201496f,0.8707000573606005f,-0.1935038916791329f,1.68278346856014f,-0.5397385736889239f,-0.4398077965396852f,-0.7178101240405801f,-0.6955512016148018f,-0.7101018363974061f,-0.2201147705519873f,0.6688085448989699f,-1.8632920706195129f,0f,0f,0f,1f], start_interpolation: 0, interpolation_duration: 1 }
$data merge entity $(bone_chain9) { transformation: [0.972574569278623f,-0.14775187596689457f,-0.17963321057300355f,0.13751012426084608f,-0.0063057811639771755f,-0.788778576517215f,0.6146450962558705f,2.8717016420807036f,-0.23250579415664824f,-0.5966554620346148f,-0.7680776753088496f,1.975668051029872f,0f,0f,0f,1f], start_interpolation: 0, interpolation_duration: 1 }
$data merge entity $(bone_chain10) { transformation: [-0.2634308483038582f,0.9519057266405906f,0.15645982152219984f,0.5315722300851751f,0.5651128163245682f,0.020829593424432247f,0.8247506489015257f,1.4776316717760531f,0.7818258712703388f,0.30568221346133606f,-0.5434212835229715f,2.227470015236599f,0f,0f,0f,1f], start_interpolation: 0, interpolation_duration: 1 }
$data merge entity $(bone_chain11) { transformation: [-0.3748043169728338f,-0.08592537916064569f,0.9231135104604563f,2.470653766776456f,0.8812482608896384f,-0.3422882377077015f,0.3259451871188536f,0.11696627147776317f,0.2879639329109043f,0.9356578389256704f,0.20401270009347205f,1.89519041186569f,0f,0f,0f,1f], start_interpolation: 0, interpolation_duration: 1 }
$data merge entity $(bone_chain12) { transformation: [-0.07285828271970604f,0.6094978712677652f,-0.789432717563187f,2.2818866244816873f,-0.8991427991215005f,-0.3826376852161657f,-0.21243970589409034f,-0.9694094876640824f,-0.43154825619748305f,0.694334751234934f,0.5759039466789876f,1.7738892718688937f,0f,0f,0f,1f], start_interpolation: 0, interpolation_duration: 1 }
$data merge entity $(bone_chain5) { transformation: [0.7114970492042347f,-0.6820484109947705f,-0.16906186451466648f,-1.5326627823029486f,0.6371814197334295f,0.5247801291090461f,0.5644516404784241f,2.1011225342564575f,-0.2962630373842779f,-0.5093287554731241f,0.8079680881866812f,1.405294279201389f,0f,0f,0f,1f], start_interpolation: 0, interpolation_duration: 1 }
$data merge entity $(bone_chain6) { transformation: [0.004957566259647647f,-0.9696589781431456f,0.24441131038307387f,-2.151017237539836f,0.49237315546439975f,-0.2103665542166443f,-0.8445795336408795f,1.497676807419909f,0.8703700927276917f,0.12452862712407002f,0.4763911446613831f,1.9309299274018268f,0f,0f,0f,1f], start_interpolation: 0, interpolation_duration: 1 }
$data merge entity $(bone_chain7) { transformation: [-0.835583467684834f,0.04725339025789868f,0.547327493956701f,-2.5748684661490486f,0.5475397066763651f,-0.009481044127714278f,0.8367259882512363f,0.4013537811949927f,0.04472737578427645f,0.9988379382619499f,-0.017950903711765193f,2.1130888110533954f,0f,0f,0f,1f], start_interpolation: 0, interpolation_duration: 1 }
$data merge entity $(bone_chain8) { transformation: [0.06510620242717544f,-0.46824898911012036f,0.8811946814426777f,-2.4602387708423814f,-0.6117480811595969f,-0.7163928085314459f,-0.3354782095486658f,-0.8618069186290271f,0.7883688651913283f,-0.5172274432798186f,-0.333092035802658f,1.758408462209019f,0f,0f,0f,1f], start_interpolation: 0, interpolation_duration: 1 }
$data merge entity $(bone_chain4) { transformation: [-0.2035120588989554f,-0.6267621028145051f,-0.7521649475735015f,-1.087072083195197f,-0.3991008498708398f,-0.6484115502738972f,0.6482908090539117f,2.565296394951961f,-0.8940365504357648f,0.43212466713547126f,-0.11818171828999903f,-1.0381485149018823f,0f,0f,0f,1f], start_interpolation: 0, interpolation_duration: 1 }
$data merge entity $(bone_chain3) { transformation: [-0.01212143311551957f,-0.8158136568410833f,0.5781878139245112f,-1.1226455372667739f,0.9323113679303617f,-0.2182395051473187f,-0.28838694772973195f,1.3682720763596659f,0.36145343280572634f,0.5355554086223316f,0.7632377219505885f,-1.6778898074379722f,0f,0f,0f,1f], start_interpolation: 0, interpolation_duration: 1 }
$data merge entity $(bone_chain2) { transformation: [0.16174530387750785f,0.9837089531381322f,0.07845477798995283f,-3.292069696065991f,0.6231301682194441f,-0.04016272189507507f,-0.7810862623454508f,0.9021907135104401f,-0.7652105920126696f,0.17522457386411006f,-0.6194748571054041f,-2.619062584063883f,0f,0f,0f,1f], start_interpolation: 0, interpolation_duration: 1 }
$data merge entity $(bone_chain) { transformation: [0.3018326703698279f,-0.3277827473986194f,-0.8992853252581084f,-2.102794095646798f,0.4820126083633062f,0.895269994870783f,-0.1424927012157041f,0.307693949471275f,0.8225332117770205f,-0.4043555672968362f,0.4134993759072319f,-1.6955765118041703f,0f,0f,0f,1f], start_interpolation: 0, interpolation_duration: 1 }