# This file was generated by Animated Java via MC-Build. It is not recommended to edit this file directly.
$data merge entity $(bone_chain13) { transformation: [0.9990859637960736f,-0.04238672100670804f,-0.005531982282229911f,2.4649674225567297f,0.03733709863238879f,0.9283346585173623f,-0.3698657903363969f,2.6944574668704675f,0.020812928947812427f,0.3693211714453311f,0.9290687242130488f,-0.36830685562130305f,0f,0f,0f,1f], start_interpolation: 0, interpolation_duration: 1 }
$data merge entity $(bone_chain14) { transformation: [0.8287015740831422f,0.48212437107714157f,0.28427063148625287f,2.2826119237192875f,0.1254785830663789f,0.3349370137852091f,-0.9338481257615182f,0.8404656353299437f,-0.5454436967311808f,0.8095512878194422f,0.21706654759798105f,-1.4732148925398567f,0f,0f,0f,1f], start_interpolation: 0, interpolation_duration: 1 }
$data merge entity $(bone_chain15) { transformation: [0.7043274057366664f,-0.5127210427141492f,0.4909582852813183f,1.8340891782736175f,-0.6728813769718646f,-0.7025559767767288f,0.2316155262924824f,0.2979965503738343f,0.22617152352297656f,-0.4934898497977557f,-0.8398298697318906f,0.1524762765326816f,0f,0f,0f,1f], start_interpolation: 0, interpolation_duration: 1 }
$data merge entity $(bone_chain16) { transformation: [-0.43958164099363617f,0.8848127142293086f,-0.15451356458093235f,1.6959460938216449f,-0.560617865290286f,-0.4046804741752818f,-0.7224550663803471f,-0.768339480476027f,-0.7017660507738349f,-0.23095491888988423f,0.673931921948992f,-1.88462701920353f,0f,0f,0f,1f], start_interpolation: 0, interpolation_duration: 1 }
$data merge entity $(bone_chain9) { transformation: [0.9720656633263144f,-0.17293921273494772f,-0.15868325330855998f,0.14286827395754587f,-0.05442027471253558f,-0.8237301535855679f,0.5643643041282013f,2.8043352374282486f,-0.22831289907095534f,-0.5399635754127432f,-0.8101311976126475f,2.0404965533137007f,0f,0f,0f,1f], start_interpolation: 0, interpolation_duration: 1 }
$data merge entity $(bone_chain10) { transformation: [-0.25348246833894117f,0.9583248284769551f,0.13175796510804388f,0.5664714057323743f,0.5747968619297525f,0.03966361032748185f,0.817334304633972f,1.386999483825233f,0.7780457607110951f,0.2829139818750649f,-0.560896133966966f,2.292877258314716f,0f,0f,0f,1f], start_interpolation: 0, interpolation_duration: 1 }
$data merge entity $(bone_chain11) { transformation: [-0.3828051762224958f,0.03910879885532742f,0.923000920318803f,2.521210684134629f,0.8819638023583668f,-0.28188713701203105f,0.37772939165059916f,0.042457048990725554f,0.2749546296879457f,0.9586501675998673f,0.07341531021463227f,1.9115478416766032f,0f,0f,0f,1f], start_interpolation: 0, interpolation_duration: 1 }
$data merge entity $(bone_chain12) { transformation: [-0.06895118428844405f,0.6920789547809293f,-0.7185210188536992f,2.30449498151484f,-0.901643110550699f,-0.3514689018205118f,-0.2520105399572487f,-1.0488150377049341f,-0.426948984518855f,0.6304731012520842f,0.6482424185564367f,1.789394650276435f,0f,0f,0f,1f], start_interpolation: 0, interpolation_duration: 1 }
$data merge entity $(bone_chain5) { transformation: [0.6362605008288629f,-0.7538335284030238f,-0.16403532101486984f,-1.574155885340074f,0.7105729180390173f,0.48983105786761566f,0.5051253932419237f,1.9879087802778086f,-0.3004308626531569f,-0.437950392400486f,0.847313844193366f,1.458093362082336f,0f,0f,0f,1f], start_interpolation: 0, interpolation_duration: 1 }
$data merge entity $(bone_chain6) { transformation: [0.02026392848191655f,-0.9817669955046164f,0.18900513151848083f,-2.1890968739522094f,0.5131259485288083f,-0.152034472885342f,-0.8447409543764803f,1.4080756464838013f,0.8580740843009365f,0.11410120767246358f,0.5006893051172502f,1.9798962654775198f,0f,0f,0f,1f], start_interpolation: 0, interpolation_duration: 1 }
$data merge entity $(bone_chain7) { transformation: [-0.8147456990905745f,0.01780170035516261f,0.5795451192770724f,-2.610006901692336f,0.5789968800341354f,-0.02821158103548982f,0.8148415303641653f,0.3242152082345081f,0.030855448856692808f,0.9994434482050212f,0.012678135348268754f,2.15721413429923f,0f,0f,0f,1f], start_interpolation: 0, interpolation_duration: 1 }
$data merge entity $(bone_chain8) { transformation: [0.10166075556026666f,-0.4162804807532481f,0.9035350862710092f,-2.4969765100510353f,-0.62818128703998f,-0.7311246267786494f,-0.26616733595724074f,-0.940660088215008f,0.771397019304398f,-0.5405250609006256f,-0.33582629013623283f,1.7747507516920797f,0f,0f,0f,1f], start_interpolation: 0, interpolation_duration: 1 }
$data merge entity $(bone_chain4) { transformation: [-0.2459201517079148f,-0.6486413957258726f,-0.7202691293778656f,-1.1298087320867984f,-0.38885252814979926f,-0.6146516104225015f,0.6862922913427891f,2.460745351509881f,-0.8878721700422118f,0.44885157630982897f,-0.10107062930800399f,-1.0643809028457745f,0f,0f,0f,1f], start_interpolation: 0, interpolation_duration: 1 }
$data merge entity $(bone_chain3) { transformation: [0.05024792414353244f,-0.8332063763330602f,0.5506743870539083f,-1.1316935784230788f,0.9323835134288359f,-0.1584841452085506f,-0.3248749907327671f,1.2805847382722426f,0.3579610733101662f,0.5297640136470643f,0.7689043892703359f,-1.7009499463605184f,0f,0f,0f,1f], start_interpolation: 0, interpolation_duration: 1 }
$data merge entity $(bone_chain2) { transformation: [0.1674064162398817f,0.9823845899545474f,0.08303980504285312f,-3.344406994840078f,0.6199603979254016f,-0.039405942275056546f,-0.7836429523179498f,0.7951054120992597f,-0.7665664986195895f,0.18266824883720367f,-0.6156363488788267f,-2.6744297394794865f,0f,0f,0f,1f], start_interpolation: 0, interpolation_duration: 1 }
$data merge entity $(bone_chain) { transformation: [0.2520624360044586f,-0.3855642043105887f,-0.8934767065842266f,-2.1594153476064286f,0.5153160073101599f,0.8641133006682805f,-0.2011875657368176f,0.24276531908377852f,0.8190933652309813f,-0.4249883812587959f,0.40152576279025676f,-1.7155568073985317f,0f,0f,0f,1f], start_interpolation: 0, interpolation_duration: 1 }