# This file was generated by Animated Java via MC-Build. It is not recommended to edit this file directly.
$data merge entity $(bone_chain13) { transformation: [0.9894061072475748f,-0.14319969041887096f,0.023862179387888427f,2.5176905307766537f,0.13713790993908323f,0.8679948743402558f,-0.47726103106851625f,2.620004098896994f,0.04763138249872778f,0.4754773882983111f,0.8784375359798079f,-0.37895079627245154f,0f,0f,0f,1f], start_interpolation: 0, interpolation_duration: 1 }
$data merge entity $(bone_chain14) { transformation: [0.8258305152448374f,0.4826306793973795f,0.2916703402728334f,2.3219474415743284f,0.07924623280213342f,0.41276481875569004f,-0.9073837330392541f,0.7546840305147513f,-0.5583224826899922f,0.7724589514673296f,0.302627119770977f,-1.5163205807627098f,0f,0f,0f,1f], start_interpolation: 0, interpolation_duration: 1 }
$data merge entity $(bone_chain15) { transformation: [0.6238096989008501f,-0.6181128281477508f,0.4783283299538301f,1.8703219465309973f,-0.7497819940829213f,-0.6460545661248447f,0.1429701330288159f,0.20693698598745874f,0.22065452840644148f,-0.44782812469565636f,-0.8664649732247129f,0.17127084743549037f,0f,0f,0f,1f], start_interpolation: 0, interpolation_duration: 1 }
$data merge entity $(bone_chain16) { transformation: [-0.4263988541019825f,0.8984762045002027f,-0.10452046291241719f,1.708653481308215f,-0.5838372288401718f,-0.3616359410080858f,-0.7268793134980693f,-0.8445760032277416f,-0.6908821226813913f,-0.24891756892213487f,0.6787650082621738f,-1.9059967116693093f,0f,0f,0f,1f], start_interpolation: 0, interpolation_duration: 1 }
$data merge entity $(bone_chain9) { transformation: [0.9691706717445792f,-0.19827193160111672f,-0.1462752548086085f,0.14881301206524566f,-0.10017157832552329f,-0.8594672342443528f,0.5012800895269393f,2.7322703809807365f,-0.2251085603124297f,-0.4711733379548603f,-0.852831649081189f,2.1082000956504836f,0f,0f,0f,1f], start_interpolation: 0, interpolation_duration: 1 }
$data merge entity $(bone_chain10) { transformation: [-0.24405993647550664f,0.964605738671297f,0.09985247282853435f,0.6050079594799735f,0.5866164897375118f,0.06485791289495703f,0.8072636156194267f,1.2901143548486813f,0.77221489326198f,0.2555958138493502f,-0.5816828505010931f,2.36124332071875f,0f,0f,0f,1f], start_interpolation: 0, interpolation_duration: 1 }
$data merge entity $(bone_chain11) { transformation: [-0.3946455115224653f,0.16747904301176875f,0.9034410276199737f,2.5730864933525335f,0.881503185493593f,-0.2084064257086668f,0.4236967024747611f,-0.03540458156935733f,0.25924323366255864f,0.9635961456311456f,-0.06538664943992709f,1.9266573035735903f,0f,0f,0f,1f], start_interpolation: 0, interpolation_duration: 1 }
$data merge entity $(bone_chain12) { transformation: [-0.06696969119737245f,0.7695534820700157f,-0.6350610196625538f,2.326274015202871f,-0.904811167971133f,-0.3150961106267585f,-0.28641087860380493f,-1.131762673074501f,-0.4205137462386247f,0.5554294548381491f,0.7174024741541905f,1.8044815291694822f,0f,0f,0f,1f], start_interpolation: 0, interpolation_duration: 1 }
$data merge entity $(bone_chain5) { transformation: [0.5523040749325732f,-0.8203570999899158f,-0.14823777288197923f,-1.616992792725111f,0.7774116744986266f,0.44264060624725654f,0.4468784869003007f,1.866596609874516f,-0.30098388190418995f,-0.36205458455486533f,0.8822273973509821f,1.5137738903895666f,0f,0f,0f,1f], start_interpolation: 0, interpolation_duration: 1 }
$data merge entity $(bone_chain6) { transformation: [0.03977755732465492f,-0.9916792006894956f,0.1224341000421355f,-2.227228283547996f,0.5373989492198024f,-0.08206850823343495f,-0.8393254013395468f,1.3122913756097934f,0.8423895270661528f,0.09918227097713844f,0.5296628756228643f,2.030651509531078f,0f,0f,0f,1f], start_interpolation: 0, interpolation_duration: 1 }
$data merge entity $(bone_chain7) { transformation: [-0.7812612196789925f,-0.02806698230358312f,0.6235728915933271f,-2.6444341153187385f,0.6240932784578729f,-0.05395649238696831f,0.7794846224993783f,0.24272740880996485f,0.011768024872370109f,0.9981487571668187f,0.059670530054105636f,2.202757879792455f,0f,0f,0f,1f], start_interpolation: 0, interpolation_duration: 1 }
$data merge entity $(bone_chain8) { transformation: [0.1400323636518384f,-0.3635630092728761f,0.9209847313710098f,-2.5340770255818827f,-0.6456564271268973f,-0.7387201033724562f,-0.19344349816708334f,-1.0232543046410285f,0.7506788362807422f,-0.5675513608140146f,-0.3381815157550029f,1.790808709223095f,0f,0f,0f,1f], start_interpolation: 0, interpolation_duration: 1 }
$data merge entity $(bone_chain4) { transformation: [-0.2866065294030463f,-0.6664429501071903f,-0.6882662940722621f,-1.1751197777398135f,-0.37969256940985086f,-0.5805621080259951f,0.7202646676461077f,2.347960888923345f,-0.8795966405338791f,0.4677621542801829f,-0.0866505452070336f,-1.091330898569432f,0f,0f,0f,1f], start_interpolation: 0, interpolation_duration: 1 }
$data merge entity $(bone_chain3) { transformation: [0.11651015034577611f,-0.8441899886975541f,0.5232290586819778f,-1.1399592446482545f,0.9285243701489627f,-0.09440174571954185f,-0.3590693588216283f,1.1872504964715505f,0.3525164945160396f,0.5276661571371872f,0.772852215954769f,-1.7234327747545755f,0f,0f,0f,1f], start_interpolation: 0, interpolation_duration: 1 }
$data merge entity $(bone_chain2) { transformation: [0.17889184200182284f,0.9808208679536159f,0.07738303335945691f,-3.3962637480625375f,0.616999413793826f,-0.05057438749489343f,-0.7853368415575521f,0.6789996300196612f,-0.7663611630577782f,0.1882356403984969f,-0.6142132459012078f,-2.731275357055097f,0f,0f,0f,1f], start_interpolation: 0, interpolation_duration: 1 }
$data merge entity $(bone_chain) { transformation: [0.20170976005630692f,-0.44778463066075436f,-0.8795261962634682f,-2.2195616964397322f,0.5467313079109525f,0.8255813107876488f,-0.26398388206120493f,0.17284546230429126f,0.8126487861604212f,-0.444286173282998f,0.3959118337435886f,-1.7358251007849268f,0f,0f,0f,1f], start_interpolation: 0, interpolation_duration: 1 }