# This file was generated by Animated Java via MC-Build. It is not recommended to edit this file directly.
$data merge entity $(bone_chain13) { transformation: [0.9680065426294695f,-0.2383166385074676f,0.07853988309796611f,2.570785670496554f,0.23922763325832277f,0.7820567583462851f,-0.575462740940299f,2.541136390895511f,0.07571969963069412f,0.5758406086196086f,0.8140479841830187f,-0.39008163659648176f,0f,0f,0f,1f], start_interpolation: 0, interpolation_duration: 1 }
$data merge entity $(bone_chain14) { transformation: [0.8195171392661781f,0.4906031976967189f,0.2961421294897671f,2.361224373932433f,0.02342492310184649f,0.4876665145945924f,-0.8727156716370086f,0.6652769201654181f,-0.5725756992980512f,0.7221425572232373f,0.3881587247769025f,-1.5613775048245988f,0f,0f,0f,1f], start_interpolation: 0, interpolation_duration: 1 }
$data merge entity $(bone_chain15) { transformation: [0.5321979065410096f,-0.7182507341584872f,0.44819780360256284f,1.9076392565896336f,-0.8180429393495595f,-0.5726472612504804f,0.053673676626976446f,0.11091675174834265f,0.21810808708917717f,-0.39521006700629296f,-0.8923216153849358f,0.19034324009516268f,0f,0f,0f,1f], start_interpolation: 0, interpolation_duration: 1 }
$data merge entity $(bone_chain16) { transformation: [-0.41236784119104863f,0.9099531864736072f,-0.04402228955839333f,1.720916726705048f,-0.6091188871000874f,-0.3113255646273063f,-0.7294179694711667f,-0.9240249804132965f,-0.6774414697443499f,-0.27397370537337684f,0.6826503232509284f,-1.927380914852392f,0f,0f,0f,1f], start_interpolation: 0, interpolation_duration: 1 }
$data merge entity $(bone_chain9) { transformation: [0.9642277418237338f,-0.22310812627911208f,-0.14313499182844164f,0.15531067324770875f,-0.14352558153405753f,-0.8934035593563195f,0.4257117423501155f,2.655799998419594f,-0.22285706033871777f,-0.3899395390540491f,-0.8934662201446124f,2.1785802061409156f,0f,0f,0f,1f], start_interpolation: 0, interpolation_duration: 1 }
$data merge entity $(bone_chain10) { transformation: [-0.23481212219564124f,0.9701282099205306f,0.06094689152341014f,0.646971683291494f,0.6004910595819237f,0.095467904782921f,0.7939120647266533f,1.187366293260928f,0.7643780181508084f,0.22301824022430597f,-0.6049703380291434f,2.4323650841860576f,0f,0f,0f,1f], start_interpolation: 0, interpolation_duration: 1 }
$data merge entity $(bone_chain11) { transformation: [-0.41015128968029096f,0.2949631598569341f,0.8630021169735372f,2.6261720821188934f,0.8796048913767679f,-0.12209021853227875f,0.459770827265937f,-0.11638607780800175f,0.24097957307551587f,0.9476764811189274f,-0.20937557759774428f,1.9405663330567529f,0f,0f,0f,1f], start_interpolation: 0, interpolation_duration: 1 }
$data merge entity $(bone_chain12) { transformation: [-0.06683106740350706f,0.839461230613213f,-0.5392944007933498f,2.347245128270954f,-0.9085866577188519f,-0.2745592238255453f,-0.31478169900361114f,-1.2180062199656934f,-0.41231528451537397f,0.46895850019981977f,0.7810723598011532f,1.8191571539289306f,0f,0f,0f,1f], start_interpolation: 0, interpolation_duration: 1 }
$data merge entity $(bone_chain5) { transformation: [0.46035448496610093f,-0.8793422293659168f,-0.12178255961087225f,-1.6610710254726382f,0.8363335304288495f,0.38359592170299306f,0.39166362447034564f,1.7376869140157225f,-0.29769107150200663f,-0.28215494414702486f,0.9120134941114505f,1.5721475145666646f,0f,0f,0f,1f], start_interpolation: 0, interpolation_duration: 1 }
$data merge entity $(bone_chain6) { transformation: [0.06492239145693839f,-0.9968327242537478f,0.04593041415406365f,-2.265375859696129f,0.5640311613755182f,-0.0013130594361055875f,-0.8257524598039667f,1.210709654298021f,0.8231973834293307f,0.079516009279698f,0.562159472199246f,2.0830646783833173f,0f,0f,0f,1f], start_interpolation: 0, interpolation_duration: 1 }
$data merge entity $(bone_chain7) { transformation: [-0.7331069470426067f,-0.09210894291715754f,0.6738472726312337f,-2.678154794225583f,0.6800092067366693f,-0.08193040652250974f,0.7286116161854825f,0.15717451455399706f,-0.011903064783244793f,0.992372586845152f,0.1226986794021262f,2.249611593331728f,0f,0f,0f,1f], start_interpolation: 0, interpolation_duration: 1 }
$data merge entity $(bone_chain8) { transformation: [0.18030004130547345f,-0.3110606039412894f,0.9331308567296036f,-2.571490491583398f,-0.663570586453188f,-0.7387417668503513f,-0.11804524007765971f,-1.109334031856125f,0.7260619614739612f,-0.5979146281757126f,-0.3396058384570017f,1.8065822173289234f,0f,0f,0f,1f], start_interpolation: 0, interpolation_duration: 1 }
$data merge entity $(bone_chain4) { transformation: [-0.3258788787652524f,-0.6801845851545238f,-0.6566215702311877f,-1.22284079094022f,-0.37169594074970125f,-0.5464265914088395f,0.7505065674805997f,2.2274430585125162f,-0.8692784847244851f,0.48863781098016335f,-0.07475296432662457f,-1.1189402411257419f,0f,0f,0f,1f], start_interpolation: 0, interpolation_duration: 1 }
$data merge entity $(bone_chain3) { transformation: [0.18606858411925625f,-0.8481385100057287f,0.4960237391991612f,-1.147473384073558f,0.9199933995645329f,-0.026847027492873765f,-0.39101327582639767f,1.0886268262711603f,0.344950180115258f,0.5290938526953977f,0.7752864427283579f,-1.7453468375098173f,0f,0f,0f,1f], start_interpolation: 0, interpolation_duration: 1 }
$data merge entity $(bone_chain2) { transformation: [0.1959614176523929f,0.9786498692344375f,0.06199642117963279f,-3.4476183073078603f,0.6137555282264788f,-0.07309735032233902f,-0.7861049096318432f,0.554414549715472f,-0.7647896928980541f,0.1920968787442192f,-0.6149760278365561f,-2.78947825701183f,0f,0f,0f,1f], start_interpolation: 0, interpolation_duration: 1 }
$data merge entity $(bone_chain) { transformation: [0.15074515552718307f,-0.513087068605825f,-0.8568522572492168f,-2.2830096375701188f,0.5762585614359164f,0.7785212287186132f,-0.329069562042262f,0.09823967135554151f,0.8032446504377689f,-0.46223044641553296f,0.3968846590437026f,-1.7563498072051202f,0f,0f,0f,1f], start_interpolation: 0, interpolation_duration: 1 }