# This file was generated by Animated Java via MC-Build. It is not recommended to edit this file directly.
$data merge entity $(bone_chain13) { transformation: [0.9339081350005641f,-0.3207157820318179f,0.1579777912729746f,2.6241857481874984f,0.34183987893086926f,0.6716554645384036f,-0.6572856564144922f,2.45814989739275f,0.10469523653106987f,0.6678475305871998f,0.7368979463509736f,-0.40166479740002226f,0f,0f,0f,1f], start_interpolation: 0, interpolation_duration: 1 }
$data merge entity $(bone_chain14) { transformation: [0.8078964392088019f,0.5068689444144067f,0.3006446685074666f,2.4004098341441384f,-0.04110285278222231f,0.5573724682398603f,-0.8292445279538292f,0.5725098984911181f,-0.5878893594945416f,0.6575863478178596f,0.47113299200615f,-1.608246678807121f,0f,0f,0f,1f], start_interpolation: 0, interpolation_duration: 1 }
$data merge entity $(bone_chain15) { transformation: [0.4305973155471743f,-0.8092038175589013f,0.3997188180354633f,1.9459526617096703f,-0.8755743854509193f,-0.4819864126794834f,-0.03253603440199179f,0.01027445539081584f,0.2189873224317156f,-0.33597362938252034f,-0.9160601906936708f,0.2096621204381618f,0f,0f,0f,1f], start_interpolation: 0, interpolation_duration: 1 }
$data merge entity $(bone_chain16) { transformation: [-0.39727173604335575f,0.9173248094325359f,0.026274735786681915f,1.732746925697342f,-0.6361532802785734f,-0.25464153964287606f,-0.7283314425995326f,-1.0064506225760383f,-0.6614258626119097f,-0.3060602559756286f,0.6847210731241034f,-1.9487593955883202f,0f,0f,0f,1f], start_interpolation: 0, interpolation_duration: 1 }
$data merge entity $(bone_chain9) { transformation: [0.9575480491931417f,-0.24632672908474873f,-0.14974937737705957f,0.1623275921686982f,-0.18447746287081535f,-0.9227807362103791f,0.33829540134589037f,2.575217015426252f,-0.22151704038099446f,-0.2963087164047642f,-0.9290486238100812f,2.251438412885687f,0f,0f,0f,1f], start_interpolation: 0, interpolation_duration: 1 }
$data merge entity $(bone_chain10) { transformation: [-0.22539248244045867f,0.9741483050276685f,0.015274445032401648f,0.6921523691304552f,0.6162991859324108f,0.13041801706490486f,0.7766379170784191f,1.0791453074765078f,0.7545684477092683f,0.18446197612673032f,-0.6297620479872112f,2.506039430453991f,0f,0f,0f,1f], start_interpolation: 0, interpolation_duration: 1 }
$data merge entity $(bone_chain11) { transformation: [-0.4291287210086447f,0.4168770427968646f,0.8012877585452219f,2.6803583381224287f,0.8759594196996312f,-0.02431932038563389f,0.48177138322597146f,-0.20025489733071966f,0.22032620326454563f,0.9086374974900178f,-0.35473125364155333f,1.953322465626191f,0f,0f,0f,1f], start_interpolation: 0, interpolation_duration: 1 }
$data merge entity $(bone_chain12) { transformation: [-0.06846495555829615f,0.8993152770395111f,-0.4319080716353295f,2.3674297234442583f,-0.9128883207979948f,-0.2311027143661345f,-0.33649138051846533f,-1.3072995045714157f,-0.40242696680393836f,0.3712459668413294f,0.8367968501930617f,1.8334287699356762f,0f,0f,0f,1f], start_interpolation: 0, interpolation_duration: 1 }
$data merge entity $(bone_chain5) { transformation: [0.36137460327887116f,-0.9285193887993793f,-0.08520645943040557f,-1.7062881045972327f,0.8860582685108919f,0.31351245386346216f,0.3414830685055858f,1.6016805836705776f,-0.29036036387309916f,-0.19890119631650638f,0.9360177205562639f,1.6330258850572097f,0f,0f,0f,1f], start_interpolation: 0, interpolation_duration: 1 }
$data merge entity $(bone_chain6) { transformation: [0.09699557116910011f,-0.994530413101745f,-0.03874424588571729f,-2.3035039957655394f,0.5915166430903385f,0.08890949365596901f,-0.8013757937977515f,1.103716142048623f,0.800437330539198f,0.054812036575117795f,0.596905118528708f,2.137004790855052f,0f,0f,0f,1f], start_interpolation: 0, interpolation_duration: 1 }
$data merge entity $(bone_chain7) { transformation: [-0.6680142520904437f,-0.17542664269154412f,0.7231752567932745f,-2.7111736256101944f,0.743108325309994f,-0.10589366693222058f,0.6607393950406046f,0.06784065709924181f,-0.0393316139895251f,0.9787808867860169f,0.20109947738211015f,2.2976668207157056f,0f,0f,0f,1f], start_interpolation: 0, interpolation_duration: 1 }
$data merge entity $(bone_chain8) { transformation: [0.22244339584334064f,-0.25979759601678437f,0.9396936440934259f,-2.609167082204057f,-0.6812897220414464f,-0.7308764366725655f,-0.04079153046284731f,-1.1986437338093279f,0.6973974837109546f,-0.6311298150307215f,-0.33957606849263716f,1.8220711585364242f,0f,0f,0f,1f], start_interpolation: 0, interpolation_duration: 1 }
$data merge entity $(bone_chain4) { transformation: [-0.36396847087267437f,-0.6899232022095098f,-0.6257259202427073f,-1.272807342473994f,-0.3648948456971659f,-0.5124827504676652f,0.7773115090211503f,2.0996919115975636f,-0.856958986063072f,0.5112410444458391f,-0.0652218573767955f,-1.14715066956759f,0f,0f,0f,1f], start_interpolation: 0, interpolation_duration: 1 }
$data merge entity $(bone_chain3) { transformation: [0.2582181931774713f,-0.8444886902415915f,0.46921446777161835f,-1.1542668448302458f,0.9061076348578307f,0.043236858473418543f,-0.4208319476010554f,0.9850712029846445f,0.3351004607047116f,0.533825276774518f,0.776362193252672f,-1.766700679515918f,0f,0f,0f,1f], start_interpolation: 0, interpolation_duration: 1 }
$data merge entity $(bone_chain2) { transformation: [0.21842025262356637f,0.9751364937259535f,0.03743543572220212f,-3.4984490241505335f,0.6095257337824649f,-0.10636824998065153f,-0.7855979730453748f,0.4218913536305243f,-0.762083311128649f,0.1944083691611738f,-0.6176037669082723f,-2.848917259570798f,0f,0f,0f,1f], start_interpolation: 0, interpolation_duration: 1 }
$data merge entity $(bone_chain) { transformation: [0.09916668064200465f,-0.5798813603453797f,-0.8250371655741267f,-2.3495356664209948f,0.6038459862438905f,0.7220025996322511f,-0.3944641737613237f,0.019253238460261723f,0.7909083349842697f,-0.47853012218096763f,0.4046130139283798f,-1.7770993419008763f,0f,0f,0f,1f], start_interpolation: 0, interpolation_duration: 1 }