# This file was generated by Animated Java via MC-Build. It is not recommended to edit this file directly.
$data merge entity $(bone_chain13) { transformation: [0.8864331205123593f,-0.3832713259351647f,0.25949838838540307f,2.6778236703205547f,0.44300457065027227f,0.5401004707710038f,-0.7155686073717236f,2.371340172915439f,0.1341017272136667f,0.7492626857043133f,0.6485538948842036f,-0.413665699489702f,0f,0f,0f,1f], start_interpolation: 0, interpolation_duration: 1 }
$data merge entity $(bone_chain14) { transformation: [0.7890071419692032f,0.5313383808698171f,0.3084594867016263f,2.4394709355599833f,-0.11317728787109413f,0.6191698327172737f,-0.7770583116877438f,0.4766485597010226f,-0.6038697139547015f,0.578193949525161f,0.54866485699447f,-1.6567891167918734f,0f,0f,0f,1f], start_interpolation: 0, interpolation_duration: 1 }
$data merge entity $(bone_chain15) { transformation: [0.3205440688507742f,-0.8867820462608759f,0.3329701223142466f,1.985173715151253f,-0.9204457373537279f,-0.3746070939932822f,-0.11157584737415485f,-0.09465129535079397f,0.22367642815447186f,-0.2707159536475131f,-0.9363128365716104f,0.2291961543909512f,0f,0f,0f,1f], start_interpolation: 0, interpolation_duration: 1 }
$data merge entity $(bone_chain16) { transformation: [-0.3809160641015012f,0.9185843603562073f,0.1053837037610595f,1.7441551739702947f,-0.6646007132073221f,-0.1927752180485732f,-0.7219027685988217f,-1.0916171402593164f,-0.6428132264614193f,-0.34502244595866927f,0.6839229983491983f,-1.9701119207126347f,0f,0f,0f,1f], start_interpolation: 0, interpolation_duration: 1 }
$data merge entity $(bone_chain9) { transformation: [0.9494157043031703f,-0.2663911464660402f,-0.1662695928515631f,0.1698301034919768f,-0.2230468858753719f,-0.9447822100958619f,0.2400763674077017f,2.490814357682138f,-0.22104277215917872f,-0.19084635854762255f,-0.9564087830552885f,2.326576243985491f,0f,0f,0f,1f], start_interpolation: 0, interpolation_duration: 1 }
$data merge entity $(bone_chain10) { transformation: [-0.21546575511598473f,0.9758145916688924f,-0.03688347947755858f,0.7403398089603778f,0.6338797034102839f,0.16849618432259839f,0.754854659834074f,0.9658414059099518f,0.7428129172118572f,0.13926564025199453f,-0.6548542215397355f,2.5820632412599056f,0f,0f,0f,1f], start_interpolation: 0, interpolation_duration: 1 }
$data merge entity $(bone_chain11) { transformation: [-0.45135449984659193f,0.528354850200241f,0.7191107478950054f,2.7355361490518617f,0.8702235633694269f,0.08229771874563585f,0.4857345316588902f,-0.2867784977430258f,0.19745902163449008f,0.845025584085562f,-0.4969322861477252f,1.964973236782006f,0f,0f,0f,1f], start_interpolation: 0, interpolation_duration: 1 }
$data merge entity $(bone_chain12) { transformation: [-0.07181035802197215f,0.9466823201884884f,-0.3140634603440788f,2.3868492034479547f,-0.9176176113596617f,-0.18611564847694106f,-0.3511963620463583f,-1.399396353084577f,-0.390923511448653f,0.26297062580172026f,0.8820574007184041f,1.8473036225706139f,0f,0f,0f,1f], start_interpolation: 0, interpolation_duration: 1 }
$data merge entity $(bone_chain5) { transformation: [0.2565518371191667f,-0.9657234253720176f,-0.0394894993449811f,-1.752541551113473f,0.9254320013918353f,0.2336502757075732f,0.29830045166187197f,1.4590785098082248f,-0.2788490015594142f,-0.11307437530011799f,0.9536547698091823f,1.696220652304785f,0f,0f,0f,1f], start_interpolation: 0, interpolation_duration: 1 }
$data merge entity $(bone_chain6) { transformation: [0.137055063184927f,-0.9821018172916676f,-0.1291972527872793f,-2.3415770851251603f,0.6180063947260515f,0.18670808724164673f,-0.7636806834248681f,0.9916964983617367f,0.7741343589668941f,0.02482157591632664f,0.6325344920523676f,2.192340865767097f,0f,0f,0f,1f], start_interpolation: 0, interpolation_duration: 1 }
$data merge entity $(bone_chain7) { transformation: [-0.5838599138163725f,-0.27742708278198663f,0.7629821850983254f,-2.7434952966699004f,0.8088780394220377f,-0.11838491663096853f,0.575935177650262f,-0.0249900319216656f,-0.0694544338332579f,0.9534249971829749f,0.2935248820245844f,2.3468151077430464f,0f,0f,0f,1f], start_interpolation: 0, interpolation_duration: 1 }
$data merge entity $(bone_chain8) { transformation: [0.2663346321347625f,-0.21083374771674168f,0.9405397357631171f,-2.6470569715923347f,-0.6981642849553784f,-0.7149582787660125f,0.03743381942423149f,-1.2909278744496726f,0.6645543581516759f,-0.6666211746169289f,-0.3376147428859706f,1.8372754153724555f,0f,0f,0f,1f], start_interpolation: 0, interpolation_duration: 1 }
$data merge entity $(bone_chain4) { transformation: [-0.4010356893906789f,-0.6957479285015653f,-0.5959070362235406f,-1.3248550031271142f,-0.3592941107805584f,-0.47892260559586863f,0.8009624709108862f,1.9652074994986517f,-0.8426613304248337f,0.5353204253856237f,-0.0579130759984659f,-1.1759039229478625f,0f,0f,0f,1f], start_interpolation: 0, interpolation_duration: 1 }
$data merge entity $(bone_chain3) { transformation: [0.3321476343216362f,-0.8327645582679057f,0.4429234013996102f,-1.1603704750495742f,0.8862648096799055f,0.11482478944410013f,-0.448720352616369f,0.8769411019255746f,0.32281981992681463f,0.5415888276376994f,0.7761887049168141f,-1.787502845662552f,0f,0f,0f,1f], start_interpolation: 0, interpolation_duration: 1 }
$data merge entity $(bone_chain2) { transformation: [0.24605747327833427f,0.9692456585747086f,0.004309661003029746f,-3.548734250165044f,0.6034230109651139f,-0.1497053197789068f,-0.7832426106052268f,0.2819712242086464f,-0.7585093207612401f,0.1953232463481357f,-0.6217012463831384f,-2.9094711849531167f,0f,0f,0f,1f], start_interpolation: 0, interpolation_duration: 1 }
$data merge entity $(bone_chain) { transformation: [0.047009436298769566f,-0.6463965257810683f,-0.783893180381823f,-2.41891627841577f,0.629401406200056f,0.6554007958060655f,-0.45803837771031614f,-0.06380854415881865f,0.7756571296470265f,-0.49264479316578097f,0.4191805414083206f,-1.7980421201139591f,0f,0f,0f,1f], start_interpolation: 0, interpolation_duration: 1 }