# This file was generated by Animated Java via MC-Build. It is not recommended to edit this file directly.
$data merge entity $(bone_chain13) { transformation: [0.8252563220752704f,-0.4194518340158255f,0.37816948821336466f,2.7316323433667926f,0.5405981182772349f,0.3929460161669003f,-0.7438730421877613f,2.281002771990306f,0.16341871799127072f,0.8183236446048242f,0.5510360562529164f,-0.4260497636721501f,0f,0f,0f,1f], start_interpolation: 0, interpolation_duration: 1 }
$data merge entity $(bone_chain14) { transformation: [0.7608968734502135f,0.5628089229516969f,0.32292733581974997f,2.4783747915305057f,-0.19129567004275683f,0.6701238611836037f,-0.71717499767858f,0.3779584980043037f,-0.6200338011726323f,0.48392161236953374f,0.6175580608210762f,-1.706865832860454f,0f,0f,0f,1f], start_interpolation: 0, interpolation_duration: 1 }
$data merge entity $(bone_chain15) { transformation: [0.2039770632742851f,-0.9467587161472683f,0.24908089259751506f,2.0252139701745273f,-0.9509743101162468f,-0.2520391225371739f,-0.17923209034550766f,-0.20352189274215948f,0.23246767335895774f,-0.20031029456787283f,-0.9517534169800521f,0.24891400787999463f,0f,0f,0f,1f], start_interpolation: 0, interpolation_duration: 1 }
$data merge entity $(bone_chain16) { transformation: [-0.3631357767340974f,0.9117429400592926f,0.19198234009345916f,1.7551525672091048f,-0.6940941004085537f,-0.12725266017376158f,-0.708547909641078f,-1.17928874400648f,-0.6215832908257461f,-0.39055290516233243f,0.6790453893779835f,-1.9914182570608776f,0f,0f,0f,1f], start_interpolation: 0, interpolation_duration: 1 }
$data merge entity $(bone_chain9) { transformation: [0.9400881403522537f,-0.2814465414983194f,-0.19241136309396265f,0.1777845418813081f,-0.2592737019179514f,-0.9566614082116384f,0.13257487519242306f,2.40288495086868f,-0.22138526568586986f,-0.07474486147662632f,-0.9723177308987205f,2.4037952275410204f,0f,0f,0f,1f], start_interpolation: 0, interpolation_duration: 1 }
$data merge entity $(bone_chain10) { transformation: [-0.2047145005418043f,0.9741836121399382f,-0.09517490796371444f,0.7913237947447828f,0.6530333684704078f,0.20836160685374283f,0.7281022321443043f,0.8478445969757927f,0.7291360592729672f,0.08690069405538844f,-0.6788290480235653f,2.6602333983411564f,0f,0f,0f,1f], start_interpolation: 0, interpolation_duration: 1 }
$data merge entity $(bone_chain11) { transformation: [-0.4765668601957969f,0.6246950435066916f,0.6185791221673203f,2.791596402595915f,0.8620350999932652f,0.1939346152491928f,0.46827860445225267f,-0.37572433665043464f,0.17256741912284984f,0.7564029796519318f,-0.6309318649671756f,1.9755661820242987f,0f,0f,0f,1f], start_interpolation: 0, interpolation_duration: 1 }
$data merge entity $(bone_chain12) { transformation: [-0.07681252516011586f,0.979274028425515f,-0.18740921330017438f,2.4055249710072153f,-0.9226620484220824f,-0.14105386405903342f,-0.3588851513166603f,-1.4940505916980844f,-0.37788170156821976f,0.1453484939216069f,0.9143736845155964f,1.86078895721464f,0f,0f,0f,1f], start_interpolation: 0, interpolation_duration: 1 }
$data merge entity $(bone_chain5) { transformation: [0.14727749274519253f,-0.9889968781509952f,0.013946868403894218f,-1.799728886035937f,0.953468393372873f,0.14570889269884996f,0.2639449590869795f,1.3103815833978087f,-0.26307292329246273f,-0.025575253587418818f,0.9644369048487815f,1.7615434667529728f,0f,0f,0f,1f], start_interpolation: 0, interpolation_duration: 1 }
$data merge entity $(bone_chain6) { transformation: [0.18580212088824555f,-0.9570970515010646f,-0.22235738324012946f,-2.379559521143925f,0.6413430820673184f,0.28957386705783306f,-0.710511102377412f,0.8750363827374988f,0.744416968477897f,-0.010592899751279928f,0.6676310115003918f,2.2489419219402684f,0f,0f,0f,1f], start_interpolation: 0, interpolation_duration: 1 }
$data merge entity $(bone_chain7) { transformation: [-0.47909674037648403f,-0.3947949462057244f,0.783966366504997f,-2.775124494602028f,0.8719384571399987f,-0.11134331230523686f,0.47678715771842806f,-0.12103342087608981f,-0.1009437483004594f,0.911997597176285f,0.39758111426944787f,2.396948000212407f,0f,0f,0f,1f], start_interpolation: 0, interpolation_duration: 1 }
$data merge entity $(bone_chain8) { transformation: [0.3117343405817634f,-0.1652343569918982f,0.9356918874135478f,-2.685110333896707f,-0.7135469049429489f,-0.6909874586945901f,0.11570283649561383f,-1.3859309177261925f,0.6274332756145402f,-0.703728597682563f,-0.3333069838082335f,1.8521948703638769f,0f,0f,0f,1f], start_interpolation: 0, interpolation_duration: 1 }
$data merge entity $(bone_chain4) { transformation: [-0.43717738835405034f,-0.697774646965647f,-0.5674385192810747f,-1.3788193436855576f,-0.3548822497520163f,-0.4458941722385338f,0.8217280425874853f,1.8244898735359447f,-0.826398523669349f,0.5606147779141035f,-0.05269298683355428f,-1.205141740319447f,0f,0f,0f,1f], start_interpolation: 0, interpolation_duration: 1 }
$data merge entity $(bone_chain3) { transformation: [0.4069465984231996f,-0.8126007208358619f,0.41722240415493633f,-1.1658151228628004f,0.8599662100082492f,0.18681960387064064f,-0.47492794532819893f,0.7645939984075217f,0.3079814664486076f,0.5520674814790806f,0.7748347644611143f,-1.807761880839394f,0f,0f,0f,1f], start_interpolation: 0, interpolation_duration: 1 }
$data merge entity $(bone_chain2) { transformation: [0.27857907134012583f,0.9597118778722113f,-0.036698943884894704f,-3.5984523369258823f,0.5944059216783301f,-0.2023023240445777f,-0.7783028780364989f,0.1351953438936675f,-0.754370798271651f,0.1950048234202331f,-0.6268156168745604f,-2.971018853379899f,0f,0f,0f,1f], start_interpolation: 0, interpolation_duration: 1 }
$data merge entity $(bone_chain) { transformation: [-0.005648573088529882f,-0.7107471832000084f,-0.7335196297251823f,-2.4909279689778527f,0.6528042347198697f,0.578470693866758f,-0.5175560362776652f,-0.1506403842789693f,0.7575055938762887f,-0.503815191748486f,0.44055045354690486f,-1.8191465570861332f,0f,0f,0f,1f], start_interpolation: 0, interpolation_duration: 1 }