# This file was generated by Animated Java via MC-Build. It is not recommended to edit this file directly.
$data merge entity $(bone_chain13) { transformation: [0.7504462446574804f,-0.4240724040125651f,0.5069447997903609f,2.7855446737972804f,0.6324062285918669f,0.23782177515534308f,-0.7372266715876286f,2.187433249144081f,0.19207497473043386f,0.8738440360939504f,0.4466584877345757f,-0.43878241075399504f,0f,0f,0f,1f], start_interpolation: 0, interpolation_duration: 1 }
$data merge entity $(bone_chain14) { transformation: [0.7217416464794475f,0.5988535417280891f,0.34707842240170983f,2.5170885154062437f,-0.27356762563661896f,0.7074163757708877f,-0.651707622707242f,0.27670530761013434f,-0.63580637771312f,0.3754151127097921f,0.6743988013100374f,-1.7583378410944595f,0f,0f,0f,1f], start_interpolation: 0, interpolation_duration: 1 }
$data merge entity $(bone_chain15) { transformation: [0.0831885352920714f,-0.9851351260543244f,0.1502945475055243f,2.0659849800396373f,-0.9658096592843214f,-0.11686248595938163f,-0.2314192330133706f,-0.3159987290489512f,0.24554300973365784f,-0.12590449868580472f,-0.9611746394810952f,0.26878434683175556f,0f,0f,0f,1f], start_interpolation: 0, interpolation_duration: 1 }
$data merge entity $(bone_chain16) { transformation: [-0.34380152500170946f,0.8949450191065078f,0.28438341052697064f,1.7657502010989696f,-0.7242428691532588f,-0.05993991750422557f,-0.6869348388095065f,-1.2692296443608773f,-0.5977229942767424f,-0.44213190233915395f,0.6687649834185447f,-2.0126581714685896f,0f,0f,0f,1f], start_interpolation: 0, interpolation_duration: 1 }
$data merge entity $(bone_chain9) { transformation: [0.9297968757198235f,-0.2894512761579729f,-0.22736694709692634f,0.18615724200045458f,-0.2932141455042949f,-0.9558807309091215f,0.017818337543947987f,2.3117217206673066f,-0.22249322411669475f,0.05009977053006148f,-0.9736461257638699f,2.482896891652965f,0f,0f,0f,1f], start_interpolation: 0, interpolation_duration: 1 }
$data merge entity $(bone_chain10) { transformation: [-0.1928454224346192f,0.9682363081068578f,-0.15915116936301546f,0.8448941184471895f,0.6735253843916946f,0.2485693681029146f,0.6961155262030416f,0.7255448890885637f,0.7135644327081004f,0.027050340192310143f,-0.7000671963957796f,2.7403467834350956f,0f,0f,0f,1f], start_interpolation: 0, interpolation_duration: 1 }
$data merge entity $(bone_chain11) { transformation: [-0.5044581531152166f,0.7017427743381139f,0.5030696278049706f,2.848429986443309f,0.8510279859722013f,0.30567732325661545f,0.4269809610963576f,-0.46685987165845966f,0.14585382699018723f,0.6435203592046776f,-0.7514041578547455f,1.9851488368531698f,0f,0f,0f,1f], start_interpolation: 0, interpolation_duration: 1 }
$data merge entity $(bone_chain12) { transformation: [-0.08341987136122103f,0.9950462828001696f,-0.05407420963492786f,2.4234784288472104f,-0.927898346155418f,-0.09734869764342885f,-0.3598998336609342f,-1.591016046604845f,-0.3633810455487698f,0.020152571862991006f,0.9314226159929709f,1.8738920192486495f,0f,0f,0f,1f], start_interpolation: 0, interpolation_duration: 1 }
$data merge entity $(bone_chain5) { transformation: [0.03511729474984603f,-0.9966939934853827f,0.07326567381531106f,-1.8477476303792022f,0.9693867353094727f,0.05179820868249551f,0.24001313085605597f,1.1560906954084769f,-0.24301467654340134f,0.06259416048996752f,0.9680009494091734f,1.8288059788453537f,0f,0f,0f,1f], start_interpolation: 0, interpolation_duration: 1 }
$data merge entity $(bone_chain6) { transformation: [0.2434679541130561f,-0.9175046279791707f,-0.31449739737683985f,-2.417415697190764f,0.6591322086731066f,0.39438983816299683f,-0.6403135068413576f,0.7541214546760481f,0.7115251835386537f,-0.051399544653318335f,0.7007781389282317f,2.3066769781953806f,0f,0f,0f,1f], start_interpolation: 0, interpolation_duration: 1 }
$data merge entity $(bone_chain7) { transformation: [-0.3532011755520842f,-0.5206988630740627f,0.7772526124639303f,-2.8060659066039024f,0.926158966103242f,-0.07720496894035855f,0.3691462613619328f,-0.22000537813139476f,-0.13220627479510894f,0.8502423694243291f,0.5095188064640042f,2.4479570439224454f,0f,0f,0f,1f], start_interpolation: 0, interpolation_duration: 1 }
$data merge entity $(bone_chain8) { transformation: [0.3582915307668291f,-0.12403647382847449f,0.9253335248119788f,-2.7232773432656483f,-0.7268116062535984f,-0.6591429880076096f,0.19306840853817797f,-1.4833973275879204f,0.5859795798454301f,-0.7417179211267574f,-0.32631649894477394f,1.866829406037546f,0f,0f,0f,1f], start_interpolation: 0, interpolation_duration: 1 }
$data merge entity $(bone_chain4) { transformation: [-0.4724351666456326f,-0.6961417993955125f,-0.5405475080424396f,-1.4345359349353006f,-0.3516388694588901f,-0.41350416213749586f,0.8398597581624212f,1.6780390850296127f,-0.8081801276956684f,0.5868567994232878f,-0.04943660757442517f,-1.234805860735229f,0f,0f,0f,1f], start_interpolation: 0, interpolation_duration: 1 }
$data merge entity $(bone_chain3) { transformation: [0.4816185720381181f,-0.7837639073154924f,0.39211948262935903f,-1.1706316364011806f,0.8268382447944542f,0.25806582005092604f,-0.4997404821171377f,0.6483873677440583f,0.2904859170651655f,0.5649036821538652f,0.7723352652027581f,-1.8274863299361175f,0f,0f,0f,1f], start_interpolation: 0, interpolation_duration: 1 }
$data merge entity $(bone_chain2) { transformation: [0.3155391719777881f,0.945114404052963f,-0.0848162378273431f,-3.6475816360075353f,0.5813164350428597f,-0.2631762073990064f,-0.7699412225671096f,-0.017895104870581213f,-0.750004155519576f,0.19364154283285323f,-0.6324529386386626f,-3.033439085072261f,0f,0f,0f,1f], start_interpolation: 0, interpolation_duration: 1 }
$data merge entity $(bone_chain) { transformation: [-0.058683878827230036f,-0.7710133707164314f,-0.6743451394106836f,-2.565347233530651f,0.6739174025569256f,0.49140594733513476f,-0.5707376748440921f,-0.24093698967745925f,0.7364723599000291f,-0.5111027858554151f,0.4685265621784376f,-1.8403810680591624f,0f,0f,0f,1f], start_interpolation: 0, interpolation_duration: 1 }