# This file was generated by Animated Java via MC-Build. It is not recommended to edit this file directly.
$data merge entity $(bone_chain13) { transformation: [0.6624927087660673f,-0.3940116494554067f,0.6370700361225821f,2.8394935680830864f,0.7161971091598853f,0.08400219416656096f,-0.692824171205239f,2.0909271589034923f,0.21946551360708416f,0.9152586800837417f,0.33784084547097815f,-0.4518290615418662f,0f,0f,0f,1f], start_interpolation: 0, interpolation_duration: 1 }
$data merge entity $(bone_chain14) { transformation: [0.6699767558966977f,0.6358470299027765f,0.38318363890170803f,2.5555792205377363f,-0.357698753638479f,0.7287760396382356f,-0.5838981809311342f,0.1731545827276849f,-0.6505249789236501f,0.2541338989844263f,0.7157046969130202f,-1.8110661555754872f,0f,0f,0f,1f], start_interpolation: 0, interpolation_duration: 1 }
$data merge entity $(bone_chain15) { transformation: [-0.03924561656424282f,-0.9984303647750858f,0.039957330686389333f,2.107398298006728f,-0.9640083240532185f,0.02730861582642314f,-0.26446585915340676f,-0.4317431965368424f,0.2629595648319285f,-0.048898325091294034f,-0.9635669260962981f,0.2887758371726977f,0f,0f,0f,1f], start_interpolation: 0, interpolation_duration: 1 }
$data merge entity $(bone_chain16) { transformation: [-0.32282499804215364f,0.8665887963626763f,0.3805363039944702f,1.775959171325087f,-0.7546380186112069f,0.006987656665515207f,-0.6561041331380841f,-1.3612040518658577f,-0.5712315480657868f,-0.49897397795176995f,0.6517050619884365f,-2.0338114307713124f,0f,0f,0f,1f], start_interpolation: 0, interpolation_duration: 1 }
$data merge entity $(bone_chain9) { transformation: [0.9187485592201627f,-0.2883391206836059f,-0.2697436494419842f,0.19491453851317975f,-0.3249374987734236f,-0.9402551991841407f,-0.10166504954045497f,2.2176175927594466f,-0.2243138578459799f,0.181054444548033f,-0.9575503022231557f,2.56368276442202f,0f,0f,0f,1f], start_interpolation: 0, interpolation_duration: 1 }
$data merge entity $(bone_chain10) { transformation: [-0.17959536233895174f,0.9568976445145891f,-0.22823760371326035f,0.9008405720311194f,0.6950888059860971f,0.2876139541469463f,0.6588852443125282f,0.599332290662796f,0.6961300579770724f,-0.040312669254080974f,-0.7167829734853142f,2.8222002782790794f,0f,0f,0f,1f], start_interpolation: 0, interpolation_duration: 1 }
$data merge entity $(bone_chain11) { transformation: [-0.5346695674756666f,0.7562692840690081f,0.3770745597214612f,2.905927788282767f,0.836847983649487f,0.4117808606062002f,0.36072423691818295f,-0.5599525603726152f,0.11753257368564596f,0.5084223567194577f,-0.8530491201042651f,1.99376873676872f,0f,0f,0f,1f], start_interpolation: 0, interpolation_duration: 1 }
$data merge entity $(bone_chain12) { transformation: [-0.09158102134918472f,0.9923022354100539f,0.08336180257677922f,2.4407309796931114f,-0.9331953939600819f,-0.056308790855484486f,-0.35493052385513546f,-1.6900465439977674f,-0.34750434993008034f,-0.11029775007951452f,0.9311686920784381f,1.886620054053538f,0f,0f,0f,1f], start_interpolation: 0, interpolation_duration: 1 }
$data merge entity $(bone_chain5) { transformation: [-0.07822628145107852f,-0.9875790579800678f,0.13626537758924023f,-1.8964953051578466f,0.972644900989823f,-0.04561522191275225f,0.22777433592998816f,0.9967067368093725f,-0.21872938867201502f,0.1503557640034191f,0.9641320442564463f,1.8978198390255105f,0f,0f,0f,1f], start_interpolation: 0, interpolation_duration: 1 }
$data merge entity $(bone_chain6) { transformation: [0.3097160526085939f,-0.8619762293049069f,-0.40133894262810527f,-2.4551100066346105f,0.668850208354508f,0.4975126878233628f,-0.5523771576005875f,0.6293373736775205f,0.6758071955378119f,-0.09735556259437703f,0.730620646362564f,2.3654150533532494f,0f,0f,0f,1f], start_interpolation: 0, interpolation_duration: 1 }
$data merge entity $(bone_chain7) { transformation: [-0.20710026927737415f,-0.6445128257649385f,0.7360113422289994f,-2.836324219872851f,0.9649110739301197f,-0.010436557445141159f,0.26236939165176576f,-0.32162177205494513f,-0.1614190133542589f,0.7645222663161543f,0.6240589767278003f,2.499733784671819f,0f,0f,0f,1f], start_interpolation: 0, interpolation_duration: 1 }
$data merge entity $(bone_chain8) { transformation: [0.4055482450403692f,-0.08821275667202828f,0.9098071941378556f,-2.761508173847635f,-0.7373738444640419f,-0.6197885685456201f,0.2685925237241155f,-1.5830715679838918f,0.5401948115680075f,-0.7797952550897524f,-0.31639994578778385f,1.8811789049203225f,0f,0f,0f,1f], start_interpolation: 0, interpolation_duration: 1 }
$data merge entity $(bone_chain4) { transformation: [-0.5068039338171059f,-0.6910072701885442f,-0.515420920427259f,-1.4918403476623214f,-0.3495390982827224f,-0.3818214102342429f,0.8555903397411843f,1.5263551852998192f,-0.7880178877660124f,0.6137763136789411f,-0.04802546540620031f,-1.2648380232480954f,0f,0f,0f,1f], start_interpolation: 0, interpolation_duration: 1 }
$data merge entity $(bone_chain3) { transformation: [0.555098886890182f,-0.7461721105607704f,0.3675491901699222f,-1.1748508637959718f,0.7866516469639435f,0.3273672863505625f,-0.5234594981050432f,0.5286786852487553f,0.2702672975078475f,0.5797049605176361f,0.7686987359486487f,-1.8466847378423976f,0f,0f,0f,1f], start_interpolation: 0, interpolation_duration: 1 }
$data merge entity $(bone_chain2) { transformation: [0.35627483199646326f,0.923960440425416f,-0.13915943595302308f,-3.696100498984492f,0.5629306156174294f,-0.33111846590401883f,-0.7572778113334304f,-0.17675893964027245f,-0.745772999032865f,0.19146191805745782f,-0.6380947953457117f,-3.0966107002513157f,0f,0f,0f,1f], start_interpolation: 0, interpolation_duration: 1 }
$data merge entity $(bone_chain) { transformation: [-0.11192790418733886f,-0.825331059807376f,-0.6071499890859058f,-2.641950567497574f,0.6925987418244614f,0.39487879630360934f,-0.6153421539174599f,-0.3343930681315588f,0.7125862243177337f,-0.5134398067101217f,0.5027155501525751f,-1.8617140682748112f,0f,0f,0f,1f], start_interpolation: 0, interpolation_duration: 1 }