# This file was generated by Animated Java via MC-Build. It is not recommended to edit this file directly.
$data merge entity $(bone_chain13) { transformation: [0.5623181992976035f,-0.3287941024574729f,0.7587441472116181f,2.8934119326952783f,0.7898019592304957f,-0.05827268801540353f,-0.6105875523028044f,1.9917800557952703f,0.2449716472050818f,0.9426021069468519f,0.22691443331129177f,-0.4651551368423923f,0f,0f,0f,1f], start_interpolation: 0, interpolation_duration: 1 }
$data merge entity $(bone_chain14) { transformation: [0.6044330706695682f,0.66917428374728f,0.43228051199686485f,2.593814020275521f,-0.4410090583580878f,0.7329488296472976f,-0.5179739603153515f,0.0675719175661289f,-0.6634543492412042f,0.12244096981799543f,0.7381304325002181f,-1.8649117903851344f,0f,0f,0f,1f], start_interpolation: 0, interpolation_duration: 1 }
$data merge entity $(bone_chain15) { transformation: [-0.16055329552406744f,-0.9839737043716933f,-0.07757827274056303f,2.1493654773359445f,-0.9450939779341945f,0.17592287362297684f,-0.27540609181489517f,-0.5504166874715035f,0.28464014504085994f,0.02910140273735734f,-0.9581926195655216f,0.30885714482928395f,0f,0f,0f,1f], start_interpolation: 0, interpolation_duration: 1 }
$data merge entity $(bone_chain16) { transformation: [-0.30016314702351016f,0.8254436838151906f,0.4780636045742765f,1.7857905735726556f,-0.7848582698353493f,0.07111498634686586f,-0.6155811522357933f,-1.4549761770647691f,-0.5421250607009461f,-0.5599869494608716f,0.6265102034232983f,-2.0548578018045873f,0f,0f,0f,1f], start_interpolation: 0, interpolation_duration: 1 }
$data merge entity $(bone_chain9) { transformation: [0.9071262205399541f,-0.27620428621734205f,-0.31754245745107434f,0.2040227660832462f,-0.3545231957438827f,-0.9080922674589111f,-0.22289400499088752f,2.1208654928265283f,-0.22679357065058814f,0.3147691631283182f,-0.9216751327094893f,2.645954373948876f,0f,0f,0f,1f], start_interpolation: 0, interpolation_duration: 1 }
$data merge entity $(bone_chain10) { transformation: [-0.16473683184479299f,0.9390620504700113f,-0.30170223996649037f,0.9589529474600919f,0.7174288435082612f,0.32399167040637306f,0.6167051580858445f,0.469596810113023f,0.6768734229796136f,-0.114855835177607f,-0.7270835621780452f,2.905590764610461f,0f,0f,0f,1f], start_interpolation: 0, interpolation_duration: 1 }
$data merge entity $(bone_chain11) { transformation: [-0.5667885143684684f,0.7863033089077268f,0.2459225210930147f,2.9639806958030097f,0.8191684918150283f,0.5060444062345886f,0.2699667404258798f,-0.6547698603984153f,0.08782802512567509f,0.35446602844199676f,-0.9309350528812852f,2.00147341727105f,0f,0f,0f,1f], start_interpolation: 0, interpolation_duration: 1 }
$data merge entity $(bone_chain12) { transformation: [-0.10124207450083522f,0.9697941502547135f,0.2219219423187033f,2.457304026270089f,-0.9384171412113573f,-0.019023219197596405f,-0.3449802693083531f,-1.790895910069758f,-0.33033817737505144f,-0.2431818728094238f,0.9119974042207746f,1.8989803070102012f,0f,0f,0f,1f], start_interpolation: 0, interpolation_duration: 1 }
$data merge entity $(bone_chain5) { transformation: [-0.1909587154818521f,-0.9609123459099264f,0.20045506344166863f,-1.9458694313864477f,0.9629653452724212f,-0.14378581111758976f,0.2280863527825013f,0.8327305985696438f,-0.19034839843268408f,0.23658635632499853f,0.9527824427512155f,1.9683966977370249f,0f,0f,0f,1f], start_interpolation: 0, interpolation_duration: 1 }
$data merge entity $(bone_chain6) { transformation: [0.3835725741575625f,-0.7900343409014563f,-0.4782445196241589f,-2.4926068428443973f,0.6679859983930052f,0.5949333759739952f,-0.4470447227102505f,0.501069799242055f,0.6377043094609295f,-0.1479865478636025f,0.7559320044464135f,2.4250251662346898f,0f,0f,0f,1f], start_interpolation: 0, interpolation_duration: 1 }
$data merge entity $(bone_chain7) { transformation: [-0.04352668369923205f,-0.7523378712592359f,0.6573379308052048f,-2.865904121606199f,0.9814696702431155f,0.09069668077489404f,0.16879395276278988f,-0.4255984710141048f,-0.18660845157445832f,0.6525042831779253f,0.7344490766795507f,2.552169768259185f,0f,0f,0f,1f], start_interpolation: 0, interpolation_duration: 1 }
$data merge entity $(bone_chain8) { transformation: [0.45294890679270994f,-0.05863482031191454f,0.8896062306898932f,-2.7997529997911412f,-0.7447105086614758f,-0.5734705682993476f,0.341376281518781f,-1.6846981028631385f,0.49014645375076993f,-0.8171251220843803f,-0.30341883384874324f,1.8952432495390645f,0f,0f,0f,1f], start_interpolation: 0, interpolation_duration: 1 }
$data merge entity $(bone_chain4) { transformation: [-0.5402403633780948f,-0.6825461219280132f,-0.4922104643525306f,-1.5505681526525967f,-0.34855568923597213f,-0.3508808146433546f,0.8691326627255772f,1.369938225666732f,-0.7659303370923105f,0.6411033031861912f,-0.04834535515863067f,-1.2951799669109318f,0f,0f,0f,1f], start_interpolation: 0, interpolation_duration: 1 }
$data merge entity $(bone_chain3) { transformation: [0.6262776427548581f,-0.6999105528650924f,0.34336792537087474f,-1.17850365317843f,0.7393372008940396f,0.39350871247058006f,-0.5463802673815303f,0.405825426235185f,0.24729904480119697f,0.5960504267239701f,0.7639156178810512f,-1.865365649447908f,0f,0f,0f,1f], start_interpolation: 0, interpolation_duration: 1 }
$data merge entity $(bone_chain2) { transformation: [0.39985046708940475f,0.8947776072797214f,-0.19872754584898694f,-3.743987277431239f,0.538024912160804f,-0.4046569832922814f,-0.7394470364854734f,-0.3408549779715737f,-0.7420571392168824f,0.1887478725272594f,-0.643214927340535f,-3.160412519138177f,0f,0f,0f,1f], start_interpolation: 0, interpolation_duration: 1 }
$data merge entity $(bone_chain) { transformation: [-0.1651698262052555f,-0.8719886707969089f,-0.5330647930314889f,-2.7205144663020286f,0.7087114417899936f,0.290055640313335f,-0.6492616352298557f,-0.430703327418537f,0.6858914059727488f,-0.5096899672601383f,0.5424953967076125f,-1.883113972974844f,0f,0f,0f,1f], start_interpolation: 0, interpolation_duration: 1 }