# This file was generated by Animated Java via MC-Build. It is not recommended to edit this file directly.
$data merge entity $(bone_chain13) { transformation: [0.45127088475207067f,-0.2309427582830988f,0.8619860967391976f,2.9472326741049257f,0.851198916327119f,-0.17867387405028842f,-0.4934937198945891f,1.8902874943461416f,0.26798319614972255f,0.9564209790298703f,0.11594790835941549f,-0.478726057462202f,0f,0f,0f,1f], start_interpolation: 0, interpolation_duration: 1 }
$data merge entity $(bone_chain14) { transformation: [0.5244698536648913f,0.693643052625641f,0.49375164621589906f,2.631760027970136f,-0.5204905682421815f,0.7201329542890602f,-0.4588007154722422f,-0.03977709366536264f,-0.6738107605015364f,-0.016365930804351864f,0.7387226917736105f,-1.9197357596049982f,0f,0f,0f,1f], start_interpolation: 0, interpolation_duration: 1 }
$data merge entity $(bone_chain15) { transformation: [-0.2778676283336023f,-0.9401735092610827f,-0.19713790505115997f,2.1917980712874323f,-0.9090986101049051f,0.3236728959065832f,-0.26225097437526507f,-0.6716805941186079f,0.3103696155063973f,0.10634673920317103f,-0.9446486504681325f,0.32899693572797817f,0f,0f,0f,1f], start_interpolation: 0, interpolation_duration: 1 }
$data merge entity $(bone_chain16) { transformation: [-0.2758211251797437f,0.7707553812979864f,0.5743333954288012f,1.7952555035268727f,-0.8144771790746259f,0.12989494771019722f,-0.5654681488165401f,-1.5503102305009615f,-0.510440625020403f,-0.6237495048170866f,0.5919348980835812f,-2.0757770514039557f,0f,0f,0f,1f], start_interpolation: 0, interpolation_duration: 1 }
$data merge entity $(bone_chain9) { transformation: [0.8950906609301932f,-0.2514967970318095f,-0.3681875470440178f,0.21344825937441747f,-0.3820583329725781f,-0.8583178351438369f,-0.34252288110462353f,2.0217583465499787f,-0.2298785307978208f,0.4472581524765516f,-0.8643587253689855f,2.729513248334225f,0f,0f,0f,1f], start_interpolation: 0, interpolation_duration: 1 }
$data merge entity $(bone_chain10) { transformation: [-0.14808292724766808f,0.913627316378309f,-0.3786245811158209f,1.0190210366976276f,0.7402280436901213f,0.3562794677128278f,0.5701994249567075f,0.33672845585377653f,0.6558459346465887f,-0.19583173300982953f,-0.7290514675617279f,2.990315124166594f,0f,0f,0f,1f], start_interpolation: 0, interpolation_duration: 1 }
$data merge entity $(bone_chain11) { transformation: [-0.6003490710776904f,0.7913696995059397f,0.115390604297028f,3.022479596692759f,0.797706198727165f,0.5822790805967559f,0.1568945276663716f,-0.7510792293413749f,0.056972040233885274f,0.18623928426429187f,-0.9808512199249757f,2.0083104138602614f,0f,0f,0f,1f], start_interpolation: 0, interpolation_duration: 1 }
$data merge entity $(bone_chain12) { transformation: [-0.11234416190199528f,0.9268181230594958f,0.3583112558307538f,2.473218971303314f,-0.9434254240673098f,0.013724808833511709f,-0.3313006170321757f,-1.8933179710137247f,-0.31197316953538656f,-0.3752596386383129f,0.8728418786350071f,1.9109800234995344f,0f,0f,0f,1f], start_interpolation: 0, interpolation_duration: 1 }
$data merge entity $(bone_chain5) { transformation: [-0.30124358303740234f,-0.9165171845354556f,0.2631512001302466f,-1.9957675300795839f,0.9403525607913277f,-0.2397877437281269f,0.24132736970962518f,0.6646631716584336f,-0.158080248899032f,0.32015322645410793f,0.9340838005762888f,2.040348205423478f,0f,0f,0f,1f], start_interpolation: 0, interpolation_duration: 1 }
$data merge entity $(bone_chain6) { transformation: [0.46339670630221563f,-0.7022341959746468f,-0.5404910976067046f,-2.5298705991890564f,0.654208188505516f,0.6825134336802796f,-0.3258635587761934f,0.36970439086978735f,0.5977249690958123f,-0.20258960202783372f,0.7756818384296584f,2.485376335660516f,0f,0f,0f,1f], start_interpolation: 0, interpolation_duration: 1 }
$data merge entity $(bone_chain7) { transformation: [0.13275824085032453f,-0.8285142820330361f,0.5440030642869673f,-2.894810299001273f,0.9695524858809752f,0.2225068061971431f,0.10226777751554258f,-0.5316513433762391f,-0.20577469865935624f,0.5138626330676613f,0.8328276939009785f,2.6051565404832f,0f,0f,0f,1f], start_interpolation: 0, interpolation_duration: 1 }
$data merge entity $(bone_chain8) { transformation: [0.49985433683685493f,-0.03603814149196011f,0.8653594018112899f,-2.8379619952446427f,-0.7483789350576402f,-0.5209076951788194f,0.41058999338206276f,-1.7880213961746954f,0.4359754712221551f,-0.8528519364234893f,-0.28734815647803313f,1.9090223224206309f,0f,0f,0f,1f], start_interpolation: 0, interpolation_duration: 1 }
$data merge entity $(bone_chain4) { transformation: [-0.5726709927456436f,-0.6709489464679432f,-0.47103656471793803f,-1.610554920692104f,-0.34865939477775976f,-0.32068764639228275f,0.8806793172798963f,1.2092882574505155f,-0.7419464674091557f,0.6685708224899851f,-0.05028414078155641f,-1.3257734307766258f,0f,0f,0f,1f], start_interpolation: 0, interpolation_duration: 1 }
$data merge entity $(bone_chain3) { transformation: [0.6940267960637586f,-0.6452436227815557f,0.31935477701955106f,-1.1816208526798126f,0.6849969534827736f,0.45528080277292426f,-0.5687693419530984f,0.2801850660169177f,0.22159869147806924f,0.6134982134335641f,0.7579669927173822f,-1.8835376096423238f,0f,0f,0f,1f], start_interpolation: 0, interpolation_duration: 1 }
$data merge entity $(bone_chain2) { transformation: [0.4450187908630694f,0.8562149788093429f,-0.26240081143412597f,-3.7912203229222667f,0.5054583542555557f,-0.4820348743819211f,-0.7156495175662945f,-0.5096420374206576f,-0.7392361786953047f,0.18584480068627585f,-0.6472955910292004f,-3.2247233619539593f,0f,0f,0f,1f], start_interpolation: 0, interpolation_duration: 1 }
$data merge entity $(bone_chain) { transformation: [-0.21816151715375476f,-0.9095232564854527f,-0.45354340226997064f,-2.800815425367424f,0.7221332846410707f,0.1785846328898747f,-0.670623355509316f,-0.5295624753156645f,0.6564518806787518f,-0.49871877999369657f,0.5869946314088441f,-1.9045491974010251f,0f,0f,0f,1f], start_interpolation: 0, interpolation_duration: 1 }