# This file was generated by Animated Java via MC-Build. It is not recommended to edit this file directly.
$data merge entity $(bone_chain13) { transformation: [0.33109825872877885f,-0.106026759533235f,0.9376205358937337f,3.000888698783098f,0.8985961117911531f,-0.2677705735927196f,-0.34759739324633515f,1.7867450290828384f,0.2879218139366866f,0.9576310595321705f,0.006616863207024787f,-0.4925072442079246f,0f,0f,0f,1f], start_interpolation: 0, interpolation_duration: 1 }
$data merge entity $(bone_chain14) { transformation: [0.43009300876194434f,0.7040887294347498f,0.5650478430160207f,2.6693843569721203f,-0.5929055991993506f,0.6922873563003203f,-0.41134069424842f,-0.14862685675761655f,-0.6807958242029374f,-0.1581052731241846f,0.715206102014077f,-1.9753990773166765f,0f,0f,0f,1f], start_interpolation: 0, interpolation_duration: 1 }
$data merge entity $(bone_chain15) { transformation: [-0.3883373640630481f,-0.8667355074307478f,-0.31299145648296495f,2.2346076331213363f,-0.8565813588110576f,0.464754622383277f,-0.2242131055732012f,-0.7951963087438257f,0.33979768599854465f,0.18103232068374336f,-0.9229110636772607f,0.3491638757952443f,0f,0f,0f,1f], start_interpolation: 0, interpolation_duration: 1 }
$data merge entity $(bone_chain16) { transformation: [-0.24985379806971875f,0.7023282568616144f,0.6665643998923606f,1.8043650568729364f,-0.8430710286544346f,0.18078899436418416f,-0.5065042745726245f,-1.6469704227177813f,-0.4762397717890535f,-0.6885131510221962f,0.5469417890743007f,-2.0965489464049587f,0f,0f,0f,1f], start_interpolation: 0, interpolation_duration: 1 }
$data merge entity $(bone_chain9) { transformation: [0.8827819305417669f,-0.21321192862069757f,-0.4186128719984522f,0.22315735305045636f,-0.407635551201256f,-0.7905780317402201f,-0.4569678688120276f,1.920589079611229f,-0.23351513977855504f,0.5740444662424686f,-0.7848207631495239f,2.8141609156787615f,0f,0f,0f,1f], start_interpolation: 0, interpolation_duration: 1 }
$data merge entity $(bone_chain10) { transformation: [-0.12949146281607266f,0.8795390983503162f,-0.45786781447363867f,1.0808346317072477f,0.7631522816590752f,0.38322500326201325f,0.5203241219407165f,0.20111723629958966f,0.6331118037568888f,-0.2820453356252196f,-0.7208466359745018f,3.076170238684835f,0f,0f,0f,1f], start_interpolation: 0, interpolation_duration: 1 }
$data merge entity $(bone_chain11) { transformation: [-0.6348357302332202f,0.7725975002201568f,-0.008757755010256899f,3.0813153786407375f,0.7722360480048983f,0.6348269017011453f,0.025422254783972587f,-0.8486481248070058f,0.025200828975076056f,0.009375901561442412f,-0.9996384399816161f,2.014327262036454f,0f,0f,0f,1f], start_interpolation: 0, interpolation_duration: 1 }
$data merge entity $(bone_chain12) { transformation: [-0.12482135882722423f,0.8632951029759567f,0.48902064737417483f,2.488497217517958f,-0.9480827541027013f,0.04152438271922593f,-0.3153011528885106f,-1.997066553022574f,-0.2925042217704935f,-0.5029883605189279f,0.8132920689573448f,1.9226264489024336f,0f,0f,0f,1f], start_interpolation: 0, interpolation_duration: 1 }
$data merge entity $(bone_chain5) { transformation: [-0.4072561453803094f,-0.8548224148400689f,0.3215914662066846f,-2.0460871222518335f,0.9051007816213351f,-0.33063049890742985f,0.2673500482526083f,0.4930053470448892f,-0.12220886693861552f,0.3999526375450184f,0.9083517383493923f,2.1134860125284534f,0f,0f,0f,1f], start_interpolation: 0, interpolation_duration: 1 }
$data merge entity $(bone_chain6) { transformation: [0.5469007220800743f,-0.60025101902116f,-0.5836080142975703f,-2.5668656690375204f,0.6255459114697268f,0.7562823920542808f,-0.19164878322641044f,0.235626808060857f,0.5564098425008337f,-0.2602607493125194f,0.7890959571151561f,2.5463375804515445f,0f,0f,0f,1f], start_interpolation: 0, interpolation_duration: 1 }
$data merge entity $(bone_chain7) { transformation: [0.31493321615949704f,-0.8581065094626187f,0.4055493654011998f,-2.9230474392554013f,0.9239610944102549f,0.374908102385078f,0.07576153893779947f,-0.6394962575087113f,-0.21705521273546774f,0.35085201037460273f,0.9109280440520315f,2.6585856471425235f,0f,0f,0f,1f], start_interpolation: 0, interpolation_duration: 1 }
$data merge entity $(bone_chain8) { transformation: [0.5455601224248258f,-0.02099066402355383f,0.8378087758215828f,-2.876085334356615f,-0.7480339387215222f,-0.4629724436217618f,0.4755015698897955f,-1.8927859118675943f,0.37790128253364585f,-0.8861240931555493f,-0.26828103210752846f,1.9225160060918802f,0f,0f,0f,1f], start_interpolation: 0, interpolation_duration: 1 }
$data merge entity $(bone_chain4) { transformation: [-0.6039998429249981f,-0.6564206051714022f,-0.4519913482059008f,-1.6716362225668209f,-0.34981814241835685f,-0.2912221291726703f,0.8904026834613128f,1.0449053319713373f,-0.7161085511160636f,0.6959178547691867f,-0.0537297164696173f,-1.3565601538980632f,0f,0f,0f,1f], start_interpolation: 0, interpolation_duration: 1 }
$data merge entity $(bone_chain3) { transformation: [0.757230426734096f,-0.5826219018107469f,0.2952182249769254f,-1.1842333104313758f,0.6239100058441704f,0.5115084574806641f,-0.5908429592821417f,0.15211507990752748f,0.19323142973032442f,0.6315938706607117f,0.7508334016998672f,-1.9012091633153188f,0f,0f,0f,1f], start_interpolation: 0, interpolation_duration: 1 }
$data merge entity $(bone_chain2) { transformation: [0.49020534527984166f,0.8071497670990937f,-0.32894980305656135f,-3.837777987032062f,0.46426812098049164f,-0.5612122819044639f,-0.6851976988291982f,-0.6825789355436933f,-0.7376678326322188f,0.18316666757754735f,-0.6498431661472029f,-3.2894220489197776f,0f,0f,0f,1f], start_interpolation: 0, interpolation_duration: 1 }
$data merge entity $(bone_chain) { transformation: [-0.27062413634905613f,-0.9368089517404056f,-0.37031004015201135f,-2.88262994011717f,0.732764452805107f,0.06255326362025965f,-0.6778905545031901f,-0.6306652196002089f,0.6243547337295997f,-0.47947089259410347f,0.6350865061375285f,-1.925988156795119f,0f,0f,0f,1f], start_interpolation: 0, interpolation_duration: 1 }