# This file was generated by Animated Java via MC-Build. It is not recommended to edit this file directly.
$data merge entity $(bone_chain13) { transformation: [0.2039015079055661f,0.03763558177793071f,0.9782677230993939f,3.054312913200861f,0.9305092442985265f,-0.3180142635105925f,-0.18171261507886435f,1.6814482145320877f,0.3042642294927559f,0.947338635962902f,-0.09986384462420614f,-0.5064641178861886f,0f,0f,0f,1f], start_interpolation: 0, interpolation_duration: 1 }
$data merge entity $(bone_chain14) { transformation: [0.3220464501078276f,0.6961154662217746f,0.6416458070148887f,2.7066541206320114f,-0.6549234121943689f,0.6532238095452073f,-0.3799657600402061f,-0.25871177750146146f,-0.6836383606356735f,-0.29786223716692944f,0.6662707254091842f,-2.031762757601766f,0f,0f,0f,1f], start_interpolation: 0, interpolation_duration: 1 }
$data merge entity $(bone_chain15) { transformation: [-0.4892404258562987f,-0.7648052215685804f,-0.41918585230107896f,2.2777057160978007f,-0.7886229250869197f,0.5931908362658779f,-0.16185954960254587f,-0.9206252236128298f,0.37244823497406765f,0.2513913380202722f,-0.8933558683039358f,0.36932663095754525f,0f,0f,0f,1f], start_interpolation: 0, interpolation_duration: 1 }
$data merge entity $(bone_chain16) { transformation: [-0.2223657152299817f,0.6205753779232923f,0.751957238814563f,1.8131303292960452f,-0.8702272584852321f,0.22143107977163662f,-0.44008271438497126f,-1.7447209642585795f,-0.43961120012976895f,-0.7522329939762878f,0.49080292938605635f,-2.117153253643138f,0f,0f,0f,1f], start_interpolation: 0, interpolation_duration: 1 }
$data merge entity $(bone_chain9) { transformation: [0.870320848735089f,-0.16105512456236967f,-0.4654061313618818f,0.23311638177512595f,-0.4313512518826822f,-0.7053070094549738f,-0.5625638807397109f,1.8176506176917053f,-0.23765041080603355f,0.6903645915499145f,-0.6833147246897604f,2.8996989040831753f,0f,0f,0f,1f], start_interpolation: 0, interpolation_duration: 1 }
$data merge entity $(bone_chain10) { transformation: [-0.10886816226620419f,0.8358470787921951f,-0.5380589039494965f,1.1441835244524714f,0.785857453100197f,0.4038402179989614f,0.4683387040736896f,0.06315315986499481f,0.6087493627525626f,-0.37185042584499656f,-0.7008219989036044f,3.162952989902535f,0f,0f,0f,1f], start_interpolation: 0, interpolation_duration: 1 }
$data merge entity $(bone_chain11) { transformation: [-0.669690525154682f,0.7326733840159313f,-0.12126134121264782f,3.1403789293356654f,0.7426049135164955f,0.6590774390571665f,-0.11897424825148116f,-0.9472440044008241f,-0.0072486508540949846f,-0.16972519459553048f,-0.9854647712527855f,2.0195714972997294f,0f,0f,0f,1f], start_interpolation: 0, interpolation_duration: 1 }
$data merge entity $(bone_chain12) { transformation: [-0.13859900344479453f,0.779831307056936f,0.6104534779800835f,2.503160167639191f,-0.9522550715660378f,0.06437520774636893f,-0.2984394600323017f,-2.1018954822892146f,-0.2720305036588173f,-0.6226708321107408f,0.7336759774707411f,1.9339268285997937f,0f,0f,0f,1f], start_interpolation: 0, interpolation_duration: 1 }
$data merge entity $(bone_chain5) { transformation: [-0.5072381202186427f,-0.7768758478886951f,0.373059521208451f,-2.0967257289177725f,0.8577911894901038f,-0.4133850353734718f,0.3054620889119073f,0.31825801569815626f,-0.08308889595012385f,0.47494918622574145f,0.8760819059159337f,2.187621769495531f,0f,0f,0f,1f], start_interpolation: 0, interpolation_duration: 1 }
$data merge entity $(bone_chain6) { transformation: [0.6312255783425901f,-0.48686807514072006f,-0.6037497384304482f,-2.6035564457587217f,0.5805677582032265f,0.8127700396653499f,-0.04843491258653687f,0.09922271031540042f,0.5142911115126765f,-0.31994427644693985f,0.7957011452724582f,2.6077779194285897f,0f,0f,0f,1f], start_interpolation: 0, interpolation_duration: 1 }
$data merge entity $(bone_chain7) { transformation: [0.49432572862955987f,-0.8300467174355953f,0.25819473443362073f,-2.9506202295659083f,0.8412599396660331f,0.5316048262176606f,0.09837694168448749f,-0.748849081778886f,-0.21891502444546182f,0.16857863333318335f,0.9610709944928933f,2.712348634035811f,0f,0f,0f,1f], start_interpolation: 0, interpolation_duration: 1 }
$data merge entity $(bone_chain8) { transformation: [0.5893187649193581f,-0.013867160206677907f,0.8077815887860555f,-2.9140731912755333f,-0.7434418975903975f,-0.40066493449607987f,0.5355014053879227f,-1.99873611389087f,0.3162238735786889f,-0.9161197040414828f,-0.24642879224196845f,1.9357241830796714f,0f,0f,0f,1f], start_interpolation: 0, interpolation_duration: 1 }
$data merge entity $(bone_chain4) { transformation: [-0.634115505169026f,-0.6391791524261206f,-0.43514082457068676f,-1.733647629062724f,-0.35199546764522427f,-0.26244421202801627f,0.8984554670823779f,0.8772895005493626f,-0.6884741947680035f,0.7228921404171027f,-0.05856822057847777f,-1.3874818753281304f,0f,0f,0f,1f], start_interpolation: 0, interpolation_duration: 1 }
$data merge entity $(bone_chain3) { transformation: [0.8148169515885796f,-0.5126834454649221f,0.27060861063556135f,-1.1863718745643763f,0.556532197923485f,0.5610812380417958f,-0.612747710719461f,0.02197294322058374f,0.16231219325222584f,0.6498796265953422f,0.7425033487183406f,-1.9183888553565671f,0f,0f,0f,1f], start_interpolation: 0, interpolation_duration: 1 }
$data merge entity $(bone_chain2) { transformation: [0.5335229940153758f,0.7467943473208956f,-0.39705341915972286f,-3.8836386213351135f,0.4137729365471111f,-0.6398958662983742f,-0.6475532698361061f,-0.8591244898968515f,-0.7376619631227092f,0.18119460009561672f,-0.650402448533322f,-3.354387400256747f,0f,0f,0f,1f], start_interpolation: 0, interpolation_duration: 1 }
$data merge entity $(bone_chain) { transformation: [-0.3222559486915652f,-0.9531299868501821f,-0.28528305052619907f,-2.965734505974673f,0.740533774527209f,-0.055583878231879866f,-0.6699543255799161f,-0.7337062680494417f,0.5897124997126852f,-0.45105041714134075f,0.68540118377431f,-1.947399266398889f,0f,0f,0f,1f], start_interpolation: 0, interpolation_duration: 1 }