# This file was generated by Animated Java via MC-Build. It is not recommended to edit this file directly.
$data merge entity $(bone_chain13) { transformation: [0.07207193517430685f,0.1896124549735777f,0.9792102701050085f,3.107438223829285f,0.9458291486384498f,-0.32459437495648485f,-0.006761163544390936f,1.5746926052206176f,0.3165641447575762f,0.9266529062521208f,-0.20273513160871404f,-0.5205620993036233f,0f,0f,0f,1f], start_interpolation: 0, interpolation_duration: 1 }
$data merge entity $(bone_chain14) { transformation: [0.20186444962701844f,0.6668746566023519f,0.7173067240436797f,2.743536432300348f,-0.703288829987428f,0.6084142215534256f,-0.3677185834662884f,-0.369766261687726f,-0.6816418161994576f,-0.4302444972257452f,0.591822698969269f,-2.088687814541864f,0f,0f,0f,1f], start_interpolation: 0, interpolation_duration: 1 }
$data merge entity $(bone_chain15) { transformation: [-0.5780943457082074f,-0.6370144475799645f,-0.5099210929492841f,2.321003873476971f,-0.7067950166909382f,0.7031963867238423f,-0.07717283252148155f,-1.0476287309912928f,0.40773487935306174f,0.3157965092791958f,-0.856752492197145f,0.3894538671413449f,0f,0f,0f,1f], start_interpolation: 0, interpolation_duration: 1 }
$data merge entity $(bone_chain16) { transformation: [-0.19350948319054548f,0.5265286340304983f,0.8278415775142645f,1.8215624164813962f,-0.8955531601846428f,0.2498011854987324f,-0.36821719814089016f,-1.8433260656667043f,-0.4006727058318642f,-0.8126296605892539f,0.42319548382747063f,-2.1375697399540354f,0f,0f,0f,1f], start_interpolation: 0, interpolation_duration: 1 }
$data merge entity $(bone_chain9) { transformation: [0.8578105323130301f,-0.09556356772053114f,-0.505003658578193f,0.24329168021218928f,-0.4533041128669363f,-0.6037527450577084f,-0.6557423305637677f,1.7132358864728372f,-0.2422322685167202f,0.7914229130874373f,-0.5612248219113605f,2.985928741648159f,0f,0f,0f,1f], start_interpolation: 0, interpolation_duration: 1 }
$data merge entity $(bone_chain10) { transformation: [-0.08616876348136202f,0.7817721140659243f,-0.6175818211937496f,1.20885750689682f,0.8079967139771029f,0.41748873353916954f,0.4157456765500559f,-0.07677376503547717f,0.5828518288572977f,-0.46317979126550385f,-0.66764378718067f,3.250460259557051f,0f,0f,0f,1f], start_interpolation: 0, interpolation_duration: 1 }
$data merge entity $(bone_chain11) { transformation: [-0.7043234094980602f,0.6756351178117695f,-0.21782039025881877f,3.1995611364662664f,0.7087433300687641f,0.6519232300605208f,-0.2695904193225276f,-1.0466343257283435f,-0.04014258232932791f,-0.3442575920541674f,-0.9380166754365296f,2.024090655150188f,0f,0f,0f,1f], start_interpolation: 0, interpolation_duration: 1 }
$data merge entity $(bone_chain12) { transformation: [-0.15359246028493737f,0.6777512837970219f,0.7190706178499499f,2.517229224392185f,-0.9558144504809293f,0.08269174919104891f,-0.28210071050524443f,-2.207558585006554f,-0.250655325886882f,-0.7306266296318615f,0.6351036416816767f,1.9448884079725108f,0f,0f,0f,1f], start_interpolation: 0, interpolation_duration: 1 }
$data merge entity $(bone_chain5) { transformation: [-0.5995512150951684f,-0.684326109541729f,0.41501339288918043f,-2.1475808710919813f,0.7992784126129397f,-0.4853133947569467f,0.3544360703997661f,0.14092206858737755f,-0.04113829856528366f,0.5442138225633109f,0.8379373220725904f,2.2625671267682943f,0f,0f,0f,1f], start_interpolation: 0, interpolation_duration: 1 }
$data merge entity $(bone_chain6) { transformation: [0.7130726199445466f,-0.365850745066669f,-0.598064102767909f,-2.639907322721592f,0.5185411961366845f,0.8493374114224712f,0.09869645113838901f,-0.03912224286644572f,0.471850046725183f,-0.3804986122081644f,0.7953479361343084f,2.669566371412467f,0f,0f,0f,1f], start_interpolation: 0, interpolation_duration: 1 }
$data merge entity $(bone_chain7) { transformation: [0.6608848176874729f,-0.7403117216066946f,0.12316579314861914f,-2.9775333571301217f,0.7204076019744978f,0.6717919696629195f,0.1723613544672017f,-0.8594256845541283f,-0.21034292183848236f,-0.025181428635938544f,0.9773033054708777f,2.766337046961721f,0f,0f,0f,1f], start_interpolation: 0, interpolation_duration: 1 }
$data merge entity $(bone_chain8) { transformation: [0.6303647844522304f,-0.014831153003544567f,0.7761573779995138f,-2.9518757401498723f,-0.7344910203090874f,-0.33508030497406094f,0.5901221316844567f,-2.1056164661935575f,0.2513228593021542f,-0.9420728348270513f,-0.22211617292109437f,1.9486467359108635f,0f,0f,0f,1f], start_interpolation: 0, interpolation_duration: 1 }
$data merge entity $(bone_chain4) { transformation: [-0.6628976852729386f,-0.619454763229032f,-0.42052640246795936f,-1.7964247109657911f,-0.3551485885548291f,-0.23429846498480786f,0.9049716621824551f,0.7069408145047573f,-0.6591176973100425f,0.749252978384889f,-0.06468257473292485f,-1.4184803341197143f,0f,0f,0f,1f], start_interpolation: 0, interpolation_duration: 1 }
$data merge entity $(bone_chain3) { transformation: [0.8657918658808509f,-0.4362486123089553f,0.24513586688419592f,-1.1880673932100705f,0.4834892788318173f,0.6029850279430161f,-0.6345448552555204f,-0.10988386873034162f,0.12900605501000523f,0.6679043377124234f,0.7329810593976389f,-1.9350852306557431f,0f,0f,0f,1f], start_interpolation: 0, interpolation_duration: 1 }
$data merge entity $(bone_chain2) { transformation: [0.5728209398291075f,0.6747961101225275f,-0.46532395237812973f,-3.9287805774059095f,0.35367593555403243f,-0.7155987675098433f,-0.6023551581487234f,-1.0387375180363034f,-0.7394521644455968f,0.1804677636086272f,-0.6485691041013459f,-3.4194982361859783f,0f,0f,0f,1f], start_interpolation: 0, interpolation_duration: 1 }
$data merge entity $(bone_chain) { transformation: [-0.372740960052238f,-0.9582311470738762f,-0.2004800141149941f,-3.049905618363343f,0.7454033420093931f,-0.1731044452779405f,-0.6462083097059886f,-0.8383803284406321f,0.5526644863030044f,-0.41279903330053136f,0.7363576470760529f,-1.9687509414541005f,0f,0f,0f,1f], start_interpolation: 0, interpolation_duration: 1 }