# This file was generated by Animated Java via MC-Build. It is not recommended to edit this file directly.
$data merge entity $(bone_chain13) { transformation: [-0.061788032439737184f,0.33827755438538143f,0.939015726836495f,3.160197537139438f,0.9438752334179705f,-0.2860475312665608f,0.16515554364439933f,1.4667737556751588f,0.32447154387927024f,0.8965183244392448f,-0.30161749146435735f,-0.5347666092668575f,0f,0f,0f,1f], start_interpolation: 0, interpolation_duration: 1 }
$data merge entity $(bone_chain14) { transformation: [0.07187455891514086f,0.6157496739472053f,0.7846568592796883f,2.7799984053276683f,-0.7350121728594777f,0.5644874942331247f,-0.37564740728879953f,-0.48152471510723704f,-0.6742337528848161f,-0.5497328513817584f,0.49315579544656907f,-2.1460352622185677f,0f,0f,0f,1f], start_interpolation: 0, interpolation_duration: 1 }
$data merge entity $(bone_chain15) { transformation: [-0.6527573187782272f,-0.48741958350463793f,-0.5799396799647574f,2.364413658518992f,-0.6131058895787566f,0.7895564012933706f,0.026492590294334317f,-1.1758682231448856f,0.44498207935297956f,0.37285766559483174f,-0.8142285368751646f,0.4095142502731065f,0f,0f,0f,1f], start_interpolation: 0, interpolation_duration: 1 }
$data merge entity $(bone_chain16) { transformation: [-0.16348253784444697f,0.4218048185249716f,0.8918263030932958f,1.8296724141141882f,-0.9186845275344484f,0.26439187266512415f,-0.29345472655494276f,-1.9425499374855049f,-0.3595722440466539f,-0.8672817493397084f,0.34428210608962684f,-2.1577781721731917f,0f,0f,0f,1f], start_interpolation: 0, interpolation_duration: 1 }
$data merge entity $(bone_chain9) { transformation: [0.8453379040074681f,-0.018167774711609914f,-0.5339229907114784f,0.2536495830254094f,-0.47359386870929404f,-0.4879556018251322f,-0.7332176881175448f,1.6076378116360521f,-0.24720978048860684f,0.8726793584183722f,-0.4210915124070699f,3.072651956474405f,0f,0f,0f,1f], start_interpolation: 0, interpolation_duration: 1 }
$data merge entity $(bone_chain10) { transformation: [-0.061399918329352196f,0.7167815012850905f,-0.6945893243094375f,1.2746463710038132f,0.8292280780564815f,0.4239563888216491f,0.3642001852553902f,-0.21827352998729221f,0.5555275372039652f,-0.5536111088054488f,-0.6204062343459313f,3.3384889293857354f,0f,0f,0f,1f], start_interpolation: 0, interpolation_duration: 1 }
$data merge entity $(bone_chain11) { transformation: [-0.7381255681345436f,0.6065209987428599f,-0.2954706817097447f,3.2587528877212613f,0.6706746297181635f,0.6120977712571614f,-0.4189652246600187f,-1.1465865463950777f,-0.07325426075295235f,-0.5074136345290494f,-0.8585832614112383f,2.0279322710879306f,0f,0f,0f,1f], start_interpolation: 0, interpolation_duration: 1 }
$data merge entity $(bone_chain12) { transformation: [-0.16970635404828477f,0.5590976851654313f,0.8115476152625266f,2.5307257905021108f,-0.9586417292520245f,0.09727030735361994f,-0.26747807806252066f,-2.313809687367499f,-0.22848586024593712f,-0.8233761386814584f,0.5194669825096543f,1.95551843240148f,0f,0f,0f,1f], start_interpolation: 0, interpolation_duration: 1 }
$data merge entity $(bone_chain5) { transformation: [-0.6827269975803497f,-0.5793723939128904f,0.4452094742327116f,-2.1985500697890354f,0.7306666738847295f,-0.5439938085724012f,0.41254932784955484f,-0.03850160331829833f,0.003171505817018694f,0.6069582896761024f,0.7947273596298999f,2.3381337347903237f,0f,0f,0f,1f], start_interpolation: 0, interpolation_duration: 1 }
$data merge entity $(bone_chain6) { transformation: [0.7888857936007394f,-0.2417059257507191f,-0.5650110176907344f,-2.6758826932950637f,0.4395546492017365f,0.8644647729274559f,0.24391057117849635f,-0.1790223919845424f,0.4294774907024463f,-0.4407708041879247f,0.7882069418340973f,2.7315719552239908f,0f,0f,0f,1f], start_interpolation: 0, interpolation_duration: 1 }
$data merge entity $(bone_chain7) { transformation: [0.8039070288352663f,-0.5942931256929173f,0.023434370983597998f,-3.0037915091453664f,0.5632423847061006f,0.7733768037541595f,0.29094043288203375f,-0.9709419342018015f,-0.19102749817719847f,-0.22068982796935266f,0.9564541258058424f,2.82044243171891f,0f,0f,0f,1f], start_interpolation: 0, interpolation_duration: 1 }
$data merge entity $(bone_chain8) { transformation: [0.6679417441093071f,-0.023825793121862324f,0.7438320765188414f,-2.9894431551281073f,-0.721197094126985f,-0.2673712829143282f,0.6390519137719091f,-2.213171432724688f,0.18365341788001144f,-0.9632989819650287f,-0.19577153379929674f,1.961283547112314f,0f,0f,0f,1f], start_interpolation: 0, interpolation_duration: 1 }
$data merge entity $(bone_chain4) { transformation: [-0.690223216793177f,-0.5974885160720846f,-0.4081658782427273f,-1.859803039061999f,-0.35922643737774335f,-0.20671902422217414f,0.9100679159895299f,0.534359325157689f,-0.6281307807205224f,0.774773978774849f,-0.07195140113171392f,-1.4494972693257004f,0f,0f,0f,1f], start_interpolation: 0, interpolation_duration: 1 }
$data merge entity $(bone_chain3) { transformation: [0.9092694836534668f,-0.35430795169946533f,0.21839157826960057f,-1.189350714499715f,0.40556348516614343f,0.6363335836679938f,-0.6561995350471835f,-0.2430978806316757f,0.09352681752550507f,0.6852338620199515f,0.7222930767664694f,-1.951306834102521f,0f,0f,0f,1f], start_interpolation: 0, interpolation_duration: 1 }
$data merge entity $(bone_chain2) { transformation: [0.6057698935531604f,0.5913209707562174f,-0.5323366844474623f,-3.9731822068189384f,0.2841564681377251f,-0.7857310836313482f,-0.5494376814808033f,-1.2208768375182184f,-0.7431675031108976f,0.18156589371198428f,-0.6439999134786294f,-3.4846333769285893f,0f,0f,0f,1f], start_interpolation: 0, interpolation_duration: 1 }
$data merge entity $(bone_chain) { transformation: [-0.4217579805562298f,-0.9523400417083975f,-0.11791108889319299f,-3.134919772706587f,0.7473714969132816f,-0.28713953973346323f,-0.6065991022157196f,-0.9443821085510496f,0.5133771045135647f,-0.36436588915943274f,0.7862153040402509f,-1.9900115972025172f,0f,0f,0f,1f], start_interpolation: 0, interpolation_duration: 1 }