# This file was generated by Animated Java via MC-Build. It is not recommended to edit this file directly.
$data merge entity $(bone_chain13) { transformation: [-0.19495564344325464f,0.4719124252472105f,0.8598203068007426f,3.212523759602389f,0.924431372321649f,-0.20452876888879887f,0.3218611821334554f,1.35798722042244f,0.32774827986907806f,0.8575935200280659f,-0.3963766131455436f,-0.5490430685825197f,0f,0f,0f,1f], start_interpolation: 0, interpolation_duration: 1 }
$data merge entity $(bone_chain14) { transformation: [-0.06485595811468359f,0.54480573836335f,0.8360504842073783f,2.816007153064511f,-0.7475662058247496f,0.5284488034044265f,-0.40235137639781715f,-0.5937215435508227f,-0.6610132166650033f,-0.6510979723718965f,0.3730053052804885f,-2.2036661147134744f,0f,0f,0f,1f], start_interpolation: 0, interpolation_duration: 1 }
$data merge entity $(bone_chain15) { transformation: [-0.7115140868035644f,-0.32132960452483766f,-0.6248959829731674f,2.4078466244840087f,-0.5099246348495647f,0.8479851877918965f,0.14456136433736344f,-1.30500509233928f,0.4834506914398073f,0.42150730307012874f,-0.7672072877683834f,0.42947644627929427f,0f,0f,0f,1f], start_interpolation: 0, interpolation_duration: 1 }
$data merge entity $(bone_chain16) { transformation: [-0.13252237808528886f,0.30852792158987563f,0.9419386078222145f,1.8374714178796188f,-0.9392939436724562f,0.26435013491736203f,-0.21873704201487462f,-2.0421567902583284f,-0.31648808300924103f,-0.913744782621824f,0.25476609967680475f,-2.1777583171361483f,0f,0f,0f,1f], start_interpolation: 0, interpolation_duration: 1 }
$data merge entity $(bone_chain9) { transformation: [0.8329751597953856f,0.06881877740196518f,-0.5490139880192039f,0.2641564248785494f,-0.49232032280646076f,-0.3606778949499949f,-0.7921692722178654f,1.5011493188627796f,-0.2525333303063063f,0.9301480699175476f,-0.266554844474954f,3.159670076662607f,0f,0f,0f,1f], start_interpolation: 0, interpolation_duration: 1 }
$data merge entity $(bone_chain10) { transformation: [-0.03461880629816508f,0.6406670978443216f,-0.7670379442962548f,1.3413399087369713f,0.8492221528640054f,0.42349459854111354f,0.3153950857123886f,-0.360956126575918f,0.5268996805232606f,-0.6404670130039763f,-0.5587295695757033f,3.4268358811259443f,0f,0f,0f,1f], start_interpolation: 0, interpolation_duration: 1 }
$data merge entity $(bone_chain11) { transformation: [-0.7704851398169846f,0.5309115658628523f,-0.352825110436114f,3.3178450707893714f,0.6285208924945088f,0.5403512130891868f,-0.5594479906219613f,-1.246868124006541f,-0.1063679322874513f,-0.6528043165804729f,-0.7500215911790765f,2.031143880613059f,0f,0f,0f,1f], start_interpolation: 0, interpolation_duration: 1 }
$data merge entity $(bone_chain12) { transformation: [-0.18683428557777246f,0.4265933384897401f,0.8849356322856603f,2.5436712686941387f,-0.9606290294176154f,0.10921996609311332f,-0.25546597982273367f,-2.4204026155649565f,-0.20563272495596024f,-0.8978246613692438f,0.3893919103735841f,1.9658241472675972f,0f,0f,0f,1f], start_interpolation: 0, interpolation_duration: 1 }
$data merge entity $(bone_chain5) { transformation: [-0.7555108200261798f,-0.4646839296318041f,0.46181408203444163f,-2.2495308460235144f,0.6532765049067697f,-0.5874333444807692f,0.47765246144967566f,-0.21951210904972607f,0.04932756795306925f,0.6625638922655559f,0.7473793412355956f,2.414133244005202f,0f,0f,0f,1f], start_interpolation: 0, interpolation_duration: 1 }
$data merge entity $(bone_chain6) { transformation: [0.8550725012398146f,-0.1193426088788482f,-0.5045873158626538f,-2.71144695084807f,0.3445864245659504f,0.8579551963005975f,0.38101584894287216f,-0.320092077538753f,0.3874418841947032f,-0.49967011402203476f,0.7747377385443831f,2.7936636896839766f,0f,0f,0f,1f], start_interpolation: 0, interpolation_duration: 1 }
$data merge entity $(bone_chain7) { transformation: [0.912963438620917f,-0.40751610013528955f,-0.020697532993006737f,-3.02939937280897f,0.3747271121994674f,0.8172714931473865f,0.4377749397479134f,-1.083113699089271f,-0.16148483248936904f,-0.40742844110244214f,0.898846324049175f,2.874556334106036f,0f,0f,0f,1f], start_interpolation: 0, interpolation_duration: 1 }
$data merge entity $(bone_chain8) { transformation: [0.7013299921031997f,-0.04057454314507119f,0.7116810722683964f,-3.0267256103587146f,-0.7037042324953189f,-0.19870795327619634f,0.6821403832591639f,-2.321145477433297f,0.11373915484431743f,-0.9792184923465005f,-0.16791232504478842f,1.973634499210883f,0f,0f,0f,1f], start_interpolation: 0, interpolation_duration: 1 }
$data merge entity $(bone_chain4) { transformation: [-0.7159715592316721f,-0.5735309152682451f,-0.3980540360339754f,-1.9236181841373257f,-0.36416789891404333f,-0.17963450410091433f,0.9138452748342848f,0.3600450838283231f,-0.5956227562575992f,0.7992457282763464f,-0.08024835238254524f,-1.480474419998976f,0f,0f,0f,1f], start_interpolation: 0, interpolation_duration: 1 }
$data merge entity $(bone_chain3) { transformation: [0.944502126809877f,-0.2680029617820747f,0.1899740638288697f,-1.190252686564567f,0.32367380648453087f,0.6603984888588321f,-0.6775759019540066f,-0.3773116171698475f,0.056133763880877596f,0.7014615088435051f,0.710493316058328f,-1.9670622105865756f,0f,0f,0f,1f], start_interpolation: 0, interpolation_duration: 1 }
$data merge entity $(bone_chain2) { transformation: [0.6299811590533825f,0.4971106534124152f,-0.5966613256292365f,-4.016821861148687f,0.20593923659990798f,-0.8477175466295948f,-0.48883943372537697f,-1.4050012658987667f,-0.7488075654441556f,0.18508365514053823f,-0.6364206710450367f,-3.5496716427056922f,0f,0f,0f,1f], start_interpolation: 0, interpolation_duration: 1 }
$data merge entity $(bone_chain) { transformation: [-0.46898975438446733f,-0.9361578144979644f,-0.03946896727604249f,-3.220553464427814f,0.7464742315428853f,-0.3948093239047903f,-0.5516469547970402f,-1.0514063161579634f,0.47204325217595877f,-0.3057631607980352f,0.8331433477411402f,-2.0111496488859033f,0f,0f,0f,1f], start_interpolation: 0, interpolation_duration: 1 }