# This file was generated by Animated Java via MC-Build. It is not recommended to edit this file directly.
$data merge entity $(bone_chain13) { transformation: [-0.3246859597914371f,0.5798604758392123f,0.7472220928705442f,3.2643497976892064f,0.8877618161686998f,-0.08569582869296052f,0.45225566076886126f,1.2486285539891893f,0.32627899912063857f,0.8101963055359792f,-0.4869537567661685f,-0.5633568980572395f,0f,0f,0f,1f], start_interpolation: 0, interpolation_duration: 1 }
$data merge entity $(bone_chain14) { transformation: [-0.20463251576761465f,0.45888360868424566f,0.8646105291815162f,2.851529788861413f,-0.7390732407872782f,0.5067173419146518f,-0.4438561480425157f,-0.7060911528093115f,-0.6417914600887167f,-0.7298379060338496f,0.23545775135535255f,-2.261441386108182f,0f,0f,0f,1f], start_interpolation: 0, interpolation_duration: 1 }
$data merge entity $(bone_chain15) { transformation: [-0.7531417709777408f,-0.14503243912964056f,-0.6416720847976942f,2.4512143246321667f,-0.39988826990125714f,0.8754333750606075f,0.2714880797113807f,-1.4347007308401487f,0.522366580481458f,0.46106615298685805f,-0.7173222136292781f,0.4493091210863708f,0f,0f,0f,1f], start_interpolation: 0, interpolation_duration: 1 }
$data merge entity $(bone_chain16) { transformation: [-0.1009003885648693f,0.18921265768693998f,0.976738287238963f,1.8449705234628857f,-0.9570983883749348f,0.24957785186804948f,-0.14721946483747494f,-2.141910834528525f,-0.27162802977152595f,-0.9496891417869189f,0.15591262750163676f,-2.197489941678447f,0f,0f,0f,1f], start_interpolation: 0, interpolation_duration: 1 }
$data merge entity $(bone_chain9) { transformation: [0.8207811788423616f,0.1622872662162182f,-0.5477053036827464f,0.2747785404353723f,-0.5095825606924577f,-0.22528661229326954f,-0.8304044533596503f,1.3940633338344477f,-0.25815474099125324f,0.9606814172999747f,-0.10221225052923302f,3.2467846303134547f,0f,0f,0f,1f], start_interpolation: 0, interpolation_duration: 1 }
$data merge entity $(bone_chain10) { transformation: [-0.005931425605943473f,0.5536188302729721f,-0.8327490672210127f,1.408727912059816f,0.8676697746746246f,0.4168281014580758f,0.270930795501253f,-0.5044315463868231f,0.49710560277104776f,-0.7209441896582856f,-0.48283071059284455f,3.515297996515031f,0f,0f,0f,1f], start_interpolation: 0, interpolation_duration: 1 }
$data merge entity $(bone_chain11) { transformation: [-0.8008046555100146f,0.454415841884202f,-0.39015144028717696f,3.3767285733593195f,0.5825052343374847f,0.4394375830874649f,-0.6837998702395894f,-1.3472465161682474f,-0.13928228775734058f,-0.7748553756765965f,-0.6166032688059333f,2.0337730192256727f,0f,0f,0f,1f], start_interpolation: 0, interpolation_duration: 1 }
$data merge entity $(bone_chain12) { transformation: [-0.2048590273821359f,0.28356347772057094f,0.9368161682011368f,2.5560870616934404f,-0.961682117134229f,0.11986242180477027f,-0.24657758499774973f,-2.5270911957918356f,-0.18220945223635487f,-0.95143300023812f,0.24814302644567093f,1.975812797951758f,0f,0f,0f,1f], start_interpolation: 0, interpolation_duration: 1 }
$data merge entity $(bone_chain5) { transformation: [-0.8168978039160678f,-0.3432931972696473f,0.4634951549536294f,-2.3004207208099947f,0.5686034554551634f,-0.6141607323576193f,0.5472629215234679f,-0.40160855763776326f,0.09678888573360991f,0.7106028254505723f,0.6969042517161956f,2.4903773048565117f,0f,0f,0f,1f], start_interpolation: 0, interpolation_duration: 1 }
$data merge entity $(bone_chain6) { transformation: [0.9082457149062506f,-0.00366577323515023f,-0.4184211795081868f,-2.7465644887495433f,0.23550888218935973f,0.8310195232673501f,0.5039266993903224f,-0.4619456400289398f,0.3458688881127531f,-0.556231169618437f,0.7556332431679761f,2.855710593613241f,0f,0f,0f,1f], start_interpolation: 0, interpolation_duration: 1 }
$data merge entity $(bone_chain7) { transformation: [0.9789351597267751f,-0.20413710103065486f,0.0037412609521895734f,-3.0543616353182585f,0.16287841613064022f,0.7918668893227853f,0.5885723839537746f,-1.1956568475839f,-0.12311204087938035f,-0.5755648300383336f,0.8084358674709189f,2.9285702999217573f,0f,0f,0f,1f], start_interpolation: 0, interpolation_duration: 1 }
$data merge entity $(bone_chain8) { transformation: [0.729873824589123f,-0.06459188830506579f,0.6805233927976558f,-3.0636732799901694f,-0.6822804100487434f,-0.13023695371434257f,0.7193968153605681f,-2.429283064268417f,0.042162094864525684f,-0.9893766845101994f,-0.13912632354892643f,1.985699474733429f,0f,0f,0f,1f], start_interpolation: 0, interpolation_duration: 1 }
$data merge entity $(bone_chain4) { transformation: [-0.7400297918952465f,-0.5478400714578724f,-0.3901629956986073f,-1.9877057169777483f,-0.36990044500117686f,-0.15297278225365074f,0.9163912857930876f,0.18449814183682434f,-0.5617201864766919f,0.822478318251983f,-0.08944187000493753f,-1.5113535251924275f,0f,0f,0f,1f], start_interpolation: 0, interpolation_duration: 1 }
$data merge entity $(bone_chain3) { transformation: [0.9709052891650227f,-0.17859989972038753f,0.159514874827554f,-1.1908041575358825f,0.23885057628734374f,0.674635924160592f,-0.698438810518994f,-0.5121676030312863f,0.017126636522871122f,0.7162181550699838f,0.6976662760013282f,-1.9823599049975813f,0f,0f,0f,1f], start_interpolation: 0, interpolation_duration: 1 }
$data merge entity $(bone_chain2) { transformation: [0.6431530181653328f,0.3935044409806155f,-0.6568930279378502f,-4.059677891969646f,0.12032954474076575f,-0.8991354031531897f,-0.42080438146368215f,-1.5905696207341193f,-0.7562241703934779f,0.19159796900041834f,-0.6256318585139435f,-3.614491853738402f,0f,0f,0f,1f], start_interpolation: 0, interpolation_duration: 1 }
$data merge entity $(bone_chain) { transformation: [-0.5141318283134946f,-0.9108177567466904f,0.03317542351394018f,-3.3065831889504333f,0.742785100432438f,-0.4933639367340223f,-0.48243369756160037f,-1.1591476590386438f,0.42888081991457294f,-0.23740165685219544f,0.8753040150323275f,-2.0321335117460233f,0f,0f,0f,1f], start_interpolation: 0, interpolation_duration: 1 }