# This file was generated by Animated Java via MC-Build. It is not recommended to edit this file directly.
$data merge entity $(bone_chain13) { transformation: [-0.44831229591563543f,0.65358850893615f,0.6097853280601891f,3.3156085578709584f,0.8346058778243859f,0.06179005349346889f,0.5473710057997784f,1.1389933109021384f,0.32007673147518595f,0.7543235713378544f,-0.5731900519829933f,-0.5776735184976451f,0f,0f,0f,1f], start_interpolation: 0, interpolation_duration: 1 }
$data merge entity $(bone_chain14) { transformation: [-0.34330108391512454f,0.3652666789115094f,0.8652887489501162f,2.8865334260689144f,-0.7084646131636975f,0.5041315765146999f,-0.49389193702227596f,-0.8183679486735298f,-0.6166216487259534f,-0.7825800961165315f,0.08570959972329384f,-2.3192220904842866f,0f,0f,0f,1f], start_interpolation: 0, interpolation_duration: 1 }
$data merge entity $(bone_chain15) { transformation: [-0.7769520530002438f,0.034560901618081584f,-0.6286104130684216f,2.4944283122236106f,-0.28579681384862443f,0.8703143658273911f,0.4010898725079466f,-1.5646165309131612f,0.5609507006258936f,0.4912824530896778f,-0.6663151377190134f,0.4689809406208f,0f,0f,0f,1f], start_interpolation: 0, interpolation_duration: 1 }
$data merge entity $(bone_chain16) { transformation: [-0.06891444318433616f,0.0666187133857379f,0.9953957738243725f,1.852180826549187f,-0.9718658683917796f,0.22077742552856067f,-0.08206133213684014f,-2.241576280839442f,-0.2252277366926301f,-0.9730463891325065f,0.04952970038780109f,-2.2169528126356286f,0f,0f,0f,1f], start_interpolation: 0, interpolation_duration: 1 }
$data merge entity $(bone_chain9) { transformation: [0.8088028641841003f,0.2584955986782961f,-0.5282214993272668f,0.2854822643596412f,-0.5254783361820066f,-0.085595382751079f,-0.8464903712713372f,1.2866727822324853f,-0.2640273567094636f,0.962212791390577f,0.06660404637383598f,3.333797145527643f,0f,0f,0f,1f], start_interpolation: 0, interpolation_duration: 1 }
$data merge entity $(bone_chain10) { transformation: [0.024510424090258658f,0.456284592419874f,-0.8894962674633016f,1.476600172935866f,0.8842892943391867f,0.405122017482688f,0.23218224494534487f,-0.6483097810054725f,0.4662957034200716f,-0.7922629119623019f,-0.39355786779201185f,3.603672157290349f,0f,0f,0f,1f], start_interpolation: 0, interpolation_duration: 1 }
$data merge entity $(bone_chain11) { transformation: [-0.8285193543798374f,0.38216297201325744f,-0.40927636413554563f,3.4352942831198265f,0.5329501183174559f,0.31391080254439446f,-0.7857634373215288f,-1.4474891804857097f,-0.17181341857790755f,-0.869144102475492f,-0.4637549766079545f,2.035867222425873f,0f,0f,0f,1f], start_interpolation: 0, interpolation_duration: 1 }
$data merge entity $(bone_chain12) { transformation: [-0.2236531812730905f,0.13381889526245552f,0.9654386349101438f,2.567994572225187f,-0.9617225571766856f,0.13060946104673776f,-0.2408960184449242f,-2.6336292542410416f,-0.15833185884073603f,-0.9823612736441806f,0.09948542868290104f,1.9854916298348573f,0f,0f,0f,1f], start_interpolation: 0, interpolation_duration: 1 }
$data merge entity $(bone_chain5) { transformation: [-0.8661593018815134f,-0.21846891195422546f,0.44948792895212036f,-2.3511172151630557f,0.47827065771209554f,-0.6232932387423626f,0.618678201094637f,-0.5842900581132595f,0.14500083356922125f,0.7508507661630195f,0.6443585067465456f,2.5666775677878326f,0f,0f,0f,1f], start_interpolation: 0, interpolation_duration: 1 }
$data merge entity $(bone_chain6) { transformation: [0.9454660981039426f,0.10085136374648929f,-0.30971415816294073f,-2.781199700368415f,0.11502230790102824f,0.7862221872977442f,0.6071445798867611f,-0.6041974199549643f,0.304735501740816f,-0.609658654192019f,0.7317462670540581f,2.917581685832597f,0f,0f,0f,1f], start_interpolation: 0, interpolation_duration: 1 }
$data merge entity $(bone_chain7) { transformation: [0.9950332900971717f,-0.013182275349427584f,0.09866599827199377f,-3.07868298387056f,-0.06165694617234939f,0.6965406216678514f,0.7148633319420314f,-1.3082872480530525f,-0.07814840105272285f,-0.717396257296604f,0.6922683276228427f,2.98237587496473f,0f,0f,0f,1f], start_interpolation: 0, interpolation_duration: 1 }
$data merge entity $(bone_chain8) { transformation: [0.7530067557930497f,-0.09520362293587017f,0.6510891612597398f,-3.1002363381709452f,-0.6573078666707586f,-0.06304239707616768f,0.7509807085296047f,-2.5373286571790814f,-0.030449862770839733f,-0.9934595745931365f,-0.11004944119104618f,1.99747835620681f,0f,0f,0f,1f], start_interpolation: 0, interpolation_duration: 1 }
$data merge entity $(bone_chain4) { transformation: [-0.7622971034763729f,-0.5206794946925973f,-0.3844424402146485f,-2.051901208369243f,-0.37633929741496686f,-0.12666555430547843f,0.9177824200613647f,0.00821855050336251f,-0.5265661015036396f,0.8443036782811902f,-0.09939537005369661f,-1.5420763239589408f,0f,0f,0f,1f], start_interpolation: 0, interpolation_duration: 1 }
$data merge entity $(bone_chain3) { transformation: [0.9880774749194341f,-0.08745724222023889f,0.1267049104812666f,-1.1910359755449185f,0.1522053616164739f,0.6787086678503658f,-0.7184622969091561f,-0.6473083629024174f,-0.023160989875947044f,0.7291815788731998f,0.6839282079136333f,-1.9972084622252113f,0f,0f,0f,1f], start_interpolation: 0, interpolation_duration: 1 }
$data merge entity $(bone_chain2) { transformation: [0.6432334959860496f,0.28241813133073224f,-0.7116815781915548f,-4.101728650856302f,0.029205500795661282f,-0.9378620103799491f,-0.3457772233814057f,-1.7770407195804447f,-0.7651128729572124f,0.20163047532983983f,-0.6115124226484883f,-3.678972830247832f,0f,0f,0f,1f], start_interpolation: 0, interpolation_duration: 1 }
$data merge entity $(bone_chain) { transformation: [-0.5569008701256187f,-0.877814353172788f,0.09866257140114566f,-3.3927854416978516f,0.7364137760979116f,-0.5803198074022159f,-0.400557550761202f,-1.2673008449703589f,0.3841304091406246f,-0.16010207709093321f,0.910944205499272f,-2.0529316010246417f,0f,0f,0f,1f], start_interpolation: 0, interpolation_duration: 1 }