# This file was generated by Animated Java via MC-Build. It is not recommended to edit this file directly.
$data merge entity $(bone_chain13) { transformation: [-0.5633437012856006f,0.6875213073063182f,0.4582120974195802f,3.366232946618714f,0.7661514390776772f,0.22709001484833843f,0.6012005468688344f,1.0293770456880116f,0.3092827939298336f,0.6897423991288286f,-0.6546751684789669f,-0.5919583507103661f,0f,0f,0f,1f], start_interpolation: 0, interpolation_duration: 1 }
$data merge entity $(bone_chain14) { transformation: [-0.47646225432407857f,0.2729259760722803f,0.8357602118965766f,2.9209851780375518f,-0.6555957886953058f,0.5230989159848345f,-0.5445747753435437f,-0.9302863369343088f,-0.5858138629713341f,-0.8073902003867055f,-0.0703077682060733f,-2.376869241923387f,0f,0f,0f,1f], start_interpolation: 0, interpolation_duration: 1 }
$data merge entity $(bone_chain15) { transformation: [-0.7828076439977958f,0.21032621241510793f,-0.5856407404456551f,2.5374001405184847f,-0.17050226525007287f,0.8326281158574809f,0.526933960025557f,-1.6944138848239936f,0.598448970291715f,0.5123410046587492f,-0.6159265580424744f,0.4884605708090456f,0f,0f,0f,1f], start_interpolation: 0, interpolation_duration: 1 }
$data merge entity $(bone_chain16) { transformation: [-0.03688053832499506f,-0.05641133832292598f,0.997726208336473f,1.8591134228237212f,-0.9834208093776284f,0.17943447000161333f,-0.026206538464483897f,-2.340917339734431f,-0.17754812749198134f,-0.9821512265857314f,-0.06209372383932685f,-2.236126696843235f,0f,0f,0f,1f], start_interpolation: 0, interpolation_duration: 1 }
$data merge entity $(bone_chain9) { transformation: [0.7970764057731816f,0.3532937862068569f,-0.48974759211999075f,0.2962339313151191f,-0.5401036045220595f,0.05432464348068994f,-0.8398433958143472f,1.1792705897383187f,-0.2701060897906301f,0.9339337951580502f,0.23411613895606664f,3.420509150405863f,0f,0f,0f,1f], start_interpolation: 0, interpolation_duration: 1 }
$data merge entity $(bone_chain10) { transformation: [0.0565134002020002f,0.34980708422792556f,-0.9351156289045572f,1.5447464833286428f,0.8988332691511501f,0.38990762051979344f,0.20017692606204293f,-0.7922008220173384f,0.4346320166125185f,-0.8518257164963674f,-0.2923832396885734f,3.6917552451892535f,0f,0f,0f,1f], start_interpolation: 0, interpolation_duration: 1 }
$data merge entity $(bone_chain11) { transformation: [-0.8531154459770105f,0.31835970272247677f,-0.413329330580232f,3.4934330877596156f,0.4802715772432722f,0.16975129206699854f,-0.8605368736630896f,-1.5473635745644452f,-0.20379707536592873f,-0.932647628273423f,-0.2977165657941344f,2.0374740257137613f,0f,0f,0f,1f], start_interpolation: 0, interpolation_duration: 1 }
$data merge entity $(bone_chain12) { transformation: [-0.24308026589505585f,-0.01849591277078539f,0.9698298229809004f,2.5794152030145487f,-0.9606896078416775f,0.14282977956963722f,-0.2380653932286101f,-2.739770617105485f,-0.1341173430895233f,-0.9895744313991063f,-0.052487931981959265f,1.9948678882977913f,0f,0f,0f,1f], start_interpolation: 0, interpolation_duration: 1 }
$data merge entity $(bone_chain5) { transformation: [-0.9028587660407801f,-0.09357631300356016f,0.4196302208230234f,-2.4015178500972745f,0.38397742028159143f,-0.6145732126560497f,0.6891016666642995f,-0.7670557195070743f,0.19340989968771977f,0.7832900101049936f,0.5908040036869288f,2.642845683242749f,0f,0f,0f,1f], start_interpolation: 0, interpolation_duration: 1 }
$data merge entity $(bone_chain6) { transformation: [0.964461328786839f,0.19056496433110398f,-0.18302824821379393f,-2.815316979073618f,-0.013479807632705704f,0.7272857323560801f,0.6862024178749777f,-0.7464617578166927f,0.263879972830282f,-0.6593485101831695f,0.704007742896571f,2.979145985162861f,0f,0f,0f,1f], start_interpolation: 0, interpolation_duration: 1 }
$data merge entity $(bone_chain7) { transformation: [0.9576647123972076f,0.13685425494928f,0.2532769463086839f,-3.1023681056631975f,-0.28636660075180326f,0.5431160617363784f,0.7893155981341204f,-1.4207207688640962f,-0.029537579505298252f,-0.8284297534409566f,0.5593135748493188f,3.035864605033612f,0f,0f,0f,1f], start_interpolation: 0, interpolation_duration: 1 }
$data merge entity $(bone_chain8) { transformation: [0.7702736511346276f,-0.13157561153657757f,0.6239922762474752f,-3.1363649590495193f,-0.6292687606660373f,0.0018892993685679371f,0.7771854716846714f,-2.645026720114325f,-0.10343756192775984f,-0.9913043372227681f,-0.08134114448278501f,2.008971026157885f,0f,0f,0f,1f], start_interpolation: 0, interpolation_duration: 1 }
$data merge entity $(bone_chain4) { transformation: [-0.7826887651895257f,-0.49231549045035106f,-0.38081984547647435f,-2.1160402290977887f,-0.38338719891749107f,-0.10065254925757844f,0.9180867715168053f,-0.16829363885190163f,-0.4903188274503597f,0.864577655384744f,-0.10996783737585902f,-1.572584555351403f,0f,0f,0f,1f], start_interpolation: 0, interpolation_duration: 1 }
$data merge entity $(bone_chain3) { transformation: [0.9958136724434149f,0.004012176065906176f,0.09131830165949742f,-1.1909789887229314f,0.06489740888508486f,0.6725018628919912f,-0.7372445799914729f,-0.7823764214696747f,-0.06436968304070567f,0.7400845538517997f,0.6694261699808436f,-2.0116164271591415f,0f,0f,0f,1f], start_interpolation: 0, interpolation_duration: 1 }
$data merge entity $(bone_chain2) { transformation: [0.6285850519223752f,0.16627644791850413f,-0.7597584980553684f,-4.142952489383143f,-0.06503830266658281f,-0.9622189116316304f,-0.2643951309776523f,-1.963873379993918f,-0.775016678327631f,0.21560823028364434f,-0.5940220865826122f,-3.742993392455099f,0f,0f,0f,1f], start_interpolation: 0, interpolation_duration: 1 }
$data merge entity $(bone_chain) { transformation: [-0.5970421913441976f,-0.8389082223404931f,0.15601167436575308f,-3.4789367180934803f,0.7275034140548999f,-0.653581599101969f,-0.3080573502998741f,-1.3755605817303815f,0.338052369158069f,-0.07507936937670792f,0.9384886927330636f,-2.0735123319635225f,0f,0f,0f,1f], start_interpolation: 0, interpolation_duration: 1 }