# This file was generated by Animated Java via MC-Build. It is not recommended to edit this file directly.
$data merge entity $(bone_chain13) { transformation: [-0.6675543792329522f,0.6795455063455459f,0.30428449775248734f,3.416155870403541f,0.6839886358627039f,0.3982378569221131f,0.6112005851803155f,0.9200753128735419f,0.29416100485547947f,0.6161367657587545f,-0.7306468292566226f,-0.6061768155020307f,0f,0f,0f,1f], start_interpolation: 0, interpolation_duration: 1 }
$data merge entity $(bone_chain14) { transformation: [-0.5997167153209717f,0.1914317697334538f,0.7769773091290005f,2.9548521581178635f,-0.5813034356223881f,0.5630586988977243f,-0.5874106036914977f,-1.0415807233824728f,-0.5499328841760898f,-0.8039395369879004f,-0.22639576800251265f,-2.4342438545070784f,0f,0f,0f,1f], start_interpolation: 0, interpolation_duration: 1 }
$data merge entity $(bone_chain15) { transformation: [-0.7711126557297674f,0.3753557902814291f,-0.5142891238161555f,2.580041362776935f,-0.0567976965153604f,0.7639698658888178f,0.6427472797953879f,-1.8237541848383136f,0.6341603061087426f,0.5248409994617661f,-0.5677874879213526f,0.5077166775775707f,0f,0f,0f,1f], start_interpolation: 0, interpolation_duration: 1 }
$data merge entity $(bone_chain16) { transformation: [-0.005123751970601f,-0.17711562237249184f,0.9841767135415003f,1.8657794079716854f,-0.9916479977893119f,0.1277361044249628f,0.017825153766056673f,-2.439698221756838f,-0.12887201265671405f,-0.9758655357875591f,-0.1762908404196539f,-2.2549913611368075f,0f,0f,0f,1f], start_interpolation: 0, interpolation_duration: 1 }
$data merge entity $(bone_chain9) { transformation: [0.7856284603462917f,0.4423939147426532f,-0.4325223075086249f,0.3069998759655689f,-0.5535521792120148f,0.19035250814370414f,-0.8107687139579514f,1.0721496820333791f,-0.2763474392563552f,0.876386642322937f,0.39443446347192335f,3.5067221730488063f,0f,0f,0f,1f], start_interpolation: 0, interpolation_duration: 1 }
$data merge entity $(bone_chain10) { transformation: [0.08984799725400436f,0.23582907822901156f,-0.9676321528613541f,1.612956635201666f,0.9110943317908722f,0.3729712883892817f,0.17549796755456548f,-0.9357146610078835f,0.4022865346590517f,-0.8973723106375044f,-0.18135181315089616f,3.7793441419490987f,0f,0f,0f,1f], start_interpolation: 0, interpolation_duration: 1 }
$data merge entity $(bone_chain11) { transformation: [-0.8741473525889177f,0.2659646081054471f,-0.4063609641649923f,3.5510358749674067f,0.4249694619931877f,0.01386659482932387f,-0.9051014716157848f,-1.6466371560099646f,-0.23509011534942661f,-0.9638830555535017f,-0.12514828357527766f,2.0386409645894377f,0f,0f,0f,1f], start_interpolation: 0, interpolation_duration: 1 }
$data merge entity $(bone_chain12) { transformation: [-0.2629961877194696f,-0.16908214568344865f,0.9498653763855731f,2.590370356786697f,-0.9585418071497886f,0.15771847217851798f,-0.2373235923369005f,-2.8452691105780703f,-0.10968413372517838f,-0.972900874470136f,-0.20355166239606612f,2.0039488187214554f,0f,0f,0f,1f], start_interpolation: 0, interpolation_duration: 1 }
$data merge entity $(bone_chain5) { transformation: [-0.9268565235066085f,0.028066764770132625f,0.3743651179645101f,-2.451520146627229f,0.2874462070322343f,-0.588372053553579f,0.7557731171852615f,-0.9494046508500593f,0.24147807953523526f,0.8081030771581574f,0.5372687910082737f,2.7186933016648407f,0f,0f,0f,1f], start_interpolation: 0, interpolation_duration: 1 }
$data merge entity $(bone_chain6) { transformation: [0.9638009903405725f,0.2629775793071906f,-0.0439368160005119f,-2.848880718234084f,-0.14610488067991895f,0.6587719695242605f,0.7380195498837638f,-0.8883529941139832f,0.22302693752109687f,-0.7048845898094644f,0.6733473844822628f,3.0402725104248476f,0f,0f,0f,1f], start_interpolation: 0, interpolation_duration: 1 }
$data merge entity $(bone_chain7) { transformation: [0.8670128585546721f,0.2238593198192598f,0.4451693026601383f,-3.1254216878935006f,-0.4979118134289029f,0.3546151734443177f,0.7914113373025418f,-1.532673278384391f,0.01930101419088691f,-0.9078188606176425f,0.418918115098987f,3.0889280359270606f,0f,0f,0f,1f], start_interpolation: 0, interpolation_duration: 1 }
$data merge entity $(bone_chain8) { transformation: [0.7813486311095995f,-0.1727493518009784f,0.5997099116368662f,-3.172009316774365f,-0.5987267309508617f,0.06369878608575313f,0.7984164115899024f,-2.752121717023181f,-0.17612671094428153f,-0.9829039251643793f,-0.05365869536623327f,2.020177367113513f,0f,0f,0f,1f], start_interpolation: 0, interpolation_duration: 1 }
$data merge entity $(bone_chain4) { transformation: [-0.8011395644294289f,-0.4630141842010035f,-0.3792008221701323f,-2.179958349949361f,-0.3909348235205269f,-0.07488529698275057f,0.9173669691321894f,-0.3445383749087967f,-0.45315048501000144f,0.883181780566427f,-0.12101479418119085f,-1.6028199584227f,0f,0f,0f,1f], start_interpolation: 0, interpolation_duration: 1 }
$data merge entity $(bone_chain3) { transformation: [0.9941117577623898f,0.09438291357339942f,0.053232308835595765f,-1.1906640452011779f,-0.021901884766124965f,0.6561313288974453f,-0.7543288319313826f,-0.9170143034194809f,-0.1061231384866817f,0.7487212731482048f,0.6543350323901881f,-2.0255923446890445f,0f,0f,0f,1f], start_interpolation: 0, interpolation_duration: 1 }
$data merge entity $(bone_chain2) { transformation: [0.5981346472965263f,0.04789982395053611f,-0.7999628432427143f,-4.1833277591246585f,-0.1595961358455463f,-0.9710977384810804f,-0.17747747952937792f,-2.1505264195307046f,-0.785343247966537f,0.23382640822293474f,-0.5732025764866482f,-3.806432360581314f,0f,0f,0f,1f], start_interpolation: 0, interpolation_duration: 1 }
$data merge entity $(bone_chain) { transformation: [-0.6343362753819649f,-0.7960148321616547f,0.2046599499028713f,-3.5648135135607237f,0.7162270155958722f,-0.7115411263386076f,-0.2073113575216356f,-1.483621577095978f,0.2909232748770131f,0.016100099282130603f,0.9566275690927426f,-2.0938441198044297f,0f,0f,0f,1f], start_interpolation: 0, interpolation_duration: 1 }