# This file was generated by Animated Java via MC-Build. It is not recommended to edit this file directly.
$data merge entity $(bone_chain13) { transformation: [-0.7590604462442054f,0.631125623936862f,0.1597112574549902f,3.465310235696508f,0.5900462915338112f,0.5632828866186935f,0.5784096848166604f,0.811383666985457f,0.27508655509629043f,0.5332849486464231f,-0.799959093174418f,-0.6202943336792683f,0f,0f,0f,1f], start_interpolation: 0, interpolation_duration: 1 }
$data merge entity $(bone_chain14) { transformation: [-0.7089231272387718f,0.1296946585791984f,0.6932584620486253f,2.9881014796603895f,-0.4873957075102411f,0.6203810366516256f,-0.614469522160087f,-1.1519855138088517f,-0.5097778182371134f,-0.7735028538402942f,-0.376589844704194f,-2.49120694231696f,0f,0f,0f,1f], start_interpolation: 0, interpolation_duration: 1 }
$data merge entity $(bone_chain15) { transformation: [-0.7427781572134532f,0.5233714590478319f,-0.41756786875995444f,2.6222635322591055f,0.05268748309737162f,0.6674225984961535f,0.7428129671333873f,-1.952298823221795f,0.6674613384245196f,0.529744646854299f,-0.5233220526958167f,0.5267179268528391f,0f,0f,0f,1f], start_interpolation: 0, interpolation_duration: 1 }
$data merge entity $(bone_chain16) { transformation: [0.026031141491420582f,-0.292963219930266f,0.9557692877681015f,1.8721898776782782f,-0.9964949224997313f,0.06843058622997561f,0.04811573859431237f,-2.5376831374500126f,-0.07949999437048982f,-0.9536717499414105f,-0.2901550348671889f,-2.273526572351887f,0f,0f,0f,1f], start_interpolation: 0, interpolation_duration: 1 }
$data merge entity $(bone_chain9) { transformation: [0.7744772448073675f,0.5216603878489033f,-0.3578483436106981f,0.3177464329747539f,-0.5659154916126098f,0.31852947374115337f,-0.7604463365097117f,0.9656029847990932f,-0.28270948627247494f,0.7914603048211043f,0.5419095240573261f,3.592237741557166f,0f,0f,0f,1f], start_interpolation: 0, interpolation_duration: 1 }
$data merge entity $(bone_chain10) { transformation: [0.1242548800216375f,0.11646100207468249f,-0.9853920842926278f,1.6810204205184562f,0.9209100350861898f,0.3562159769456792f,0.15822416075362086f,-1.0784612895625778f,0.36943934829463f,-0.9271175830305433f,-0.06298853202959298f,3.8662357293072374f,0f,0f,0f,1f], start_interpolation: 0, interpolation_duration: 1 }
$data merge entity $(bone_chain11) { transformation: [-0.8912529960669969f,0.22651293136987538f,-0.39288673803505714f,3.607993532431922f,0.3676140628936594f,-0.14647535201403708f,-0.9183707704490494f,-1.7450773824277837f,-0.26557107855415674f,-0.9629313906891759f,0.047277257333646155f,2.0394155745530025f,0f,0f,0f,1f], start_interpolation: 0, interpolation_duration: 1 }
$data merge entity $(bone_chain12) { transformation: [-0.2832510360308712f,-0.31368311763579293f,0.9062956208090864f,2.6008814362668033f,-0.9552582059825248f,0.1761825834194351f,-0.23757410886437563f,-2.9498785608517064f,-0.0851505166777429f,-0.9330394412938519f,-0.3495522714839231f,2.012741666486745f,0f,0f,0f,1f], start_interpolation: 0, interpolation_duration: 1 }
$data merge entity $(bone_chain5) { transformation: [-0.9383035532062046f,0.14332931332625268f,0.3147112168036534f,-2.501021625767496f,0.19037038929477176f,-0.5456616607913845f,0.8160958686466591f,-1.1308359611730685f,0.28869630569227633f,0.8256573501664071f,0.484710617993684f,2.7940320734976902f,0f,0f,0f,1f], start_interpolation: 0, interpolation_duration: 1 }
$data merge entity $(bone_chain6) { transformation: [0.943009287748355f,0.31693371345856547f,0.10142240627052326f,-2.8818553112187466f,-0.2786987940922265f,0.5856759865178165f,0.7611245765233972f,-1.0294854693467002f,0.18182537059463885f,-0.7460138471166244f,0.6406269386455545f,3.100830280439372f,0f,0f,0f,1f], start_interpolation: 0, interpolation_duration: 1 }
$data merge entity $(bone_chain7) { transformation: [0.7272337727136767f,0.2369307448019278f,0.6442009484564862f,-3.1478484177587935f,-0.6833271600740578f,0.16134732942307556f,0.7120611150688994f,-1.6438606449813036f,0.06476906769249913f,-0.9580348957400485f,0.2792384400733524f,3.141457713443733f,0f,0f,0f,1f], start_interpolation: 0, interpolation_duration: 1 }
$data merge entity $(bone_chain8) { transformation: [0.7860478797647384f,-0.21768222517318295f,0.5785699435340649f,-3.2071195854939596f,-0.5663052679235236f,0.12167589531531364f,0.8151645968890473f,-2.858358111854682f,-0.2478448592152463f,-0.9684056099294698f,-0.027631511317809637f,2.031097261600552f,0f,0f,0f,1f], start_interpolation: 0, interpolation_duration: 1 }
$data merge entity $(bone_chain4) { transformation: [-0.8176066684607214f,-0.4330382334825236f,-0.37946966154212614f,-2.243491141709938f,-0.398861812664443f,-0.0493303467413041f,0.915683226497252f,-0.5200156063471593f,-0.4152452168136258f,0.9000246692356374f,-0.13238959430667777f,-1.6327242722257183f,0f,0f,0f,1f], start_interpolation: 0, interpolation_duration: 1 }
$data merge entity $(bone_chain3) { transformation: [0.9831715050883433f,0.18226078858551606f,0.012441725222324534f,-1.1901219931109146f,-0.10704488350460253f,0.629943554806074f,-0.7692285165500383f,-1.0508645334382674f,-0.14803778064334822f,0.7549517353463548f,0.6388526377809828f,-2.0391447597045955f,0f,0f,0f,1f], start_interpolation: 0, interpolation_duration: 1 }
$data merge entity $(bone_chain2) { transformation: [0.5514925049287899f,-0.0696482409168516f,-0.8312671890220117f,-4.222832811655335f,-0.25140034635705194f,-0.9640536429765252f,-0.08601418089620425f,-2.3364586557469758f,-0.7953954254702017f,0.2564170353172325f,-0.549177950340505f,-3.869168554847593f,0f,0f,0f,1f], start_interpolation: 0, interpolation_duration: 1 }
$data merge entity $(bone_chain) { transformation: [-0.6686041608542169f,-0.7510864575602146f,0.24447104399604447f,-3.650192323522993f,0.7027829921247903f,-0.7531465561941804f,-0.1009179631234515f,-1.591178538844419f,0.24303197746089933f,0.11158638409621346f,0.9643907265037842f,-2.113895379789128f,0f,0f,0f,1f], start_interpolation: 0, interpolation_duration: 1 }