# This file was generated by Animated Java via MC-Build. It is not recommended to edit this file directly.
$data merge entity $(bone_chain13) { transformation: [-0.8363802668292168f,0.5470296726244971f,0.03502265733812017f,3.5136289489686847f,0.48651469135548764f,0.7113843552229491f,0.5071841423381682f,0.7035976625504845f,0.25253020483491156f,0.44123784562564916f,-0.8611258091787015f,-0.6342763260487079f,0f,0f,0f,1f], start_interpolation: 0, interpolation_duration: 1 }
$data merge entity $(bone_chain14) { transformation: [-0.8004470779220714f,0.09474415121033378f,0.5918682465358747f,3.020700256015666f,-0.3765732201318619f,0.6887466932177669f,-0.6195325677162675f,-1.2612351140042743f,-0.4663443848976181f,-0.7187847649978572f,-0.5156271679047154f,-2.5476195194346287f,0f,0f,0f,1f], start_interpolation: 0, interpolation_duration: 1 }
$data merge entity $(bone_chain15) { transformation: [-0.6991657264917025f,0.6490861940961534f,-0.29975723432988305f,2.6639782022251435f,0.1555806401128486f,0.5473433037631966f,0.8223198722198467f,-2.079709192240111f,0.6978265911538524f,0.5283014484736526f,-0.48366892418185636f,0.5454329845613147f,0f,0f,0f,1f], start_interpolation: 0, interpolation_duration: 1 }
$data merge entity $(bone_chain16) { transformation: [0.056269053264645236f,-0.4017782006241241f,0.9140066034487613f,1.8783559276286974f,-0.9979724353228178f,0.004640700812996779f,0.06347820280858693f,-2.634636297357305f,-0.029745789290996305f,-0.915725254319878f,-0.4007024414952452f,-2.291712097324016f,0f,0f,0f,1f], start_interpolation: 0, interpolation_duration: 1 }
$data merge entity $(bone_chain9) { transformation: [0.7636335415665673f,0.5873932939491104f,-0.26801666444106687f,0.32843993700643737f,-0.577282434832489f,0.4352605564564127f,-0.6908641244319513f,0.8599234237168889f,-0.2891518712171418f,0.6822883307054779f,0.6714713911662636f,3.676857384031634f,0f,0f,0f,1f], start_interpolation: 0, interpolation_duration: 1 }
$data merge entity $(bone_chain10) { transformation: [0.15945195923113228f,-0.005791592210188087f,-0.9871887003795294f,1.748727631242535f,0.9281665095566753f,0.34150850823093515f,0.14791507476677151f,-1.2200506992668905f,0.33627667661426003f,-0.9398608387764394f,0.05982976265802997f,3.952226889001027f,0f,0f,0f,1f], start_interpolation: 0, interpolation_duration: 1 }
$data merge entity $(bone_chain11) { transformation: [-0.9041662891783685f,0.2001043373653819f,-0.3774143289290701f,3.6641969478418854f,0.3088296724443964f,-0.30421527278325927f,-0.901153317268096f,-1.842451711423417f,-0.2951398904440161f,-0.9313491944340578f,0.2132630373405709f,2.039845391104558f,0f,0f,0f,1f], start_interpolation: 0, interpolation_duration: 1 }
$data merge entity $(bone_chain12) { transformation: [-0.3036911311358969f,-0.4482848598516235f,0.840721345807997f,2.610969844180038f,-0.9508392119375346f,0.19875452565409588f,-0.23748985572866757f,-3.0533527941193017f,-0.06063406560183346f,-0.8715143848266795f,-0.48660680957911684f,2.0212536769745553f,0f,0f,0f,1f], start_interpolation: 0, interpolation_duration: 1 }
$data merge entity $(bone_chain5) { transformation: [-0.9376249310796224f,0.24939379341389392f,0.24220285800246327f,-2.549919808532656f,0.09436504766498552f,-0.48795570296567403f,0.8677525394503086f,-1.310848759506961f,0.3345963633949395f,0.836481899236261f,0.4339853751602453f,2.868673649184881f,0f,0f,0f,1f], start_interpolation: 0, interpolation_duration: 1 }
$data merge entity $(bone_chain6) { transformation: [0.9026040372787033f,0.35266975651613314f,0.24684001848775833f,-2.914205151396538f,-0.40710594084988344f,0.5129822413177411f,0.7557208300803665f,-1.169473524014708f,0.13989533520784986f,-0.782606710252013f,0.6065937951014712f,3.16068831402725f,0f,0f,0f,1f], start_interpolation: 0, interpolation_duration: 1 }
$data merge entity $(bone_chain7) { transformation: [0.5462188196052808f,0.17888422304088603f,0.818318664003255f,-3.1696529824564044f,-0.8312336369238141f,-0.004860750168100003f,0.555901982326212f,-1.7539987370221997f,0.10341973677892594f,-0.9838581238445215f,0.14603955008735078f,3.193345183382288f,0f,0f,0f,1f], start_interpolation: 0, interpolation_duration: 1 }
$data merge entity $(bone_chain8) { transformation: [0.7843367761153272f,-0.26529004705484344f,0.560746834647021f,-3.2416459393567774f,-0.5326639736995415f,0.17527357416911016f,0.8279784208061216f,-2.963480368557865f,-0.31793853612864936f,-0.9481035624506556f,-0.003836940545160955f,2.041730592145862f,0f,0f,0f,1f], start_interpolation: 0, interpolation_duration: 1 }
$data merge entity $(bone_chain4) { transformation: [-0.8320718849043032f,-0.40264331645530704f,-0.3814901546117168f,-2.3064741751654987f,-0.4070383843813221f,-0.023971850447190496f,0.9130964374185132f,-0.6942252818468251f,-0.3767972027391435f,0.9150430099727604f,-0.14394498222566768f,-1.662239235813345f,0f,0f,0f,1f], start_interpolation: 0, interpolation_duration: 1 }
$data merge entity $(bone_chain3) { transformation: [0.9633862870641783f,0.26632684796676953f,-0.03093334687326868f,-1.1893836805833982f,-0.1894423951743977f,0.5945069594889516f,-0.7814557274918326f,-1.183569636212463f,-0.18973255073203457f,0.7587038191358253f,0.6231934483139474f,-2.0522822170954695f,0f,0f,0f,1f], start_interpolation: 0, interpolation_duration: 1 }
$data merge entity $(bone_chain2) { transformation: [0.48902494666015517f,-0.1832419216031318f,-0.8528053703578702f,-4.261445998549663f,-0.337303716726669f,-0.9413542984629656f,0.008848019420918979f,-2.5211289061989057f,-0.8044133292197533f,0.2833275188408102f,-0.5221539168110328f,-3.931080795475051f,0f,0f,0f,1f], start_interpolation: 0, interpolation_duration: 1 }
$data merge entity $(bone_chain) { transformation: [-0.6997115790921498f,-0.7059973912131347f,0.27571265214451146f,-3.734849643403697f,0.6873901421307926f,-0.7779378058988241f,0.008433008516989055f,-1.6979261747529761f,0.19467536717771664f,0.20933428874864657f,0.9612031095532267f,-2.1336345271593817f,0f,0f,0f,1f], start_interpolation: 0, interpolation_duration: 1 }