# This file was generated by Animated Java via MC-Build. It is not recommended to edit this file directly.
$data merge entity $(bone_chain13) { transformation: [-0.898475679643899f,0.434714925971888f,-0.06135459416938321f,3.561044916691139f,0.3757590466252912f,0.8337289786819688f,0.4045999616722341f,0.5970128540953561f,0.22703874552086056f,0.34046868173618683f,-0.9124332768970765f,-0.6480882134169779f,0f,0f,0f,1f], start_interpolation: 0, interpolation_duration: 1 }
$data merge entity $(bone_chain14) { transformation: [-0.871379819473697f,0.09075587746222125f,0.48214166063518027f,3.0526156005342333f,-0.2522850380619186f,0.7599611102865f,-0.5990086563833669f,-1.3690639297595655f,-0.4207724679492271f,-0.6436011820671032f,-0.6393184250885814f,-2.6033425999416813f,0f,0f,0f,1f], start_interpolation: 0, interpolation_duration: 1 }
$data merge entity $(bone_chain15) { transformation: [-0.642013072743086f,0.7484851612917744f,-0.16609990292895208f,2.70509692593519f,0.24984291537311146f,0.4090632230940722f,0.8776364834883252f,-2.20564668415893f,0.7248432465470347f,0.521955211524816f,-0.44962765161546636f,0.5638305166294603f,0f,0f,0f,1f], start_interpolation: 0, interpolation_duration: 1 }
$data merge entity $(bone_chain16) { transformation: [0.08529361088856563f,-0.501828061249481f,0.8607517626378568f,1.8842886535081411f,-0.9961537231135278f,-0.06035147544399966f,0.06352526535788042f,-2.730321912022061f,0.020068878111313943f,-0.8628593722932606f,-0.5050454868395853f,-2.3095277028887344f,0f,0f,0f,1f], start_interpolation: 0, interpolation_duration: 1 }
$data merge entity $(bone_chain9) { transformation: [0.75310161560643f,0.6365781765326795f,-0.16615108104768286f,0.33904672272438163f,-0.5877392756240782f,0.5374915435824605f,-0.6047027240439946f,0.7554039244681974f,-0.29563575639605655f,0.5530561144582643f,0.7789277462001585f,3.760382628572902f,0f,0f,0f,1f], start_interpolation: 0, interpolation_duration: 1 }
$data merge entity $(bone_chain10) { transformation: [0.19514196641259934f,-0.1281385824513227f,-0.9723683029757758f,1.8158680593374208f,0.9328008174274172f,0.3305282917092556f,0.1436442946535088f,-1.3600928817062847f,0.3029888578006904f,-0.9350569779789502f,0.1840277152537258f,4.037114502767818f,0f,0f,0f,1f], start_interpolation: 0, interpolation_duration: 1 }
$data merge entity $(bone_chain11) { transformation: [-0.9127261474171143f,0.18554349708458867f,-0.3640117999608438f,3.7195370088860167f,0.24927584835237926f,-0.45301207902732477f,-0.855944862525351f,-1.9385276006023762f,-0.3237167453952817f,-0.8719826070197512f,0.36722445698199935f,2.0399779497442045f,0f,0f,0f,1f], start_interpolation: 0, interpolation_duration: 1 }
$data merge entity $(bone_chain12) { transformation: [-0.32416124601891294f,-0.5693068711136416f,0.7555191414400175f,2.620656983251572f,-0.9453070182552843f,0.22554211778158678f,-0.2356382701173571f,-3.1554456365737606f,-0.03625090090976413f,-0.790582342080439f,-0.6112817947345057f,2.0294920955657823f,0f,0f,0f,1f], start_interpolation: 0, interpolation_duration: 1 }
$data merge entity $(bone_chain5) { transformation: [-0.9254941244401057f,0.34386282202301655f,0.15880486534489288f,-2.598112215937284f,0.000922853711928448f,-0.4172250900869266f,0.9088027137629942f,-1.488942154882584f,0.3787608400664839f,0.8412381255223301f,0.3858220343627463f,2.9424296791699933f,0f,0f,0f,1f], start_interpolation: 0, interpolation_duration: 1 }
$data merge entity $(bone_chain6) { transformation: [0.8440580841836574f,0.3717148835834905f,0.3865151948458505f,-2.9458946321363895f,-0.5274282135535435f,0.4452372205199853f,0.7235905589567593f,-1.3079314986178647f,0.09687842934281757f,-0.814611479655271f,0.5718589923590589f,3.2197156300092957f,0f,0f,0f,1f], start_interpolation: 0, interpolation_duration: 1 }
$data merge entity $(bone_chain7) { transformation: [0.33493789255311823f,0.06571495253302735f,0.9399458245801497f,-3.1908400691836594f,-0.9329086721566614f,-0.11691872157167113f,0.3406044949218087f,-1.8628034228744397f,0.13228007237286385f,-0.9909649628314957f,0.022145538905203987f,3.2444819915413814f,0f,0f,0f,1f], start_interpolation: 0, interpolation_duration: 1 }
$data merge entity $(bone_chain8) { transformation: [0.7763310892034948f,-0.3144894453818096f,0.5462658955852523f,-3.2755385525112937f,-0.4984739009968172f,0.22411330492374007f,0.8374347715381625f,-3.067232951081758f,-0.38578985207121674f,-0.9224259402790018f,0.01722134545464618f,2.0520772412763f,0f,0f,0f,1f], start_interpolation: 0, interpolation_duration: 1 }
$data merge entity $(bone_chain4) { transformation: [-0.8445432883476512f,-0.37207451112462364f,-0.3851067284251319f,-2.368743021102017f,-0.41532742824937835f,0.0011865538302184286f,0.909671215018792f,-0.8666673500876219f,-0.3380085227486037f,0.9282021063655156f,-0.15553484589610897f,-1.6913065882384655f,0f,0f,0f,1f], start_interpolation: 0, interpolation_duration: 1 }
$data merge entity $(bone_chain3) { transformation: [0.9353279459664028f,0.34537931472405825f,-0.07664699899546132f,-1.188479955749885f,-0.26809559051167897f,0.5505945211214474f,-0.7905507116303407f,-1.314772136428493f,-0.23083844533020156f,0.7599728957481208f,0.6075811138323439f,-2.0650132617513393f,0f,0f,0f,1f], start_interpolation: 0, interpolation_duration: 1 }
$data merge entity $(bone_chain2) { transformation: [0.41187086882354906f,-0.28988643080879917f,-0.8639029139014816f,-4.299145671382129f,-0.4142796246124599f,-0.9039766965363322f,0.10582308231297871f,-2.70399598844266f,-0.8116247778656678f,0.3143119300188834f,-0.4924157091343759f,-3.9920479026848f,0f,0f,0f,1f], start_interpolation: 0, interpolation_duration: 1 }
$data merge entity $(bone_chain) { transformation: [-0.7275717933190079f,-0.6624418511711578f,0.2990064300466822f,-3.8185619686262418f,0.6702822514425875f,-0.7860469850967735f,0.11808917434357441f,-1.8035591925989152f,0.14615399059765327f,0.30720568833295725f,0.9469161006623512f,-2.1530299771569545f,0f,0f,0f,1f], start_interpolation: 0, interpolation_duration: 1 }