# This file was generated by Animated Java via MC-Build. It is not recommended to edit this file directly.
$data merge entity $(bone_chain13) { transformation: [-0.944772670281875f,0.3034674046028576f,-0.12374221523821737f,3.607491045334937f,0.26022843068621443f,0.9241739856608053f,0.2796133188716369f,0.4919247961467996f,0.1992128644215674f,0.23196977943565653f,-0.9521051707020223f,-0.6616954165907074f,0f,0f,0f,1f], start_interpolation: 0, interpolation_duration: 1 }
$data merge entity $(bone_chain14) { transformation: [-0.9197079460642061f,0.11849673076615411f,0.3742937599587962f,3.083814626566628f,-0.11853055291545718f,0.82507007037788f,-0.5524580409336043f,-1.4752063668655557f,-0.3742830506073115f,-0.552465296434422f,-0.7447780167699037f,-2.658237197919714f,0f,0f,0f,1f], start_interpolation: 0, interpolation_duration: 1 }
$data merge entity $(bone_chain15) { transformation: [-0.5733467177923457f,0.8190055692107341f,-0.022436996201499054f,2.745531256649393f,0.3338268601924438f,0.25852989046712294f,0.9064887882092707f,-2.3297726912439263f,0.7482200001408671f,0.51224229944125f,-0.4216333218002841f,0.5818791889837397f,0f,0f,0f,1f], start_interpolation: 0, interpolation_duration: 1 }
$data merge entity $(bone_chain16) { transformation: [0.11283550652621264f,-0.5918717712430955f,0.798095204140793f,1.889999151001807f,-0.991171657297818f,-0.12332785019677295f,0.048672241938701094f,-2.8245041919876313f,0.06961963973240701f,-0.7965413032425898f,-0.6005622848565556f,-2.3269531558815846f,0f,0f,0f,1f], start_interpolation: 0, interpolation_duration: 1 }
$data merge entity $(bone_chain9) { transformation: [0.7428800440388443f,0.667079151973055f,-0.055987902012448645f,0.34953312479235044f,-0.5973696201116954f,0.6228495306354878f,-0.5051811547898052f,0.6523374127344446f,-0.30212377784023264f,0.40873447027387194f,0.8611953063466405f,3.8426150032816633f,0f,0f,0f,1f], start_interpolation: 0, interpolation_duration: 1 }
$data merge entity $(bone_chain10) { transformation: [0.23102026274971552f,-0.24764705084211663f,-0.9409041271076741f,1.8822314967666345f,0.9348019394054232f,0.32463338039549516f,0.14407811220602698f,-1.4981978284662312f,0.2697683678323147f,-0.9128439661531405f,0.30649783225153954f,4.120695452344967f,0f,0f,0f,1f], start_interpolation: 0, interpolation_duration: 1 }
$data merge entity $(bone_chain11) { transformation: [-0.9168815424415077f,0.1806039650280687f,-0.35596410626104175f,3.7739046032530372f,0.189627280202172f,-0.58764277028531f,-0.7865859578803409f,-2.0330725075701777f,-0.351240276353964f,-0.7887066516440361f,0.5045513709417948f,2.039860785972042f,0f,0f,0f,1f], start_interpolation: 0, interpolation_duration: 1 }
$data merge entity $(bone_chain12) { transformation: [-0.34450691539699996f,-0.6737691494316983f,0.6537202142489785f,2.629964256206576f,-0.9387056045514721f,0.2562198703806613f,-0.23061475669560308f,-3.255910914407993f,-0.012115000094896827f,-0.6930992073983371f,-0.7207403939536742f,2.037464167641322f,0f,0f,0f,1f], start_interpolation: 0, interpolation_duration: 1 }
$data merge entity $(bone_chain5) { transformation: [-0.9027997378779395f,0.42484036292549493f,0.06680792854787174f,-2.6454963689959596f,-0.08862329570366274f,-0.33579366546176337f,0.9377571784286032f,-1.664615256330796f,0.42083077922859324f,0.8406861960714517f,0.34080518627035017f,3.0151118138966084f,0f,0f,0f,1f], start_interpolation: 0, interpolation_duration: 1 }
$data merge entity $(bone_chain6) { transformation: [0.7696874945426485f,0.37666072744063156f,0.5154685801758971f,-2.9768881468072346f,-0.6362596476349239f,0.38618962747462854f,0.6678556973048073f,-1.4444737336560358f,0.05248639381919347f,-0.842012035564161f,0.5368993485085962f,3.277781247206325f,0f,0f,0f,1f], start_interpolation: 0, interpolation_duration: 1 }
$data merge entity $(bone_chain7) { transformation: [0.10643967931078302f,-0.076877921757582f,0.9913427156208153f,-3.211414365137883f,-0.9830730579991527f,-0.15766354234335328f,0.09332507729404899f,-1.969990570905391f,0.14912396623082502f,-0.9844958062693719f,-0.0923582705208743f,3.294759683719671f,0f,0f,0f,1f], start_interpolation: 0, interpolation_duration: 1 }
$data merge entity $(bone_chain8) { transformation: [0.7622923138822142f,-0.3642377054220902f,0.5350152541236092f,-3.308747599105984f,-0.46439318862443485f,0.2679822716174914f,0.8441116445458854f,-3.1693603233753986f,-0.45083189167951454f,-0.8919172585209794f,0.035131316472497454f,2.0621370915187263f,0f,0f,0f,1f], start_interpolation: 0, interpolation_duration: 1 }
$data merge entity $(bone_chain4) { transformation: [-0.855056190225193f,-0.341562698517887f,-0.39014591442017915f,-2.430133250305472f,-0.4235869707621196f,0.02612059506734976f,0.9054787643638578f,-1.0368417597493886f,-0.29908692675901094f,0.9394959486312364f,-0.16701608529522993f,-1.719868068553967f,0f,0f,0f,1f], start_interpolation: 0, interpolation_duration: 1 }
$data merge entity $(bone_chain3) { transformation: [0.8997256804704623f,0.41837143088516043f,-0.12433441084859381f,-1.1874416667416323f,-0.34212380024386296f,0.4991584116171204f,-0.7961106615405742f,-1.4441145587727882f,-0.27100738958312715f,0.7588189678249857f,0.5922404654026625f,-2.0773464385618805f,0f,0f,0f,1f], start_interpolation: 0, interpolation_duration: 1 }
$data merge entity $(bone_chain2) { transformation: [0.3218972289095751f,-0.3869061240017878f,-0.8641098455811335f,-4.335910181727222f,-0.47962176178924576f,-0.8535495404980635f,0.20350957602463132f,-2.88451872003441f,-0.8162996628925661f,0.34893671793816505f,-0.4603238286641533f,-4.051948696697956f,0f,0f,0f,1f], start_interpolation: 0, interpolation_duration: 1 }
$data merge entity $(bone_chain) { transformation: [-0.7521471330572828f,-0.6218524366958477f,0.3152558097501691f,-3.901105794614037f,0.6517025197868918f,-0.7781656660432352f,0.22555582015059927f,-1.9077723001595086f,0.09776766304420975f,0.4030780392974541f,0.9218125332273129f,-2.1720501450236114f,0f,0f,0f,1f], start_interpolation: 0, interpolation_duration: 1 }