# This file was generated by Animated Java via MC-Build. It is not recommended to edit this file directly.
$data merge entity $(bone_chain13) { transformation: [-0.9751613430646279f,0.1634150182609494f,-0.14951885098262602f,3.6529002413711504f,0.14236505799482058f,0.9795614737102392f,0.14209683136775286f,0.388629043231544f,0.16968366230878718f,0.11728107703034531f,-0.9784950708695878f,-0.6750633563765254f,0f,0f,0f,1f], start_interpolation: 0, interpolation_duration: 1 }
$data merge entity $(bone_chain14) { transformation: [-0.9444198191676341f,0.1752790061588816f,0.27811593834825105f,3.1142644474633876f,0.02037641743638005f,0.8755856906412725f,-0.4826328832111465f,-1.5793968311130724f,-0.32810974806584436f,-0.45014105383113046f,-0.8304920378185257f,-2.712164327450326f,0f,0f,0f,1f], start_interpolation: 0, interpolation_duration: 1 }
$data merge entity $(bone_chain15) { transformation: [-0.49538723396502415f,0.8596052269058637f,0.12518123781382268f,2.785192747627897f,0.40631286414270257f,0.10192315473721045f,0.9080316772891617f,-2.4517486057607707f,0.767789909321968f,0.5006900482379623f,-0.3997600914784152f,0.5995476675506165f,0f,0f,0f,1f], start_interpolation: 0, interpolation_duration: 1 }
$data merge entity $(bone_chain16) { transformation: [0.13865986473437233f,-0.6711674991755513f,0.7282222394037974f,1.895498515794893f,-0.983214655347141f,-0.18134469424989202f,0.020075940277244825f,-2.9169473477973638f,0.1185849207211774f,-0.7187825052947859f,-0.6850469521570787f,-2.343968223138108f,0f,0f,0f,1f], start_interpolation: 0, interpolation_duration: 1 }
$data merge entity $(bone_chain9) { transformation: [0.7329624596336624f,0.6777587216650596f,0.058387909490875016f,0.3598654778741063f,-0.6062544210983021f,0.6897381334709233f,-0.39587483392457434f,0.5510168141970602f,-0.3085799890895926f,0.25476346371289316f,0.916446380259355f,3.9233560362586095f,0f,0f,0f,1f], start_interpolation: 0, interpolation_duration: 1 }
$data merge entity $(bone_chain10) { transformation: [0.26678260735170745f,-0.36140329800910626f,-0.8934286186387618f,1.9476077354936971f,0.9342103860212994f,0.32475789641734853f,0.14759154232039823f,-1.6339755311321962f,0.23680792863533937f,-0.8740251511842895f,0.424266472906734f,4.202766619469828f,0f,0f,0f,1f], start_interpolation: 0, interpolation_duration: 1 }
$data merge entity $(bone_chain11) { transformation: [-0.9166923574796354f,0.1823722387391431f,-0.3555495581149008f,3.82719061863167f,0.13055324910162125f,-0.7042605376727824f,-0.6978344676396065f,-2.125853889932334f,-0.37766515710009346f,-0.6861176732996435f,0.6217809642458069f,2.0395414352881724f,0f,0f,0f,1f], start_interpolation: 0, interpolation_duration: 1 }
$data merge entity $(bone_chain12) { transformation: [-0.3645767429117387f,-0.7594232447142881f,0.5388507529135413f,2.638913065770222f,-0.9311003095678542f,0.29006149843415957f,-0.2211708404125105f,-3.3545024538149057f,0.011662420439777887f,-0.5823578474733148f,-0.8128488945897222f,2.045177138582069f,0f,0f,0f,1f], start_interpolation: 0, interpolation_duration: 1 }
$data merge entity $(bone_chain5) { transformation: [-0.8706066181682606f,0.49098387751169825f,-0.031288151514630394f,-2.69196978872326f,-0.17312965834559293f,-0.2462212279568576f,0.9536253081292225f,-1.8373671728824523f,0.4605108443921412f,0.835649411492041f,0.299365701559551f,3.0865317038083093f,0f,0f,0f,1f], start_interpolation: 0, interpolation_duration: 1 }
$data merge entity $(bone_chain6) { transformation: [0.6824784393857014f,0.37083539331173976f,0.6298446561184623f,-3.007150088778004f,-0.7308764421783036f,0.3385375401870544f,0.5926313864054811f,-1.5787145696290832f,0.006542632684253008f,-0.8647967651138767f,0.5020794249978111f,3.334754184439152f,0f,0f,0f,1f], start_interpolation: 0, interpolation_duration: 1 }
$data merge entity $(bone_chain7) { transformation: [-0.1253633815999777f,-0.21898959034226453f,0.9676402130314478f,-3.2313805575164034f,-0.9802951836705844f,-0.12273753159766759f,-0.15478000907599945f,-2.0752760494824165f,0.1526609820028463f,-0.9679767857025491f,-0.19928764867619872f,3.3440698057158142f,0f,0f,0f,1f], start_interpolation: 0, interpolation_duration: 1 }
$data merge entity $(bone_chain8) { transformation: [0.742617550089068f,-0.4135680038283478f,0.5267643500742495f,-3.341223253289323f,-0.43104415959408815f,0.3068230707204967f,0.8485638077089261f,-3.2696069493878186f,-0.5125622955110304f,-0.8572170725569346f,0.04958612444406546f,2.0719100253999985f,0f,0f,0f,1f], start_interpolation: 0, interpolation_duration: 1 }
$data merge entity $(bone_chain4) { transformation: [-0.8636734415764722f,-0.3113211350099049f,-0.3964181343122392f,-2.4904804335618413f,-0.4316728743030267f,0.05078496443185174f,0.9005994764481152f,-1.2042484595119574f,-0.2602435703459651f,0.9489468047703203f,-0.17825051419220236f,-1.7478654158127354f,0f,0f,0f,1f], start_interpolation: 0, interpolation_duration: 1 }
$data merge entity $(bone_chain3) { transformation: [0.8574400954735019f,0.48444330514271045f,-0.17352569486043992f,-1.186299661689896f,-0.41078708629828914f,0.44129778475930087f,-0.7978159154197761f,-1.5712394279317758f,-0.309920074220683f,0.7553614692774185f,0.5773894684925468f,-2.0892902924167664f,0f,0f,0f,1f], start_interpolation: 0, interpolation_duration: 1 }
$data merge entity $(bone_chain2) { transformation: [0.22159560298185252f,-0.4721093170896793f,-0.8532339547018891f,-4.371717881159429f,-0.5311245005773606f,-0.7922452313147501f,0.30042346503808054f,-3.0621559185303266f,-0.8178032487252408f,0.3866009391816764f,-0.42630688499986447f,-4.110661997735632f,0f,0f,0f,1f], start_interpolation: 0, interpolation_duration: 1 }
$data merge entity $(bone_chain) { transformation: [-0.7734492597403126f,-0.585344590675171f,0.32555914970880423f,-3.9822576167904913f,0.6318980026615992f,-0.7554833770913183f,0.32859986528903184f,-2.0102602052120244f,0.04981121198529422f,0.4949507489320916f,0.8865852291646363f,-2.1906634460011167f,0f,0f,0f,1f], start_interpolation: 0, interpolation_duration: 1 }