# This file was generated by Animated Java via MC-Build. It is not recommended to edit this file directly.
$data merge entity $(bone_chain13) { transformation: [-0.9899762950555085f,0.02454097678693568f,-0.13908513826614233f,3.697205411270847f,0.02451852891835423f,0.999697617218807f,0.0018750644574187514f,0.2874211498763177f,0.13908909722853433f,-0.0015538936201461018f,-0.9902786519191296f,-0.6881574535810607f,0f,0f,0f,1f], start_interpolation: 0, interpolation_duration: 1 }
$data merge entity $(bone_chain14) { transformation: [-0.9455408118782634f,0.25541793525484335f,0.20177772776683547f,3.1439321765750536f,0.16006135926047738f,0.9046132808661342f,-0.39503819227043946f,-1.6813697282929425f,-0.28343065173739224f,-0.3412279156674626f,-0.8962313179224191f,-2.7649850026151133f,0f,0f,0f,1f], start_interpolation: 0, interpolation_duration: 1 }
$data merge entity $(bone_chain15) { transformation: [-0.4104526223174535f,0.8707207551358624f,0.27087637661553143f,2.823992952130846f,0.46652396953644654f,-0.054721932772957366f,0.8828141910512927f,-2.5712358199751364f,0.7835075179477745f,0.4887237222083915f,-0.38375134223881524f,0.6168046182565537f,0f,0f,0f,1f], start_interpolation: 0, interpolation_duration: 1 }
$data merge entity $(bone_chain16) { transformation: [0.1625723789563316f,-0.7394445300831751f,0.6532932025748861f,1.9007978435725972f,-0.9725212489429838f,-0.23191144878549907f,-0.020481705900382674f,-3.007415589994608f,0.16665125848567067f,-0.6320117616407809f,-0.7568279138568152f,-2.360552671493845f,0f,0f,0f,1f], start_interpolation: 0, interpolation_duration: 1 }
$data merge entity $(bone_chain9) { transformation: [0.7233382102977456f,0.6685158604981364f,0.1728247024753426f,0.37001011663341266f,-0.6144720164430467f,0.7373824031173465f,-0.28051975435128124f,0.4517350545374721f,-0.31496979939618114f,0.09671471364442558f,0.9441611566004007f,4.002407255604433f,0f,0f,0f,1f], start_interpolation: 0, interpolation_duration: 1 }
$data merge entity $(bone_chain10) { transformation: [0.30213261366798305f,-0.46668115579702796f,-0.8312187332959374f,2.0117865674821287f,0.9311164805864115f,0.33135109744865765f,0.15240915261211993f,-1.7670359812896488f,0.20429876000242206f,-0.820009237169631f,0.5346464884556448f,4.283124885879754f,0f,0f,0f,1f], start_interpolation: 0, interpolation_duration: 1 }
$data merge entity $(bone_chain11) { transformation: [-0.9123260596076297f,0.18762290088209524f,-0.3639489085371783f,3.879285942710636f,0.07269769042283376f,-0.8004996509441015f,-0.5949078539114749f,-2.2166392052943604f,-0.40295931155391074f,-0.5692081832712512f,0.7166769406985543f,2.039067433192696f,0f,0f,0f,1f], start_interpolation: 0, interpolation_duration: 1 }
$data merge entity $(bone_chain12) { transformation: [-0.3842246171998348f,-0.8248379966365356f,0.4147453710920317f,2.6475248146676806f,-0.9225769899522585f,0.32600911005699024f,-0.20632439935809727f,-3.450974080987406f,0.034973434893800115f,-0.4619094494210698f,-0.886237281650492f,2.0526382537689196f,0f,0f,0f,1f], start_interpolation: 0, interpolation_duration: 1 }
$data merge entity $(bone_chain5) { transformation: [-0.830113399995371f,0.5415260665853848f,-0.13289568223492673f,-2.7374299961337627f,-0.25166229464539125f,-0.15118147877397017f,0.955934228872223f,-2.0066970135684055f,0.4975719371125561f,0.8269786452407807f,0.2617794638885593f,3.1565009993486774f,0f,0f,0f,1f], start_interpolation: 0, interpolation_duration: 1 }
$data merge entity $(bone_chain6) { transformation: [0.5858706435367554f,0.35792865341154423f,0.7270781719380844f,-3.0366448514176323f,-0.8093674082405501f,0.30380477373005244f,0.502620192527923f,-1.7102683470368694f,-0.04098765082073946f,-0.8829437912607065f,0.4676860848414958f,3.3905034605285933f,0f,0f,0f,1f], start_interpolation: 0, interpolation_duration: 1 }
$data merge entity $(bone_chain7) { transformation: [-0.3469680231509531f,-0.33259974851647267f,0.8769210900631248f,-3.2507433335165477f,-0.9269697881541625f,-0.0205681301392292f,-0.3745717072497646f,-2.178375726972882f,0.14261908273491053f,-0.9428437618764602f,-0.30117343496812216f,3.39230390332847f,0f,0f,0f,1f], start_interpolation: 0, interpolation_duration: 1 }
$data merge entity $(bone_chain8) { transformation: [0.717824619940709f,-0.46161838312208103f,0.5211873783685976f,-3.372915689209786f,-0.3989929214454382f,0.34071720528771543f,0.8513027867083267f,-3.3677172930680546f,-0.5705545229365995f,-0.8190361740391472f,0.06039273111811616f,2.081395925446976f,0f,0f,0f,1f], start_interpolation: 0, interpolation_duration: 1 }
$data merge entity $(bone_chain4) { transformation: [-0.8704850743107072f,-0.28154234306046433f,-0.4037197598165173f,-2.549620141657101f,-0.4394416187606168f,0.0751136239355695f,0.8951251349394199f,-1.368387398055162f,-0.2216907736089422f,0.9566043343845405f,-0.1891067114974481f,-1.775240369067657f,0f,0f,0f,1f], start_interpolation: 0, interpolation_duration: 1 }
$data merge entity $(bone_chain3) { transformation: [0.8094337851042768f,0.5429462100296907f,-0.223665733956186f,-1.1850847887259333f,-0.4735027986674327f,0.378221311379511f,-0.7954519088370284f,-1.6957892685918852f,-0.34729245195637803f,0.7497720004326371f,0.5632316576519553f,-2.100853368205672f,0f,0f,0f,1f], start_interpolation: 0, interpolation_duration: 1 }
$data merge entity $(bone_chain2) { transformation: [0.11392848957055773f,-0.5439140463191361f,-0.8313710420028566f,-4.406547121253239f,-0.5672267455737147f,-0.722631335857745f,0.3950414807868948f,-3.236366401486581f,-0.8156433769546733f,0.4265694112957412f,-0.39085089097606196f,-4.168066626018944f,0f,0f,0f,1f], start_interpolation: 0, interpolation_duration: 1 }
$data merge entity $(bone_chain) { transformation: [-0.7915382369849135f,-0.5536896602661009f,0.33111654472160634f,-4.061793930579013f,0.6111142381200362f,-0.7196037407633948f,0.4253317929308467f,-2.1107176155337335f,0.0025704781232999824f,0.5810414208961974f,0.8422913389877974f,-2.2088382953312338f,0f,0f,0f,1f], start_interpolation: 0, interpolation_duration: 1 }