# This file was generated by Animated Java via MC-Build. It is not recommended to edit this file directly.
$data merge entity $(bone_chain13) { transformation: [-0.9899596059744569f,-0.10418827486152767f,-0.09552372438445371f,3.740339461505094f,-0.09113088642433151f,0.9870344061894998f,-0.13212964291807164f,0.18859667060784835f,0.10805156212852227f,-0.12209784756301109f,-0.9866189616777421f,-0.7009431290109425f,0f,0f,0f,1f], start_interpolation: 0, interpolation_duration: 1 }
$data merge entity $(bone_chain14) { transformation: [-0.9240965256153917f,0.35109439929775166f,0.15092492878021418f,3.1727849272521613f,0.29633933004247437f,0.9076955207699294f,-0.29710577753417045f,-1.7808594641959976f,-0.24130605631757193f,-0.2298294244781496f,-0.9428413561297061f,-2.816560237495674f,0f,0f,0f,1f], start_interpolation: 0, interpolation_duration: 1 }
$data merge entity $(bone_chain15) { transformation: [-0.3208651051441037f,0.8541266682989219f,0.4092837876112935f,2.8618434234183856f,0.5141200303425906f,-0.20585531696863052f,0.8326488953191964f,-2.6878957261526955f,0.7954408706506079f,0.4775889686501645f,-0.37307184069864513f,0.633618707028016f,0f,0f,0f,1f], start_interpolation: 0, interpolation_duration: 1 }
$data merge entity $(bone_chain16) { transformation: [0.18442402433872138f,-0.7968472587544414f,0.5753453097594898f,1.9059082300201178f,-0.9593736021104349f,-0.27312371832757854f,-0.07075115589562361f,-3.095673129122714f,0.21351831495298004f,-0.5389228893844185f,-0.8148448002394014f,-2.3766862677843386f,0f,0f,0f,1f], start_interpolation: 0, interpolation_duration: 1 }
$data merge entity $(bone_chain9) { transformation: [0.7139929368092647f,0.6402428825224526f,0.28337808236668816f,0.3799333757340325f,-0.6220981895645356f,0.7658227005932132f,-0.16281717905873688f,0.3547850594371069f,-0.3212599083717231f,-0.060038676163439136f,0.9450859371705481f,4.079570189419826f,0f,0f,0f,1f], start_interpolation: 0, interpolation_duration: 1 }
$data merge entity $(bone_chain10) { transformation: [0.3367886383368995f,-0.5611014166227863f,-0.7561339916648891f,2.0745577846954504f,0.9256574126779228f,0.3443632655317329f,0.15675552847263333f,-1.8969891705240571f,0.1724290214598171f,-0.7527145153484309f,0.6353653208526459f,4.361567133312102f,0f,0f,0f,1f], start_interpolation: 0, interpolation_duration: 1 }
$data merge entity $(bone_chain11) { transformation: [-0.9040504538386654f,0.19317752890979795f,-0.3812810239684206f,3.930081463178658f,0.016660824290895215f,-0.875435769077757f,-0.48304723490895224f,-2.3051959112617717f,-0.4271009176389709f,-0.4430515280907413f,0.7882196074752322f,2.0384863151857147f,0f,0f,0f,1f], start_interpolation: 0, interpolation_duration: 1 }
$data merge entity $(bone_chain12) { transformation: [-0.40331175080376824f,-0.8694345531730914f,0.28534748888382744f,2.6558209056241227f,-0.9132407923969503f,0.36277069793499805f,-0.18544183945901938f,-3.5450796221184033f,0.05771383513326345f,-0.3353818398012349f,-0.9403127856015515f,2.0598547585827682f,0f,0f,0f,1f], start_interpolation: 0, interpolation_duration: 1 }
$data merge entity $(bone_chain5) { transformation: [-0.7826086145470256f,0.5762669812284559f,-0.23545726317662782f,-2.7817745122420474f,-0.3235087362756195f,-0.05334235341204521f,0.9447204300139883f,-2.1721038874195138f,0.5318513457632094f,0.8155188285247044f,0.22817358815506233f,3.2248313509612956f,0f,0f,0f,1f], start_interpolation: 0, interpolation_duration: 1 }
$data merge entity $(bone_chain6) { transformation: [0.48351887826138373f,0.34161826581950316f,0.8059196329804407f,-3.0653368280950497f,-0.8706967429315968f,0.28234914700090624f,0.4026985734220685f,-1.8387494063792593f,-0.08998153262287581f,-0.8964239619991957f,0.43396705421091847f,3.4448980942954632f,0f,0f,0f,1f], start_interpolation: 0, interpolation_duration: 1 }
$data merge entity $(bone_chain7) { transformation: [-0.5464502447526847f,-0.3967553348253687f,0.7375481911694589f,-3.2695073803356403f,-0.8288910607440572f,0.13033175109272513f,-0.5440158491034022f,-2.279005471744152f,0.11971524309094009f,-0.9086246964202072f,-0.40008676762292905f,3.439353522356293f,0f,0f,0f,1f], start_interpolation: 0, interpolation_duration: 1 }
$data merge entity $(bone_chain8) { transformation: [0.6885333544732534f,-0.5076533435329512f,0.5178898556427073f,-3.4037750810158496f,-0.3687323196043999f,0.36986391408704156f,0.8527820129056263f,-3.4634358183651384f,-0.6244664092302864f,-0.7781315877510877f,0.06747544654912321f,2.0905946741865176f,0f,0f,0f,1f], start_interpolation: 0, interpolation_duration: 1 }
$data merge entity $(bone_chain4) { transformation: [-0.8756073047470929f,-0.252395465745701f,-0.4118353757808361f,-2.60738794537723f,-0.4467530082189426f,0.09902076690923206f,0.8891606364251814f,-1.5287585240588397f,-0.18363985820310705f,0.9625442413685299f,-0.1994617404100956f,-1.8019346673716194f,0f,0f,0f,1f], start_interpolation: 0, interpolation_duration: 1 }
$data merge entity $(bone_chain3) { transformation: [0.7567399487382264f,0.593458225541948f,-0.2741386228174883f,-1.183827895981f,-0.5298556801578449f,0.3112063929193999f,-0.788925559993187f,-1.817406605439546f,-0.3828806709513221f,0.7422653942780159f,0.5499495215646317f,-2.1120442108182713f,0f,0f,0f,1f], start_interpolation: 0, interpolation_duration: 1 }
$data merge entity $(bone_chain2) { transformation: [0.0021396267756431525f,-0.6014234008230583f,-0.7989276030653137f,-4.440376253583141f,-0.5871060656215811f,-0.6474961035126824f,0.4858551879379702f,-3.406608986459346f,-0.8095071894106983f,0.46801569298295964f,-0.3544847266301778f,-4.2240414017690044f,0f,0f,0f,1f], start_interpolation: 0, interpolation_duration: 1 }
$data merge entity $(bone_chain) { transformation: [-0.8065205105376694f,-0.5273161825252157f,0.3331385481667133f,-4.139491231403011f,0.5895902044028152f,-0.6724459448143024f,0.5142620001254457f,-2.208839238901907f,-0.04368131127042674f,0.6598651426386386f,0.7902868485254895f,-2.226543108255728f,0f,0f,0f,1f], start_interpolation: 0, interpolation_duration: 1 }