# This file was generated by Animated Java via MC-Build. It is not recommended to edit this file directly.
$data merge entity $(bone_chain13) { transformation: [-0.9762095506184901f,-0.21549381199173256f,-0.024027698069465912f,3.782235298544961f,-0.20263664162219436f,0.9461254751824014f,-0.2525568781145219f,0.09245115995287012f,0.07715766166314242f,-0.2416795444470776f,-0.9672836673088867f,-0.7133858034727992f,0f,0f,0f,1f], start_interpolation: 0, interpolation_duration: 1 }
$data merge entity $(bone_chain14) { transformation: [-0.8820101229607976f,0.45345677986075933f,0.12819942196823556f,3.20078981284525f,0.42544152254984435f,0.8832527372326848f,-0.19713983124026527f,-1.8776004446130599f,-0.20262688342159615f,-0.11933796952052123f,-0.9719571982065723f,-2.866751046173605f,0f,0f,0f,1f], start_interpolation: 0, interpolation_duration: 1 }
$data merge entity $(bone_chain15) { transformation: [-0.2288659561502016f,0.8127148705434805f,0.5358310492244253f,2.898655714750661f,0.549173356381419f,-0.3466909642629069f,0.7604038400345063f,-2.801389716559117f,0.8037592915520302f,0.468294687665737f,-0.36697559421278764f,0.6499585997914662f,0f,0f,0f,1f], start_interpolation: 0, interpolation_duration: 1 }
$data merge entity $(bone_chain16) { transformation: [0.20411422011686067f,-0.8438610662883973f,0.49622160971555285f,1.9108407708226522f,-0.9440902570092743f,-0.30374207542798076f,-0.12819648292704766f,-3.1814841757250267f,0.2589034023844565f,-0.4423112619155332f,-0.8586790877949926f,-2.392348778845129f,0f,0f,0f,1f], start_interpolation: 0, interpolation_duration: 1 }
$data merge entity $(bone_chain9) { transformation: [0.7049090713065234f,0.5947099846100401f,0.3865530175731403f,0.3896015898397288f,-0.6292062445029364f,0.7758609437604135f,-0.046252543991778916f,0.2604597545773979f,-0.3274182387532585f,-0.21061773465766429f,0.9211066533140383f,4.1546463658054815f,0f,0f,0f,1f], start_interpolation: 0, interpolation_duration: 1 }
$data merge entity $(bone_chain10) { transformation: [0.37048987340064643f,-0.6427678975607802f,-0.670512254603052f,2.1357111790971812f,0.9180132066692676f,0.36327796137164214f,0.15899960742867558f,-2.0234450904208847f,0.141382481546981f,-0.6744468493861903f,0.7246602247016596f,4.4378902435042225f,0f,0f,0f,1f], start_interpolation: 0, interpolation_duration: 1 }
$data merge entity $(bone_chain11) { transformation: [-0.8922230101450871f,0.1962084166448487f,-0.4067436015542977f,3.979468067724457f,-0.03701678835000695f,-0.9294266539846896f,-0.3671455464023417f,-2.391291465440079f,-0.4500753909601041f,-0.312519362761005f,0.8365188523587284f,2.037845616767327f,0f,0f,0f,1f], start_interpolation: 0, interpolation_duration: 1 }
$data merge entity $(bone_chain12) { transformation: [-0.42170846214157404f,-0.8934697473774682f,0.1545114347853641f,2.663822741364719f,-0.9032145785253218f,0.39893492403187286f,-0.15828566431300323f,-3.6365729034008014f,0.07978344500905875f,-0.20630738452349948f,-0.9752291346107126f,2.0668338984045116f,0f,0f,0f,1f], start_interpolation: 0, interpolation_duration: 1 }
$data merge entity $(bone_chain5) { transformation: [-0.7294273961821465f,0.5955392180163663f,-0.336554176178797f,-2.8249008580626898f,-0.38818090315653375f,0.0447444970139011f,0.9204963424216038f,-2.3330869034666257f,0.5632506192837354f,0.8020791543179686f,0.19853908956439928f,3.2913344090897443f,0f,0f,0f,1f], start_interpolation: 0, interpolation_duration: 1 }
$data merge entity $(bone_chain6) { transformation: [0.3790548823038423f,0.32524235623523273f,0.8663341190973455f,-3.093190412179191f,-0.9146984236726279f,0.2734870857090138f,0.29754261489944533f,-1.963772088156111f,-0.14015773233193046f,-0.9052194339832438f,0.4011652856449895f,3.497807104560577f,0f,0f,0f,1f], start_interpolation: 0, interpolation_duration: 1 }
$data merge entity $(bone_chain7) { transformation: [-0.7143948425932668f,-0.40071877502117104f,0.5736414143188004f,-3.2876773851710093f,-0.6944966649107163f,0.30584575719262685f,-0.6512547544818088f,-2.3768811521635875f,0.0855242147232809f,-0.8636450869152217f,-0.4967924843867562f,3.485110208597943f,0f,0f,0f,1f], start_interpolation: 0, interpolation_duration: 1 }
$data merge entity $(bone_chain8) { transformation: [0.6554441504504794f,-0.5510775003921763f,0.5164363989900012f,-3.4337516028559874f,-0.34066886033277227f,0.3945560521788277f,0.8533875141391676f,-3.556506989228102f,-0.6740457649446505f,-0.735281653688278f,0.07087451241181111f,2.099506154145481f,0f,0f,0f,1f], start_interpolation: 0, interpolation_duration: 1 }
$data merge entity $(bone_chain4) { transformation: [-0.8791809417928147f,-0.22402421908751186f,-0.4205401536720718f,-2.663619415508204f,-0.4534726460779006f,0.1224023382742242f,0.8828251394495451f,-1.6848617862028181f,-0.14629911430834522f,0.9668664938073056f,-0.20920265845672456f,-1.827890049777508f,0f,0f,0f,1f], start_interpolation: 0, interpolation_duration: 1 }
$data merge entity $(bone_chain3) { transformation: [0.7004305718528786f,0.6357906575360089f,-0.3242950104515629f,-1.1825598315863537f,-0.5796014406493347f,0.24155718678036578f,-0.7782752055102177f,-1.9357339631611825f,-0.4164843142437249f,0.733089602507555f,0.537699219531003f,-2.1228713651442392f,0f,0f,0f,1f], start_interpolation: 0, interpolation_duration: 1 }
$data merge entity $(bone_chain2) { transformation: [-0.11045364051413697f,-0.644444955996617f,-0.7566311465884101f,-4.473183629723623f,-0.5907155007535734f,-0.5696653294469919f,0.571433819086257f,-3.5723424910047856f,-0.7992841737871638f,0.5100706922736968f,-0.3177620153775508f,-4.278465145206928f,0f,0f,0f,1f], start_interpolation: 0, interpolation_duration: 1 }
$data merge entity $(bone_chain) { transformation: [-0.8185459277908217f,-0.5063363242488597f,0.3327640931773912f,-4.215126014685893f,0.5675537277109854f,-0.6161396775791067f,0.5943303547110028f,-2.30431978309381f,-0.08868669718975607f,0.7302917749573317f,0.7321471762978546f,-2.2437463000163627f,0f,0f,0f,1f], start_interpolation: 0, interpolation_duration: 1 }