# This file was generated by Animated Java via MC-Build. It is not recommended to edit this file directly.
$data merge entity $(bone_chain13) { transformation: [-0.9501187623135166f,-0.3042033772616658f,0.06880874045081856f,3.822825828861517f,-0.3083356536588763f,0.8829471061879317f,-0.3540247623501933f,-0.0007198275618933714f,0.04694105007970074f,-0.3575817569968497f,-0.9327013588927922f,-0.7254508977732603f,0f,0f,0f,1f], start_interpolation: 0, interpolation_duration: 1 }
$data merge entity $(bone_chain14) { transformation: [-0.8219459512990868f,0.5537664174332633f,0.13322014887459194f,3.2279139467048577f,0.5442011151035016f,0.8325805502537268f,-0.10322196306652467f,-1.9713270753349623f,-0.16807736154266908f,-0.012344321055866497f,-0.9856965142854693f,-2.9154184427305037f,0f,0f,0f,1f], start_interpolation: 0, interpolation_duration: 1 }
$data merge entity $(bone_chain15) { transformation: [-0.13654208256824857f,0.7502196801553407f,0.6469363888324298f,2.934341379387817f,0.5721289104790707f,-0.4734082737627664f,0.6697410814090696f,-2.9113791834600757f,0.8087179789530821f,0.4615788533290676f,-0.3645822166226236f,0.6657929624733675f,0f,0f,0f,1f], start_interpolation: 0, interpolation_duration: 1 }
$data merge entity $(bone_chain16) { transformation: [0.22159238356155023f,-0.8812302451463938f,0.4175285266742115f,1.915606561665399f,-0.9270184039107143f,-0.3232146978197351f,-0.1901818548761406f,-3.2646129403448985f,0.30254535917502157f,-0.34491377785255883f,-0.8885385706254585f,-2.407519971511758f,0f,0f,0f,1f], start_interpolation: 0, interpolation_duration: 1 }
$data merge entity $(bone_chain9) { transformation: [0.6960662591264498f,0.5343931900282418f,0.4794952360109012f,0.3989810936142646f,-0.635867089168471f,0.7689663009251478f,0.06605961666487861f,0.16905206563976805f,-0.33341386866494604f,-0.3508771102436501f,0.8750545386939833f,4.227437312862091f,0f,0f,0f,1f], start_interpolation: 0, interpolation_duration: 1 }
$data merge entity $(bone_chain10) { transformation: [0.40300144866070686f,-0.7103682014751744f,-0.5770327986434552f,2.1950365426508425f,0.9084017867381042f,0.3871848430645876f,0.1577786143685856f,-2.1460137325656037f,0.11133744306562882f,-0.5877626354524221f,0.8013357961164794f,4.511891098193473f,0f,0f,0f,1f], start_interpolation: 0, interpolation_duration: 1 }
$data merge entity $(bone_chain11) { transformation: [-0.8772774399889991f,0.1944608887871641f,-0.4388271368300441f,4.0273366440367555f,-0.08786706422731579f,-0.9638688703603179f,-0.25146804921181803f,-2.4746933254348f,-0.47187251701113175f,-0.18204879423503667f,0.8626671224795507f,2.037192873437635f,0f,0f,0f,1f], start_interpolation: 0, interpolation_duration: 1 }
$data merge entity $(bone_chain12) { transformation: [-0.4392956297177718f,-0.8979714102441352f,0.025820458846145658f,2.671551724614641f,-0.8926370520061666f,0.4330910173504485f,-0.12502505379360535f,-3.7252077510275114f,0.10108631508076003f,-0.07797125800263015f,-0.9918175436182205f,2.0735829186150445f,0f,0f,0f,1f], start_interpolation: 0, interpolation_duration: 1 }
$data merge entity $(bone_chain5) { transformation: [-0.6719106245030366f,0.6001504906391408f,-0.4339994254207461f,-2.8667065546102695f,-0.4454099191434391f,0.1407394663631061f,0.8841959095904385f,-2.4891451707406014f,0.5917314564974335f,0.7874082747808959f,0.17274863877321628f,3.3558218241776068f,0f,0f,0f,1f], start_interpolation: 0, interpolation_duration: 1 }
$data merge entity $(bone_chain6) { transformation: [0.27587036029556594f,0.3115513051417722f,0.9093026606003379f,-3.1201699970389862f,-0.9420084656730171f,0.2757050477582724f,0.19132897648024247f,-2.08495073286729f,-0.1910905411336814f,-0.9093527978211026f,0.36954281779540754f,3.54909951014475f,0f,0f,0f,1f], start_interpolation: 0, interpolation_duration: 1 }
$data merge entity $(bone_chain7) { transformation: [-0.8444902972562852f,-0.3446092255503215f,0.40997636456946973f,-3.305258035219979f,-0.5339002160203027f,0.4812704423448444f,-0.6952189012524557f,-2.4717186365985575f,0.04226934082127429f,-0.8059920861837326f,-0.5904151588803676f,3.529465507852077f,0f,0f,0f,1f], start_interpolation: 0, interpolation_duration: 1 }
$data merge entity $(bone_chain8) { transformation: [0.6193149887747387f,-0.5914413193165963f,0.5163778756724466f,-3.4627954288786764f,-0.3151139598966432f,0.4151547556133016f,0.8534340754679979f,-3.646675269605981f,-0.7191329063234427f,-0.691262392074604f,0.07074014663608344f,2.1081302478507262f,0f,0f,0f,1f], start_interpolation: 0, interpolation_duration: 1 }
$data merge entity $(bone_chain4) { transformation: [-0.8813692594042394f,-0.1965455583433733f,-0.4296022254047509f,-2.7181501228360014f,-0.45947403000680626f,0.14513799751694015f,0.8762525762735749f,-1.836197133166937f,-0.1098719451294424f,0.9696931500079107f,-0.2182277491548875f,-1.8530482553382097f,0f,0f,0f,1f], start_interpolation: 0, interpolation_duration: 1 }
$data merge entity $(bone_chain3) { transformation: [0.6415856411880223f,0.6699852243217925f,-0.3734804736687471f,-1.1813114436732506f,-0.622664064549627f,0.17056362700842315f,-0.7636736946237375f,-2.050413866443227f,-0.4479479073953715f,0.7225149467880987f,0.5266068969619545f,-2.133343376073249f,0f,0f,0f,1f], start_interpolation: 0, interpolation_duration: 1 }
$data merge entity $(bone_chain2) { transformation: [-0.22066645279750602f,-0.6734553240765081f,-0.7055240910718581f,-4.504947601249172f,-0.5787618613974128f,-0.4918282573400523f,0.6504918701057294f,-3.7330257326790757f,-0.7850738974144842f,0.5518721697593136f,-0.28124025999770946f,-4.331216676553829f,0f,0f,0f,1f], start_interpolation: 0, interpolation_duration: 1 }
$data merge entity $(bone_chain) { transformation: [-0.8278039445145378f,-0.4905922767167069f,0.33099323458654434f,-4.288474775851068f,0.5452174310956429f,-0.5529213179491995f,0.6649099255109625f,-2.396853955886716f,-0.13220658938056046f,0.7915784056945481f,0.6695806669961006f,-2.2604162858549026f,0f,0f,0f,1f], start_interpolation: 0, interpolation_duration: 1 }