# This file was generated by Animated Java via MC-Build. It is not recommended to edit this file directly.
$data merge entity $(bone_chain13) { transformation: [-0.9133059003009112f,-0.3674072627695125f,0.17573911272040843f,3.86204395892583f,-0.40688208755239447f,0.8041795379749601f,-0.43329232341617296f,-0.090620737409711f,0.01786894805375095f,-0.4672335325793669f,-0.8839533509913622f,-0.7371038327189543f,0f,0f,0f,1f], start_interpolation: 0, interpolation_duration: 1 }
$data merge entity $(bone_chain14) { transformation: [-0.7471160076319104f,0.6444031933700298f,0.16297912600901723f,3.2541244421815234f,0.6501862864504406f,0.7594488892390927f,-0.022252585137325503f,-2.0617737621525296f,-0.13811395313993724f,0.08934153014145346f,-0.9863785414028647f,-2.962423441247967f,0f,0f,0f,1f], start_interpolation: 0, interpolation_duration: 1 }
$data merge entity $(bone_chain15) { transformation: [-0.04576700235061886f,0.6709159289921105f,0.7401197185053859f,2.968811970589999f,0.5837527496257884f,-0.583268181881669f,0.5648282529307327f,-3.0175255191212416f,0.8106405546234224f,0.45789741670936035f,-0.3649545820656652f,0.6810904610001837f,0f,0f,0f,1f], start_interpolation: 0, interpolation_duration: 1 }
$data merge entity $(bone_chain16) { transformation: [0.23685788508009342f,-0.9098770932328978f,0.34062004856648975f,1.9202166982335558f,-0.9085259747447365f,-0.3316478701364944f,-0.2541461064979222f,-3.3448236335256754f,0.34420763426965373f,-0.24926565235503145f,-0.9052003861391735f,-2.4221796126197663f,0f,0f,0f,1f], start_interpolation: 0, interpolation_duration: 1 }
$data merge entity $(bone_chain9) { transformation: [0.6874417066133012f,0.46226589802502793f,0.5601197546344048f,0.408038221721403f,-0.6421493214170346f,0.747150224230495f,0.1714957475739934f,0.08085491830564928f,-0.3392169645112597f,-0.477573849739949f,0.8104659579725301f,4.297744558690346f,0f,0f,0f,1f], start_interpolation: 0, interpolation_duration: 1 }
$data merge entity $(bone_chain10) { transformation: [0.43411839362279125f,-0.7632312291620201f,-0.47855962131191115f,2.252323667319954f,0.897073346156166f,0.41488295360760663f,0.15209058623730992f,-2.2643050885436784f,0.08246594408934929f,-0.4953284018079931f,0.8647827139968701f,4.583366579117206f,0f,0f,0f,1f], start_interpolation: 0, interpolation_duration: 1 }
$data merge entity $(bone_chain11) { transformation: [-0.8597083307492508f,0.1863824580925576f,-0.4755661524495965f,4.073578079804274f,-0.13550358563792325f,-0.9809101601536091f,-0.1394777257725618f,-2.555168948851445f,-0.49248387214161937f,-0.055469243935679285f,0.8685521277721909f,2.0365756206967407f,0f,0f,0f,1f], start_interpolation: 0, interpolation_duration: 1 }
$data merge entity $(bone_chain12) { transformation: [-0.45596575895825897f,-0.8846331886036373f,-0.0975671475373793f,2.6790292580990593f,-0.8816606448796395f,0.4639419508974123f,-0.08621121428167686f,-3.810737991191438f,0.12153079415537861f,0.046711752466214895f,-0.9914879112997285f,2.0801090645952636f,0f,0f,0f,1f], start_interpolation: 0, interpolation_duration: 1 }
$data merge entity $(bone_chain5) { transformation: [-0.6113680532987259f,0.5913089834313421f,-0.5259113894175704f,-2.9070891228993627f,-0.4951338221632172f,0.23259186238776758f,0.8371042490042887f,-2.6397777982722905f,0.6173099720203541f,0.7721753114833335f,0.15057784292467233f,3.418105246668464f,0f,0f,0f,1f], start_interpolation: 0, interpolation_duration: 1 }
$data merge entity $(bone_chain6) { transformation: [0.1769377668524303f,0.302557311102152f,0.9365639861535947f,-3.1462399760433692f,-0.9539469304095832f,0.28692054795280353f,0.08753201199901964f,-2.2018996810126574f,-0.24223600191426656f,-0.9089200584545918f,0.33939069921772f,3.5986443298687973f,0f,0f,0f,1f], start_interpolation: 0, interpolation_duration: 1 }
$data merge entity $(bone_chain7) { transformation: [-0.9337499801580823f,-0.237764563054556f,0.2675424958959922f,-3.322254017679879f,-0.35784876801970256f,0.6356622950986834f,-0.6840158666410125f,-2.5632337934164227f,-0.007431943323392781f,-0.7344395544531559f,-0.6786334114034526f,3.5723109659173513f,0f,0f,0f,1f], start_interpolation: 0, interpolation_duration: 1 }
$data merge entity $(bone_chain8) { transformation: [0.5809381177404926f,-0.6284394504265387f,0.5172762902972873f,-3.4908567332323894f,-0.29227961180671025f,0.43206450335105884f,0.8531663926023584f,-3.733685123447808f,-0.7596601423519942f,-0.6468261915627666f,0.06732270070455365f,2.116466837829111f,0f,0f,0f,1f], start_interpolation: 0, interpolation_duration: 1 }
$data merge entity $(bone_chain4) { transformation: [-0.8823554072311286f,-0.1700491516392471f,-0.4387849374770763f,-2.770815638146599f,-0.4646401325783869f,0.16709338952672273f,0.8695914824640418f,-1.982264513631025f,-0.07455523138940973f,0.9711658381570283f,-0.2264474161239831f,-1.8773510231066106f,0f,0f,0f,1f], start_interpolation: 0, interpolation_duration: 1 }
$data merge entity $(bone_chain3) { transformation: [0.5812647174521967f,0.6963025550193985f,-0.4210630358018567f,-1.1801135803729472f,-0.6591274166273946f,0.09946352092166727f,-0.7454247491571249f,-2.161088839972105f,-0.4771607453419814f,0.7108232972260565f,0.516766739666324f,-2.1434687884949755f,0f,0f,0f,1f], start_interpolation: 0, interpolation_duration: 1 }
$data merge entity $(bone_chain2) { transformation: [-0.3256324756151304f,-0.6895169249939349f,-0.6469388695786251f,-4.535646519734277f,-0.5526306569809942f,-0.4163882845682251f,0.7219557835761723f,-3.8881175290383827f,-0.7671784979973799f,0.5926105016123477f,-0.2454586433378249f,-4.3821748160308225f,0f,0f,0f,1f], start_interpolation: 0, interpolation_duration: 1 }
$data merge entity $(bone_chain) { transformation: [-0.8345191769045813f,-0.4797160447308881f,0.32863823944071235f,-4.359314010321943f,0.5227752867339042f,-0.48503817439972896f,0.725787665753926f,-2.4861364650578928f,-0.17402224845916736f,0.8433764613291473f,0.6043419328631565f,-2.2765214810131122f,0f,0f,0f,1f], start_interpolation: 0, interpolation_duration: 1 }