# This file was generated by Animated Java via MC-Build. It is not recommended to edit this file directly.
$data merge entity $(bone_chain13) { transformation: [-0.8675449015003526f,-0.4043738111954819f,0.28956461230610403f,3.899822595208968f,-0.49726490633471154f,0.7165339450582145f,-0.4891898593667312f,-0.17695601506385206f,-0.009667306174638235f,-0.568384488175524f,-0.8227062761355193f,-0.74831002911651f,0f,0f,0f,1f], start_interpolation: 0, interpolation_duration: 1 }
$data merge entity $(bone_chain14) { transformation: [-0.6610680899728334f,0.7195942854019026f,0.21253951358887302f,3.279388412625785f,0.7417741075858345f,0.6694113178169737f,0.04073893584497612f,-2.1486749108565903f,-0.11296085045230653f,0.18458751852567779f,-0.9763028701533271f,-3.0076270558075926f,0f,0f,0f,1f], start_interpolation: 0, interpolation_duration: 1 }
$data merge entity $(bone_chain15) { transformation: [0.04184227302163702f,0.5793170376116553f,0.8140276371974347f,3.001979041617351f,0.5850727048860254f,-0.6746448384687872f,0.45004918833920077f,-3.1194901158082864f,0.8099007063743879f,0.4574342705354284f,-0.36717125970586f,0.6958197612983786f,0f,0f,0f,1f], start_interpolation: 0, interpolation_duration: 1 }
$data merge entity $(bone_chain16) { transformation: [0.24995847649187286f,-0.9308292224612236f,0.26660404843530755f,1.9246822762123208f,-0.8889938470616983f,-0.3297332504943911f,-0.31775135468608917f,-3.4218804658107076f,0.38368046590399096f,-0.15758471414016376f,-0.9099210723755435f,-2.436307469004696f,0f,0f,0f,1f], start_interpolation: 0, interpolation_duration: 1 }
$data merge entity $(bone_chain9) { transformation: [0.6790104574953234f,0.38157603233077847f,0.6271718505821926f,0.41673930882490706f,-0.6481193134293506f,0.7128224452507745f,0.26800283040776596f,-0.0038387617435304833f,-0.34479871544403795f,-0.5884589136867646f,0.7313206907579833f,4.36536963139094f,0f,0f,0f,1f], start_interpolation: 0, interpolation_duration: 1 }
$data merge entity $(bone_chain10) { transformation: [0.4636683553058209f,-0.8013383205770683f,-0.37797956593276205f,2.3073623450680367f,0.8843042433209032f,0.4450016766300286f,0.1413489053410335f,-2.377929149940577f,0.05493324615057879f,-0.3997879485066897f,0.9149600727333256f,4.652113568012775f,0f,0f,0f,1f], start_interpolation: 0, interpolation_duration: 1 }
$data merge entity $(bone_chain11) { transformation: [-0.8400547167080742f,0.17116074690707425f,-0.5147932319433985f,4.118083262715735f,-0.1796268670624125f,-0.9831552365240326f,-0.033763434729250114f,-2.6324857932955297f,-0.5119006364186898f,0.06410756284235483f,0.8566492624292361f,2.0360413940447435f,0f,0f,0f,1f], start_interpolation: 0, interpolation_duration: 1 }
$data merge entity $(bone_chain12) { transformation: [-0.47162361492581456f,-0.8556794765685599f,-0.21303473712909454f,2.6862767445431457f,-0.8704492245174364f,0.4904007587607154f,-0.04272286675666925f,-3.8929174500854886f,0.14102947699435261f,0.16528680886952193f,-0.9761101154236799f,2.0864195817260627f,0f,0f,0f,1f], start_interpolation: 0, interpolation_duration: 1 }
$data merge entity $(bone_chain5) { transformation: [-0.5490466314160756f,0.5705374930749291f,-0.6107657206543564f,-2.945946083944548f,-0.5374794174402842f,0.31859538882487737f,0.780777083454412f,-2.7844838950925492f,0.640049742097216f,0.7569570312873121f,0.13172843438675946f,3.477996327005897f,0f,0f,0f,1f], start_interpolation: 0, interpolation_duration: 1 }
$data merge entity $(bone_chain6) { transformation: [0.08468015128942541f,0.29948386768804436f,0.9503360905344013f,-3.1713647425612717f,-0.9523653196027083f,0.3047545822395259f,-0.011177773572731142f,-2.314233273092076f,-0.29296684111965854f,-0.9041205990345657f,0.3110247134967683f,3.6463105825535336f,0f,0f,0f,1f], start_interpolation: 0, interpolation_duration: 1 }
$data merge entity $(bone_chain7) { transformation: [-0.9823763049876116f,-0.09557860305103451f,0.16062853431971524f,-3.338670019748034f,-0.17673766024230078f,0.7546791464444864f,-0.6318411076955174f,-2.651142490984548f,-0.060832514751275796f,-0.6490948440410185f,-0.7582712500078068f,3.6135381285924244f,0f,0f,0f,1f], start_interpolation: 0, interpolation_duration: 1 }
$data merge entity $(bone_chain8) { transformation: [0.5411175411366665f,-0.661902598610835f,0.5187260901732551f,-3.5178856900656044f,-0.2722783142705528f,0.4457099592139886f,0.85276441754769f,-3.8172810147026173f,-0.7956483684720245f,-0.602683650192776f,0.060959753428941055f,2.1245158066074947f,0f,0f,0f,1f], start_interpolation: 0, interpolation_duration: 1 }
$data merge entity $(bone_chain4) { transformation: [-0.8823394430134531f,-0.1445977285055693f,-0.4478488631377098f,-2.8214515322259737f,-0.4688643532349942f,0.18812257965148357f,0.8630041212478664f,-2.1225638762749193f,-0.04053795219593617f,0.9714429432222466f,-0.23378469260295695f,-1.9007400921355972f,0f,0f,0f,1f], start_interpolation: 0, interpolation_duration: 1 }
$data merge entity $(bone_chain3) { transformation: [0.520481975104053f,0.7152030320530227f,-0.46645807585885724f,-1.1789970898167002f,-0.689221953796988f,0.029409559759588172f,-0.7239531588431738f,-2.267401408434246f,-0.5040551676116878f,0.6982977164053386f,0.5082407768637254f,-2.1532561472990928f,0f,0f,0f,1f], start_interpolation: 0, interpolation_duration: 1 }
$data merge entity $(bone_chain2) { transformation: [-0.42295451593882694f,-0.694158879050933f,-0.5824542283147276f,-4.565258736753427f,-0.5142681413493256f,-0.3453503856020349f,0.785023177974788f,-4.037076697638878f,-0.7460816015960068f,0.6315667516575569f,-0.2109162913590587f,-4.431218383859021f,0f,0f,0f,1f], start_interpolation: 0, interpolation_duration: 1 }
$data merge entity $(bone_chain) { transformation: [-0.8389464603159775f,-0.47319555051511963f,0.326294330687453f,-4.427420213521928f,0.500399805982109f,-0.4146661053204613f,0.7771261350896035f,-2.5718620183846093f,-0.21393660485377325f,0.8857151567013491f,0.5381514470127551f,-2.292030300732755f,0f,0f,0f,1f], start_interpolation: 0, interpolation_duration: 1 }