# This file was generated by Animated Java via MC-Build. It is not recommended to edit this file directly.
$data merge entity $(bone_chain13) { transformation: [-0.8146956531673804f,-0.4162732608291019f,0.40371718446070914f,3.936094644181999f,-0.5788098431949509f,0.6261905713816172f,-0.5223643687440792f,-0.25943010599759164f,-0.035357575295995966f,-0.6592434608181339f,-0.751097797385745f,-0.7590349077725566f,0f,0f,0f,1f], start_interpolation: 0, interpolation_duration: 1 }
$data merge entity $(bone_chain14) { transformation: [-0.5674745858626805f,0.7757958358064206f,0.27588659906816226f,3.3036729713881794f,0.818165008340562f,0.5689690441416916f,0.08294724790840297f,-2.2317649272379736f,-0.0926208050443725f,0.2727912167829222f,-0.9576044791661249f,-3.050890300490977f,0f,0f,0f,1f], start_interpolation: 0, interpolation_duration: 1 }
$data merge entity $(bone_chain15) { transformation: [0.12495203898269046f,0.4798966849817797f,0.868381344627789f,3.0337541457300183f,0.5773152917116244f,-0.7469811680943328f,0.3297365440292422f,-3.2169343657868845f,0.8069039855583748f,0.4601285757871651f,-0.3703885147167562f,0.7099495292944157f,0f,0f,0f,1f], start_interpolation: 0, interpolation_duration: 1 }
$data merge entity $(bone_chain16) { transformation: [0.2609873182380082f,-0.9451595076561927f,0.19636477486055293f,1.9290143912868913f,-0.8688084187799059f,-0.31864402539234127f,-0.37899593208756777f,-3.4955476477433445f,0.42078207088241293f,-0.07169023761202044f,-0.9043245870012824f,-2.449883307502089f,0f,0f,0f,1f], start_interpolation: 0, interpolation_duration: 1 }
$data merge entity $(bone_chain9) { transformation: [0.6707456003749126f,0.2956299275718531f,0.6802229674904836f,0.42505068958853964f,-0.6538412905325777f,0.6686400857840334f,0.3541355707598628f,-0.08473604882634422f,-0.35013127020075174f,-0.6822927389373137f,0.6417824491375775f,4.430114059064565f,0f,0f,0f,1f], start_interpolation: 0, interpolation_duration: 1 }
$data merge entity $(bone_chain10) { transformation: [0.4915130163837403f,-0.8252898441408623f,-0.2780496859974999f,2.3599423678586104f,0.870390649465416f,0.476125692069071f,0.1253971398195322f,-2.4864959083417686f,0.028897613197775923f,-0.3036461732176108f,0.9523465385256422f,4.717928946617536f,0f,0f,0f,1f], start_interpolation: 0, interpolation_duration: 1 }
$data merge entity $(bone_chain11) { transformation: [-0.8188834715578579f,0.14868300997641248f,-0.5543674075499975f,4.160743080459861f,-0.22002562614658075f,-0.9733961291223834f,0.06394294056708577f,-2.7064113163725696f,-0.5301118597505211f,0.17433685311463792f,0.8298120737841367f,2.0356377289817447f,0f,0f,0f,1f], start_interpolation: 0, interpolation_duration: 1 }
$data merge entity $(bone_chain12) { transformation: [-0.48618638810048465f,-0.8137128617420993f,-0.3185815039535222f,2.6933155866720693f,-0.8591756836809437f,0.5116625523593785f,0.004310114206084459f,-3.971499953902574f,0.15949903008228034f,0.27581300032552747f,-0.9478856725651267f,2.0925217153883384f,0f,0f,0f,1f], start_interpolation: 0, interpolation_duration: 1 }
$data merge entity $(bone_chain5) { transformation: [-0.48610484281244715f,0.53958245661003f,-0.6874247990238431f,-2.9831749587604035f,-0.5727396752036384f,0.39742139155433576f,0.7169557182857571f,-2.922762570232235f,0.6600540479702528f,0.7422311028606255f,0.11585181787258542f,3.53530671563349f,0f,0f,0f,1f], start_interpolation: 0, interpolation_duration: 1 }
$data merge entity $(bone_chain6) { transformation: [0.000895262539491487f,0.30280360951901886f,0.953052554986995f,-3.1955086899616267f,-0.9394765727395177f,0.32678216485631717f,-0.10294263453705044f,-2.4215658496054098f,-0.34261197845171054f,-0.8952783873154051f,0.28476945311485274f,3.691967287019774f,0f,0f,0f,1f], start_interpolation: 0, interpolation_duration: 1 }
$data merge entity $(bone_chain7) { transformation: [-0.9933309872380018f,0.06420524286714481f,0.0957665734019317f,-3.3545107286217695f,0.00020900240851545737f,0.8316042860153127f,-0.5553685873354335f,-2.7351605976703004f,-0.11529746792870102f,-0.5516448116943844f,-0.8260717254693429f,3.6530385416759534f,0f,0f,0f,1f], start_interpolation: 0, interpolation_duration: 1 }
$data merge entity $(bone_chain8) { transformation: [0.5006483230073591f,-0.6917841638339417f,0.520370951666687f,-3.5438324735267948f,-0.2551268826221338f,0.4565156687107131f,0.852351874512588f,-3.897207407319442f,-0.8272010217797312f,-0.5594891552927408f,0.0520610668002886f,2.1322770367127353f,0f,0f,0f,1f], start_interpolation: 0, interpolation_duration: 1 }
$data merge entity $(bone_chain4) { transformation: [-0.8815350740975701f,-0.12022834409775446f,-0.4565534562472433f,-2.869893375860103f,-0.47205075115853906f,0.20807051053309145f,0.8566649000496973f,-2.256595169778453f,-0.008000091652632074f,0.9706965581076359f,-0.24017533306220032f,-1.9231572014780562f,0f,0f,0f,1f], start_interpolation: 0, interpolation_duration: 1 }
$data merge entity $(bone_chain3) { transformation: [0.4601855578223915f,0.727321398241938f,-0.5091491294611888f,-1.1779928201357663f,-0.7133075210834517f,-0.038557274502450584f,-0.6997897662503529f,-2.36899409651608f,-0.5286034740119245f,0.6852130473380778f,0.5010603227358856f,-2.162713997375276f,0f,0f,0f,1f], start_interpolation: 0, interpolation_duration: 1 }
$data merge entity $(bone_chain2) { transformation: [-0.510809061717706f,-0.6892368130496794f,-0.5138353024113835f,-4.5937626038811095f,-0.4660346790118832f,-0.28025211012911666f,0.8392082177424551f,-4.1793620560367355f,-0.7224166252415345f,0.6681402325150749f,-0.17805293951331955f,-4.478226200259542f,0f,0f,0f,1f], start_interpolation: 0, interpolation_duration: 1 }
$data merge entity $(bone_chain) { transformation: [-0.8413655725215216f,-0.4704402510973063f,0.3243293199738653f,-4.492569880874431f,0.4782398756306648f,-0.34384413928398017f,0.8194110796742302f,-2.6537253236441383f,-0.2517748890026536f,0.9189647693249948f,0.47262667583665f,-2.3069111602555967f,0f,0f,0f,1f], start_interpolation: 0, interpolation_duration: 1 }