# This file was generated by Animated Java via MC-Build. It is not recommended to edit this file directly.
$data merge entity $(bone_chain13) { transformation: [-0.7566394527648428f,-0.4057734161902906f,0.512683794587834f,3.970793012315993f,-0.6511672413080193f,0.5383882678942963f,-0.5349012028787027f,-0.33774745568419795f,-0.05897425172923212f,-0.7385702456144848f,-0.6715921604113142f,-0.7692438894937228f,0f,0f,0f,1f], start_interpolation: 0, interpolation_duration: 1 }
$data merge entity $(bone_chain14) { transformation: [-0.4699389601128973f,0.8117271017247396f,0.346780169694812f,3.3269452318192467f,0.8793429078776354f,0.4647367266550455f,0.10380667253725943f,-2.310778217087508f,-0.07689879149448947f,0.3537214825586755f,-0.9321843640842618f,-3.0920741893797183f,0f,0f,0f,1f], start_interpolation: 0, interpolation_duration: 1 }
$data merge entity $(bone_chain15) { transformation: [0.20252295622038724f,0.37685249250768227f,0.9038620752606575f,3.064048836188147f,0.5618425695697877f,-0.8006822363836846f,0.20794442372624444f,-3.3095196613227067f,0.8020706821864103f,0.4657146714785448f,-0.37388830624486996f,0.7234484309147581f,0f,0f,0f,1f], start_interpolation: 0, interpolation_duration: 1 }
$data merge entity $(bone_chain16) { transformation: [0.2700787735509388f,-0.9539404310452732f,0.130595214668759f,1.933224139142466f,-0.8483547758572123f,-0.29991345833441824f,-0.4362867082437288f,-3.5655893898669344f,0.45535879299457926f,0.007040705010702952f,-0.8902801795589254f,-2.4628868949474856f,0f,0f,0f,1f], start_interpolation: 0, interpolation_duration: 1 }
$data merge entity $(bone_chain9) { transformation: [0.6626184098114962f,0.20760101833061567f,0.7196100750871796f,0.43293869867606405f,-0.6593774010974474f,0.617361401336789f,0.42905284413630485f,-0.16154401726136314f,-0.3551876770115494f,-0.7587929344212213f,0.5459624499648051f,4.491779369811913f,0f,0f,0f,1f], start_interpolation: 0, interpolation_duration: 1 }
$data merge entity $(bone_chain10) { transformation: [0.5175482050149957f,-0.8362334237608847f,-0.18126642400319243f,2.4098535276551956f,0.8556421635115457f,0.5069111715900988f,0.10448709077409951f,-2.58961535533272f,0.0045103777045663596f,-0.20917630148346675f,0.9778675428659348f,4.780609596668843f,0f,0f,0f,1f], start_interpolation: 0, interpolation_duration: 1 }
$data merge entity $(bone_chain11) { transformation: [-0.7967733525457797f,0.11943712248515492f,-0.5923571544646227f,4.201448420725373f,-0.2565741859833646f,-0.9543888231028979f,0.15268156870833843f,-2.776712975688078f,-0.5471032002830293f,0.2736361600898744f,0.791076064693741f,2.0354121610078444f,0f,0f,0f,1f], start_interpolation: 0, interpolation_duration: 1 }
$data merge entity $(bone_chain12) { transformation: [-0.4995833747654383f,-0.761556919364632f,-0.412852891749382f,2.700167187211003f,-0.8480194736154002f,0.5272480448929509f,0.05359544314230785f,-4.046239328835599f,0.1768598994318244f,0.37688268429898997f,-0.9092194554938609f,2.0984227109629865f,0f,0f,0f,1f], start_interpolation: 0, interpolation_duration: 1 }
$data merge entity $(bone_chain5) { transformation: [-0.4235935121176883f,0.5003235974123307f,-0.7551455716378042f,-3.018673268361507f,-0.6013481274810922f,0.468130534481109f,0.6474829976620354f,-3.0541129327221985f,0.677457722715437f,0.728374972496183f,0.10257160120812546f,3.589848062994822f,0f,0f,0f,1f], start_interpolation: 0, interpolation_duration: 1 }
$data merge entity $(bone_chain6) { transformation: [-0.0732667608270273f,0.31234332506601636f,0.9471397093589836f,-3.218636211613365f,-0.9176843741862212f,0.3507366848017226f,-0.18665253094651785f,-2.52351175105252f,-0.39049631385246003f,-0.8828507377926361f,0.2609352479958184f,3.735483462088334f,0f,0f,0f,1f], start_interpolation: 0, interpolation_duration: 1 }
$data merge entity $(bone_chain7) { transformation: [-0.9717051824710007f,0.22484228905913367f,0.0723531852073458f,-3.3697808314984137f,0.16552115675028153f,0.8667391433049736f,-0.4704954878965464f,-2.8150039818410417f,-0.16849862025265433f,-0.4452069210082088f,-0.879431073171367f,3.6907037509665956f,0f,0f,0f,1f], start_interpolation: 0, interpolation_duration: 1 }
$data merge entity $(bone_chain8) { transformation: [0.46029854183438584f,-0.718143052051764f,0.5219155191933992f,-3.568647257764437f,-0.2407535997964339f,0.46488933663074405f,0.8520068126911222f,-3.9732087652473167f,-0.8544957323300078f,-0.5178305335501222f,0.04109235881522641f,2.139750410671692f,0f,0f,0f,1f], start_interpolation: 0, interpolation_duration: 1 }
$data merge entity $(bone_chain4) { transformation: [-0.880166192419239f,-0.09695457422307555f,-0.4646582445835233f,-2.915976739834964f,-0.4741134953102488f,0.22677535001866994f,0.850758093813164f,-2.38385834282146f,0.0228881473019987f,0.9691092565656011f,-0.2455674684316922f,-1.9445440901868736f,0f,0f,0f,1f], start_interpolation: 0, interpolation_duration: 1 }
$data merge entity $(bone_chain3) { transformation: [0.40124181223557864f,0.7334368077419855f,-0.5487034327969474f,-1.1771316194614019f,-0.7318533027736843f,-0.10352685794755956f,-0.6735524722712816f,-2.465509428904033f,-0.5508137174518788f,0.671827834145588f,0.49522884602382566f,-2.171850883613198f,0f,0f,0f,1f], start_interpolation: 0, interpolation_duration: 1 }
$data merge entity $(bone_chain2) { transformation: [-0.5879996029831853f,-0.67678709612153f,-0.4429624063224819f,-4.621136472691813f,-0.41054535367396616f,-0.22213959400647382f,0.8843678608765455f,-4.314432421788121f,-0.6969282455664532f,0.7018641088544318f,-0.14723380465653754f,-4.523077085453495f,0f,0f,0f,1f], start_interpolation: 0, interpolation_duration: 1 }
$data merge entity $(bone_chain) { transformation: [-0.8420757695984132f,-0.4708403974792997f,0.3228896802951736f,-4.55453950780286f,0.45641922565306897f,-0.27442795695737654f,0.8533898641757707f,-2.731421088613747f,-0.2873845658860144f,0.9437844847970797f,0.40922853527209024f,-2.3211324748233997f,0f,0f,0f,1f], start_interpolation: 0, interpolation_duration: 1 }