# This file was generated by Animated Java via MC-Build. It is not recommended to edit this file directly.
$data merge entity $(bone_chain13) { transformation: [-0.6952219834733853f,-0.3765741593037439f,0.6122567241280494f,4.003850606082018f,-0.7142878040751749f,0.4571798461213735f,-0.5298863286119976f,-0.41161250959694184f,-0.08036993620002747f,-0.8057161354007476f,-0.5868238087450847f,-0.7789023950866378f,0f,0f,0f,1f], start_interpolation: 0, interpolation_duration: 1 }
$data merge entity $(bone_chain14) { transformation: [-0.37183356332646883f,0.8281146150461991f,0.4194829979043567f,3.3491723072695248f,0.9259903031792183f,0.36273201882116485f,0.10472555055945915f,-2.385449186196019f,-0.06543515570395403f,0.4273776630438324f,-0.9017020425446489f,-3.131039736555414f,0f,0f,0f,1f], start_interpolation: 0, interpolation_duration: 1 }
$data merge entity $(bone_chain15) { transformation: [0.27380675314034875f,0.2739238829516168f,0.9219520422904055f,3.0927746662518807f,0.5400921821928887f,-0.8369637460766359f,0.08827299976487027f,-3.3969073946814237f,0.795820517873763f,0.4737693469422374f,-0.3771104735075146f,0.7362851320858695f,0f,0f,0f,1f], start_interpolation: 0, interpolation_duration: 1 }
$data merge entity $(bone_chain16) { transformation: [0.27740316650390096f,-0.9582122659998465f,0.06983363445395743f,1.9373226154642431f,-0.828010627673289f,-0.2753089742336448f,-0.4884704383752454f,-3.631769902724825f,0.48728419189800865f,0.07768025485191318f,-0.8697815210341311f,-2.475297998176428f,0f,0f,0f,1f], start_interpolation: 0, interpolation_duration: 1 }
$data merge entity $(bone_chain9) { transformation: [0.6545984234087355f,0.1203767763440177f,0.7463312507109829f,0.44036967075124334f,-0.6647877744748789f,0.5617140352485053f,0.4924779766787326f,-0.23396974136715754f,-0.35994182721592005f,-0.8185271982786297f,0.4477221311244305f,4.550167091733677f,0f,0f,0f,1f], start_interpolation: 0, interpolation_duration: 1 }
$data merge entity $(bone_chain10) { transformation: [0.5417027309145669f,-0.8357632481348021f,-0.08976605364427584f,2.4568856164213133f,0.8403755889624072f,0.5361828099879481f,0.07922666059803182f,-2.686897482498899f,-0.018083716315767773f,-0.11835449860733442f,0.9928067243243364f,4.839952399904051f,0f,0f,0f,1f], start_interpolation: 0, interpolation_duration: 1 }
$data merge entity $(bone_chain11) { transformation: [-0.7743004177675771f,0.08437677821078725f,-0.6271677784642025f,4.240090171200993f,-0.2892263074048332f,-0.9286877343367267f,0.23213624274869768f,-2.843158228847568f,-0.5628561149618262f,0.3611366104278061f,0.743487284665175f,2.035412225623144f,0f,0f,0f,1f], start_interpolation: 0, interpolation_duration: 1 }
$data merge entity $(bone_chain12) { transformation: [-0.5117551677430808f,-0.702106328627952f,-0.49512963109556446f,2.706852948885117f,-0.8371641340158363f,0.5370177167611225f,0.10376986365118496f,-4.11688940107747f,0.1930359060013604f,0.46760953282118756f,-0.8625998283149521f,2.1041298138309026f,0f,0f,0f,1f], start_interpolation: 0, interpolation_duration: 1 }
$data merge entity $(bone_chain5) { transformation: [-0.36244316314148745f,0.45468918232965233f,-0.8135678834395969f,-3.0523385337624367f,-0.6238516799055905f,0.5301648442668542f,0.5742249727959197f,-3.178034091593297f,0.6924189735781117f,0.715669606296016f,0.09150398708876033f,3.6414320195334784f,0f,0f,0f,1f], start_interpolation: 0, interpolation_duration: 1 }
$data merge entity $(bone_chain6) { transformation: [-0.13727775758540764f,0.3274302673279658f,0.9348498474674204f,-3.240711700885421f,-0.8894262157928784f,0.3746546136231598f,-0.2618299584677834f,-2.6196853179332695f,-0.43597686169415284f,-0.8674233917346348f,0.23979331837834847f,3.7767281265800294f,0f,0f,0f,1f], start_interpolation: 0, interpolation_duration: 1 }
$data merge entity $(bone_chain7) { transformation: [-0.9239951206460365f,0.37297005839025515f,0.08441772661406025f,-3.384485015575292f,0.31379981746206886f,0.8656848244855229f,-0.3900249469152476f,-2.8903885118641366f,-0.2185467720719956f,-0.3338908806778632f,-0.9169264900836228f,3.7264253022630087f,0f,0f,0f,1f], start_interpolation: 0, interpolation_duration: 1 }
$data merge entity $(bone_chain8) { transformation: [0.42079451359392406f,-0.7411240952987537f,0.5231319648968672f,-3.592280216927005f,-0.22900804048566575f,0.47120905729324614f,0.8517730576378464f,-4.045029552435274f,-0.8777740567607182f,-0.4782228556775745f,0.02855880924368387f,2.146935811011224f,0f,0f,0f,1f], start_interpolation: 0, interpolation_duration: 1 }
$data merge entity $(bone_chain4) { transformation: [-0.8784632769102748f,-0.07476963360123691f,-0.47192348215701074f,-2.9595371949365354f,-0.47497549608182965f,0.24407062167991492f,0.8454749019069696f,-2.5038533440837756f,0.05196680904078613f,0.9668707429247804f,-0.2499208219300702f,-1.9648424973149368f,0f,0f,0f,1f], start_interpolation: 0, interpolation_duration: 1 }
$data merge entity $(bone_chain3) { transformation: [0.3444246730318657f,0.7344401140815331f,-0.5847814663913324f,-1.1764443359248637f,-0.7454160148899306f,-0.16473105251749806f,-0.6459246435011534f,-2.5565899302845345f,-0.5707246353124307f,0.6583778544000262f,0.49072598411242785f,-2.1806753509025345f,0f,0f,0f,1f], start_interpolation: 0, interpolation_duration: 1 }
$data merge entity $(bone_chain2) { transformation: [-0.6539590717711204f,-0.6588897012122487f,-0.3717551534070347f,-4.647358694760024f,-0.3505134237472418f,-0.17158507460267533f,0.9207056543470234f,-4.441746612449208f,-0.6704311092284135f,0.7324089867075825f,-0.11874006892675856f,-4.565649859661999f,0f,0f,0f,1f], start_interpolation: 0, interpolation_duration: 1 }
$data merge entity $(bone_chain) { transformation: [-0.8413902673834346f,-0.4738154346034099f,0.32191945695363766f,-4.613105589730624f,0.43503549417528314f,-0.20806247097211955f,0.8800054364958725f,-2.8046440210707058f,-0.3206345844728856f,0.9610601920540275f,0.3492252782551457f,-2.3346626596779303f,0f,0f,0f,1f], start_interpolation: 0, interpolation_duration: 1 }