# This file was generated by Animated Java via MC-Build. It is not recommended to edit this file directly.
$data merge entity $(bone_chain13) { transformation: [-0.9992083428780468f,-0.039751510953829935f,-0.001582687522907506f,0.8608697116615954f,-0.03978300545342984f,0.9984173124770924f,0.03975151095382993f,3.3694605936698236f,-1.2247615009594166e-16f,0.03978300545342983f,-0.9992083428780468f,-0.8607594809129955f,0f,0f,0f,1f], start_interpolation: 0, interpolation_duration: 1 }
$data merge entity $(bone_chain14) { transformation: [-0.9992083428780468f,-0.039751510953829935f,-0.001582687522907506f,0.9006212226154253f,-0.03978300545342984f,0.9984173124770924f,0.03975151095382993f,2.371043281192731f,-1.2247615009594166e-16f,0.03978300545342983f,-0.9992083428780468f,-0.9005424863664253f,0f,0f,0f,1f], start_interpolation: 0, interpolation_duration: 1 }
$data merge entity $(bone_chain15) { transformation: [-0.9992083428780468f,-0.039751510953829935f,-0.001582687522907506f,0.9403727335692553f,-0.03978300545342984f,0.9984173124770924f,0.03975151095382993f,1.3726259687156386f,-1.2247615009594166e-16f,0.03978300545342983f,-0.9992083428780468f,-0.9403254918198551f,0f,0f,0f,1f], start_interpolation: 0, interpolation_duration: 1 }
$data merge entity $(bone_chain16) { transformation: [-0.9992083428780468f,-0.039751510953829935f,-0.001582687522907506f,0.9801242445230852f,-0.03978300545342984f,0.9984173124770924f,0.03975151095382993f,0.3742086562385462f,-1.2247615009594166e-16f,0.03978300545342983f,-0.9992083428780468f,-0.980108497273285f,0f,0f,0f,1f], start_interpolation: 0, interpolation_duration: 1 }
$data merge entity $(bone_chain9) { transformation: [-0.9992083428780468f,-0.03975151095382992f,0.0015826875229077507f,0.8608697116615951f,-0.03978300545342984f,0.9984173124770924f,-0.03975151095382993f,3.3694605936698236f,-1.2225930966144456e-16f,-0.039783005453429846f,-0.9992083428780468f,0.8607594809129957f,0f,0f,0f,1f], start_interpolation: 0, interpolation_duration: 1 }
$data merge entity $(bone_chain10) { transformation: [-0.9992083428780468f,-0.03975151095382992f,0.0015826875229077507f,0.9006212226154251f,-0.03978300545342984f,0.9984173124770924f,-0.03975151095382993f,2.371043281192731f,-1.2225930966144456e-16f,-0.039783005453429846f,-0.9992083428780468f,0.9005424863664256f,0f,0f,0f,1f], start_interpolation: 0, interpolation_duration: 1 }
$data merge entity $(bone_chain11) { transformation: [-0.9992083428780468f,-0.03975151095382992f,0.0015826875229077507f,0.940372733569255f,-0.03978300545342984f,0.9984173124770924f,-0.03975151095382993f,1.3726259687156386f,-1.2225930966144456e-16f,-0.039783005453429846f,-0.9992083428780468f,0.9403254918198555f,0f,0f,0f,1f], start_interpolation: 0, interpolation_duration: 1 }
$data merge entity $(bone_chain12) { transformation: [-0.9992083428780468f,-0.03975151095382992f,0.0015826875229077507f,0.9801242445230849f,-0.03978300545342984f,0.9984173124770924f,-0.03975151095382993f,0.3742086562385462f,-1.2225930966144456e-16f,-0.039783005453429846f,-0.9992083428780468f,0.9801084972732853f,0f,0f,0f,1f], start_interpolation: 0, interpolation_duration: 1 }
$data merge entity $(bone_chain5) { transformation: [-0.9992083428780468f,0.039751510953829935f,-0.001582687522907506f,-0.8608697116615954f,0.03978300545342984f,0.9984173124770924f,-0.03975151095382993f,3.3694605936698236f,-1.2247615009594166e-16f,-0.03978300545342983f,-0.9992083428780468f,0.8607594809129955f,0f,0f,0f,1f], start_interpolation: 0, interpolation_duration: 1 }
$data merge entity $(bone_chain6) { transformation: [-0.9992083428780468f,0.039751510953829935f,-0.001582687522907506f,-0.9006212226154253f,0.03978300545342984f,0.9984173124770924f,-0.03975151095382993f,2.371043281192731f,-1.2247615009594166e-16f,-0.03978300545342983f,-0.9992083428780468f,0.9005424863664253f,0f,0f,0f,1f], start_interpolation: 0, interpolation_duration: 1 }
$data merge entity $(bone_chain7) { transformation: [-0.9992083428780468f,0.039751510953829935f,-0.001582687522907506f,-0.9403727335692553f,0.03978300545342984f,0.9984173124770924f,-0.03975151095382993f,1.3726259687156386f,-1.2247615009594166e-16f,-0.03978300545342983f,-0.9992083428780468f,0.9403254918198551f,0f,0f,0f,1f], start_interpolation: 0, interpolation_duration: 1 }
$data merge entity $(bone_chain8) { transformation: [-0.9992083428780468f,0.039751510953829935f,-0.001582687522907506f,-0.9801242445230852f,0.03978300545342984f,0.9984173124770924f,-0.03975151095382993f,0.3742086562385462f,-1.2247615009594166e-16f,-0.03978300545342983f,-0.9992083428780468f,0.980108497273285f,0f,0f,0f,1f], start_interpolation: 0, interpolation_duration: 1 }
$data merge entity $(bone_chain4) { transformation: [-0.9992083428780468f,0.03975151095382992f,0.0015826875229077507f,-0.8608697116615951f,0.03978300545342984f,0.9984173124770924f,0.03975151095382993f,3.3694605936698236f,-1.2225930966144456e-16f,0.039783005453429846f,-0.9992083428780468f,-0.8607594809129957f,0f,0f,0f,1f], start_interpolation: 0, interpolation_duration: 1 }
$data merge entity $(bone_chain3) { transformation: [-0.9992083428780468f,0.03975151095382992f,0.0015826875229077507f,-0.9006212226154251f,0.03978300545342984f,0.9984173124770924f,0.03975151095382993f,2.371043281192731f,-1.2225930966144456e-16f,0.039783005453429846f,-0.9992083428780468f,-0.9005424863664256f,0f,0f,0f,1f], start_interpolation: 0, interpolation_duration: 1 }
$data merge entity $(bone_chain2) { transformation: [-0.9992083428780468f,0.03975151095382992f,0.0015826875229077507f,-0.940372733569255f,0.03978300545342984f,0.9984173124770924f,0.03975151095382993f,1.3726259687156386f,-1.2225930966144456e-16f,0.039783005453429846f,-0.9992083428780468f,-0.9403254918198555f,0f,0f,0f,1f], start_interpolation: 0, interpolation_duration: 1 }
$data merge entity $(bone_chain) { transformation: [-0.9992083428780468f,0.03975151095382992f,0.0015826875229077507f,-0.9801242445230849f,0.03978300545342984f,0.9984173124770924f,0.03975151095382993f,0.3742086562385462f,-1.2225930966144456e-16f,0.039783005453429846f,-0.9992083428780468f,-0.9801084972732853f,0f,0f,0f,1f], start_interpolation: 0, interpolation_duration: 1 }