# This file was generated by Animated Java via MC-Build. It is not recommended to edit this file directly.
$data merge entity $(bone_chain13) { transformation: [-0.9951590317407152f,-0.09780191661102422f,-0.009658501544882105f,0.6576932918614155f,-0.09827767571977995f,0.9903414984551178f,0.0978019166110242f,3.341195244592912f,-1.2187183228638461e-16f,0.09827767571977994f,-0.9951590317407152f,-0.6560281349807702f,0f,0f,0f,1f], start_interpolation: 0, interpolation_duration: 1 }
$data merge entity $(bone_chain14) { transformation: [-0.9951590317407152f,-0.09780191661102422f,-0.009658501544882105f,0.7554952084724397f,-0.09827767571977995f,0.9903414984551178f,0.0978019166110242f,2.3508537461377945f,-1.2187183228638461e-16f,0.09827767571977994f,-0.9951590317407152f,-0.75430581070055f,0f,0f,0f,1f], start_interpolation: 0, interpolation_duration: 1 }
$data merge entity $(bone_chain15) { transformation: [-0.9951590317407152f,-0.09780191661102422f,-0.009658501544882105f,0.8532971250834639f,-0.09827767571977995f,0.9903414984551178f,0.0978019166110242f,1.3605122476826765f,-1.2187183228638461e-16f,0.09827767571977994f,-0.9951590317407152f,-0.85258348642033f,0f,0f,0f,1f], start_interpolation: 0, interpolation_duration: 1 }
$data merge entity $(bone_chain16) { transformation: [-0.9951590317407152f,-0.09780191661102422f,-0.009658501544882105f,0.9510990416944881f,-0.09827767571977995f,0.9903414984551178f,0.0978019166110242f,0.3701707492275589f,-1.2187183228638461e-16f,0.09827767571977994f,-0.9951590317407152f,-0.95086116214011f,0f,0f,0f,1f], start_interpolation: 0, interpolation_duration: 1 }
$data merge entity $(bone_chain9) { transformation: [-0.9951590317407152f,-0.09780191661102419f,0.009658501544882347f,0.6576932918614152f,-0.09827767571977995f,0.9903414984551178f,-0.0978019166110242f,3.341195244592912f,-1.2187183228638461e-16f,-0.09827767571977997f,-0.9951590317407152f,0.6560281349807704f,0f,0f,0f,1f], start_interpolation: 0, interpolation_duration: 1 }
$data merge entity $(bone_chain10) { transformation: [-0.9951590317407152f,-0.09780191661102419f,0.009658501544882347f,0.7554952084724393f,-0.09827767571977995f,0.9903414984551178f,-0.0978019166110242f,2.3508537461377945f,-1.2187183228638461e-16f,-0.09827767571977997f,-0.9951590317407152f,0.7543058107005502f,0f,0f,0f,1f], start_interpolation: 0, interpolation_duration: 1 }
$data merge entity $(bone_chain11) { transformation: [-0.9951590317407152f,-0.09780191661102419f,0.009658501544882347f,0.8532971250834636f,-0.09827767571977995f,0.9903414984551178f,-0.0978019166110242f,1.3605122476826765f,-1.2187183228638461e-16f,-0.09827767571977997f,-0.9951590317407152f,0.8525834864203303f,0f,0f,0f,1f], start_interpolation: 0, interpolation_duration: 1 }
$data merge entity $(bone_chain12) { transformation: [-0.9951590317407152f,-0.09780191661102419f,0.009658501544882347f,0.9510990416944878f,-0.09827767571977995f,0.9903414984551178f,-0.0978019166110242f,0.3701707492275589f,-1.2187183228638461e-16f,-0.09827767571977997f,-0.9951590317407152f,0.9508611621401102f,0f,0f,0f,1f], start_interpolation: 0, interpolation_duration: 1 }
$data merge entity $(bone_chain5) { transformation: [-0.9951590317407152f,0.09780191661102422f,-0.009658501544882105f,-0.6576932918614155f,0.09827767571977995f,0.9903414984551178f,-0.0978019166110242f,3.341195244592912f,-1.2187183228638461e-16f,-0.09827767571977994f,-0.9951590317407152f,0.6560281349807702f,0f,0f,0f,1f], start_interpolation: 0, interpolation_duration: 1 }
$data merge entity $(bone_chain6) { transformation: [-0.9951590317407152f,0.09780191661102422f,-0.009658501544882105f,-0.7554952084724397f,0.09827767571977995f,0.9903414984551178f,-0.0978019166110242f,2.3508537461377945f,-1.2187183228638461e-16f,-0.09827767571977994f,-0.9951590317407152f,0.75430581070055f,0f,0f,0f,1f], start_interpolation: 0, interpolation_duration: 1 }
$data merge entity $(bone_chain7) { transformation: [-0.9951590317407152f,0.09780191661102422f,-0.009658501544882105f,-0.8532971250834639f,0.09827767571977995f,0.9903414984551178f,-0.0978019166110242f,1.3605122476826765f,-1.2187183228638461e-16f,-0.09827767571977994f,-0.9951590317407152f,0.85258348642033f,0f,0f,0f,1f], start_interpolation: 0, interpolation_duration: 1 }
$data merge entity $(bone_chain8) { transformation: [-0.9951590317407152f,0.09780191661102422f,-0.009658501544882105f,-0.9510990416944881f,0.09827767571977995f,0.9903414984551178f,-0.0978019166110242f,0.3701707492275589f,-1.2187183228638461e-16f,-0.09827767571977994f,-0.9951590317407152f,0.95086116214011f,0f,0f,0f,1f], start_interpolation: 0, interpolation_duration: 1 }
$data merge entity $(bone_chain4) { transformation: [-0.9951590317407152f,0.09780191661102419f,0.009658501544882347f,-0.6576932918614152f,0.09827767571977995f,0.9903414984551178f,0.0978019166110242f,3.341195244592912f,-1.2187183228638461e-16f,0.09827767571977997f,-0.9951590317407152f,-0.6560281349807704f,0f,0f,0f,1f], start_interpolation: 0, interpolation_duration: 1 }
$data merge entity $(bone_chain3) { transformation: [-0.9951590317407152f,0.09780191661102419f,0.009658501544882347f,-0.7554952084724393f,0.09827767571977995f,0.9903414984551178f,0.0978019166110242f,2.3508537461377945f,-1.2187183228638461e-16f,0.09827767571977997f,-0.9951590317407152f,-0.7543058107005502f,0f,0f,0f,1f], start_interpolation: 0, interpolation_duration: 1 }
$data merge entity $(bone_chain2) { transformation: [-0.9951590317407152f,0.09780191661102419f,0.009658501544882347f,-0.8532971250834636f,0.09827767571977995f,0.9903414984551178f,0.0978019166110242f,1.3605122476826765f,-1.2187183228638461e-16f,0.09827767571977997f,-0.9951590317407152f,-0.8525834864203303f,0f,0f,0f,1f], start_interpolation: 0, interpolation_duration: 1 }
$data merge entity $(bone_chain) { transformation: [-0.9951590317407152f,0.09780191661102419f,0.009658501544882347f,-0.9510990416944878f,0.09827767571977995f,0.9903414984551178f,0.0978019166110242f,0.3701707492275589f,-1.2187183228638461e-16f,0.09827767571977997f,-0.9951590317407152f,-0.9508611621401102f,0f,0f,0f,1f], start_interpolation: 0, interpolation_duration: 1 }