# This file was generated by Animated Java via MC-Build. It is not recommended to edit this file directly.
$data merge entity $(bone_chain13) { transformation: [-0.9866859442078681f,-0.1604718049036046f,-0.026450847502627686f,0.43834868283738415f,-0.16263716519488342f,0.9735491524973722f,0.16047180490360458f,3.2824220337408025f,-1.2256890180976178e-16f,0.1626371651948834f,-0.9866859442078681f,-0.4307699218179081f,0f,0f,0f,1f], start_interpolation: 0, interpolation_duration: 1 }
$data merge entity $(bone_chain14) { transformation: [-0.9866859442078681f,-0.1604718049036046f,-0.026450847502627686f,0.5988204877409887f,-0.16263716519488342f,0.9735491524973722f,0.16047180490360458f,2.3088728812434303f,-1.2256890180976178e-16f,0.1626371651948834f,-0.9866859442078681f,-0.5934070870127914f,0f,0f,0f,1f], start_interpolation: 0, interpolation_duration: 1 }
$data merge entity $(bone_chain15) { transformation: [-0.9866859442078681f,-0.1604718049036046f,-0.026450847502627686f,0.7592922926445933f,-0.16263716519488342f,0.9735491524973722f,0.16047180490360458f,1.3353237287460582f,-1.2256890180976178e-16f,0.1626371651948834f,-0.9866859442078681f,-0.7560442522076748f,0f,0f,0f,1f], start_interpolation: 0, interpolation_duration: 1 }
$data merge entity $(bone_chain16) { transformation: [-0.9866859442078681f,-0.1604718049036046f,-0.026450847502627686f,0.9197640975481979f,-0.16263716519488342f,0.9735491524973722f,0.16047180490360458f,0.3617745762486861f,-1.2256890180976178e-16f,0.1626371651948834f,-0.9866859442078681f,-0.9186814174025582f,0f,0f,0f,1f], start_interpolation: 0, interpolation_duration: 1 }
$data merge entity $(bone_chain9) { transformation: [-0.9866859442078681f,-0.16047180490360455f,0.02645084750262793f,0.43834868283738393f,-0.16263716519488342f,0.9735491524973722f,-0.16047180490360458f,3.2824220337408025f,-1.1909945485780817e-16f,-0.16263716519488344f,-0.9866859442078681f,0.4307699218179082f,0f,0f,0f,1f], start_interpolation: 0, interpolation_duration: 1 }
$data merge entity $(bone_chain10) { transformation: [-0.9866859442078681f,-0.16047180490360455f,0.02645084750262793f,0.5988204877409885f,-0.16263716519488342f,0.9735491524973722f,-0.16047180490360458f,2.3088728812434303f,-1.1909945485780817e-16f,-0.16263716519488344f,-0.9866859442078681f,0.5934070870127917f,0f,0f,0f,1f], start_interpolation: 0, interpolation_duration: 1 }
$data merge entity $(bone_chain11) { transformation: [-0.9866859442078681f,-0.16047180490360455f,0.02645084750262793f,0.7592922926445931f,-0.16263716519488342f,0.9735491524973722f,-0.16047180490360458f,1.3353237287460582f,-1.1909945485780817e-16f,-0.16263716519488344f,-0.9866859442078681f,0.7560442522076751f,0f,0f,0f,1f], start_interpolation: 0, interpolation_duration: 1 }
$data merge entity $(bone_chain12) { transformation: [-0.9866859442078681f,-0.16047180490360455f,0.02645084750262793f,0.9197640975481977f,-0.16263716519488342f,0.9735491524973722f,-0.16047180490360458f,0.3617745762486861f,-1.1909945485780817e-16f,-0.16263716519488344f,-0.9866859442078681f,0.9186814174025585f,0f,0f,0f,1f], start_interpolation: 0, interpolation_duration: 1 }
$data merge entity $(bone_chain5) { transformation: [-0.9866859442078681f,0.1604718049036046f,-0.026450847502627686f,-0.43834868283738415f,0.16263716519488342f,0.9735491524973722f,-0.16047180490360458f,3.2824220337408025f,-1.2256890180976178e-16f,-0.1626371651948834f,-0.9866859442078681f,0.4307699218179081f,0f,0f,0f,1f], start_interpolation: 0, interpolation_duration: 1 }
$data merge entity $(bone_chain6) { transformation: [-0.9866859442078681f,0.1604718049036046f,-0.026450847502627686f,-0.5988204877409887f,0.16263716519488342f,0.9735491524973722f,-0.16047180490360458f,2.3088728812434303f,-1.2256890180976178e-16f,-0.1626371651948834f,-0.9866859442078681f,0.5934070870127914f,0f,0f,0f,1f], start_interpolation: 0, interpolation_duration: 1 }
$data merge entity $(bone_chain7) { transformation: [-0.9866859442078681f,0.1604718049036046f,-0.026450847502627686f,-0.7592922926445933f,0.16263716519488342f,0.9735491524973722f,-0.16047180490360458f,1.3353237287460582f,-1.2256890180976178e-16f,-0.1626371651948834f,-0.9866859442078681f,0.7560442522076748f,0f,0f,0f,1f], start_interpolation: 0, interpolation_duration: 1 }
$data merge entity $(bone_chain8) { transformation: [-0.9866859442078681f,0.1604718049036046f,-0.026450847502627686f,-0.9197640975481979f,0.16263716519488342f,0.9735491524973722f,-0.16047180490360458f,0.3617745762486861f,-1.2256890180976178e-16f,-0.1626371651948834f,-0.9866859442078681f,0.9186814174025582f,0f,0f,0f,1f], start_interpolation: 0, interpolation_duration: 1 }
$data merge entity $(bone_chain4) { transformation: [-0.9866859442078681f,0.16047180490360455f,0.02645084750262793f,-0.43834868283738393f,0.16263716519488342f,0.9735491524973722f,0.16047180490360458f,3.2824220337408025f,-1.1909945485780817e-16f,0.16263716519488344f,-0.9866859442078681f,-0.4307699218179082f,0f,0f,0f,1f], start_interpolation: 0, interpolation_duration: 1 }
$data merge entity $(bone_chain3) { transformation: [-0.9866859442078681f,0.16047180490360455f,0.02645084750262793f,-0.5988204877409885f,0.16263716519488342f,0.9735491524973722f,0.16047180490360458f,2.3088728812434303f,-1.1909945485780817e-16f,0.16263716519488344f,-0.9866859442078681f,-0.5934070870127917f,0f,0f,0f,1f], start_interpolation: 0, interpolation_duration: 1 }
$data merge entity $(bone_chain2) { transformation: [-0.9866859442078681f,0.16047180490360455f,0.02645084750262793f,-0.7592922926445931f,0.16263716519488342f,0.9735491524973722f,0.16047180490360458f,1.3353237287460582f,-1.1909945485780817e-16f,0.16263716519488344f,-0.9866859442078681f,-0.7560442522076751f,0f,0f,0f,1f], start_interpolation: 0, interpolation_duration: 1 }
$data merge entity $(bone_chain) { transformation: [-0.9866859442078681f,0.16047180490360455f,0.02645084750262793f,-0.9197640975481977f,0.16263716519488342f,0.9735491524973722f,0.16047180490360458f,0.3617745762486861f,-1.1909945485780817e-16f,0.16263716519488344f,-0.9866859442078681f,-0.9186814174025585f,0f,0f,0f,1f], start_interpolation: 0, interpolation_duration: 1 }