# This file was generated by Animated Java via MC-Build. It is not recommended to edit this file directly.
$data merge entity $(bone_chain13) { transformation: [-0.9754577437121731f,-0.2147828379137141f,-0.048482190231956254f,0.2482600673020008f,-0.22018671674730148f,0.9515178097680437f,0.21478283791371408f,3.205312334188153f,-1.194591203540612e-16f,0.22018671674730145f,-0.9754577437121731f,-0.22934649138444485f,0f,0f,0f,1f], start_interpolation: 0, interpolation_duration: 1 }
$data merge entity $(bone_chain14) { transformation: [-0.9754577437121731f,-0.2147828379137141f,-0.048482190231956254f,0.463042905215715f,-0.22018671674730148f,0.9515178097680437f,0.21478283791371408f,2.253794524420109f,-1.194591203540612e-16f,0.22018671674730145f,-0.9754577437121731f,-0.44953320813174624f,0f,0f,0f,1f], start_interpolation: 0, interpolation_duration: 1 }
$data merge entity $(bone_chain15) { transformation: [-0.9754577437121731f,-0.2147828379137141f,-0.048482190231956254f,0.677825743129429f,-0.22018671674730148f,0.9515178097680437f,0.21478283791371408f,1.3022767146520655f,-1.194591203540612e-16f,0.22018671674730145f,-0.9754577437121731f,-0.6697199248790477f,0f,0f,0f,1f], start_interpolation: 0, interpolation_duration: 1 }
$data merge entity $(bone_chain16) { transformation: [-0.9754577437121731f,-0.2147828379137141f,-0.048482190231956254f,0.8926085810431432f,-0.22018671674730148f,0.9515178097680437f,0.21478283791371408f,0.35075890488402184f,-1.194591203540612e-16f,0.22018671674730145f,-0.9754577437121731f,-0.8899066416263491f,0f,0f,0f,1f], start_interpolation: 0, interpolation_duration: 1 }
$data merge entity $(bone_chain9) { transformation: [-0.9754577437121731f,-0.21478283791371405f,0.04848219023195649f,0.24826006730200068f,-0.22018671674730148f,0.9515178097680437f,-0.21478283791371408f,3.205312334188153f,-1.194591203540612e-16f,-0.2201867167473015f,-0.9754577437121731f,0.22934649138444496f,0f,0f,0f,1f], start_interpolation: 0, interpolation_duration: 1 }
$data merge entity $(bone_chain10) { transformation: [-0.9754577437121731f,-0.21478283791371405f,0.04848219023195649f,0.4630429052157148f,-0.22018671674730148f,0.9515178097680437f,-0.21478283791371408f,2.253794524420109f,-1.194591203540612e-16f,-0.2201867167473015f,-0.9754577437121731f,0.44953320813174646f,0f,0f,0f,1f], start_interpolation: 0, interpolation_duration: 1 }
$data merge entity $(bone_chain11) { transformation: [-0.9754577437121731f,-0.21478283791371405f,0.04848219023195649f,0.6778257431294288f,-0.22018671674730148f,0.9515178097680437f,-0.21478283791371408f,1.3022767146520655f,-1.194591203540612e-16f,-0.2201867167473015f,-0.9754577437121731f,0.669719924879048f,0f,0f,0f,1f], start_interpolation: 0, interpolation_duration: 1 }
$data merge entity $(bone_chain12) { transformation: [-0.9754577437121731f,-0.21478283791371405f,0.04848219023195649f,0.8926085810431429f,-0.22018671674730148f,0.9515178097680437f,-0.21478283791371408f,0.35075890488402184f,-1.194591203540612e-16f,-0.2201867167473015f,-0.9754577437121731f,0.8899066416263495f,0f,0f,0f,1f], start_interpolation: 0, interpolation_duration: 1 }
$data merge entity $(bone_chain5) { transformation: [-0.9754577437121731f,0.2147828379137141f,-0.048482190231956254f,-0.2482600673020008f,0.22018671674730148f,0.9515178097680437f,-0.21478283791371408f,3.205312334188153f,-1.194591203540612e-16f,-0.22018671674730145f,-0.9754577437121731f,0.22934649138444485f,0f,0f,0f,1f], start_interpolation: 0, interpolation_duration: 1 }
$data merge entity $(bone_chain6) { transformation: [-0.9754577437121731f,0.2147828379137141f,-0.048482190231956254f,-0.463042905215715f,0.22018671674730148f,0.9515178097680437f,-0.21478283791371408f,2.253794524420109f,-1.194591203540612e-16f,-0.22018671674730145f,-0.9754577437121731f,0.44953320813174624f,0f,0f,0f,1f], start_interpolation: 0, interpolation_duration: 1 }
$data merge entity $(bone_chain7) { transformation: [-0.9754577437121731f,0.2147828379137141f,-0.048482190231956254f,-0.677825743129429f,0.22018671674730148f,0.9515178097680437f,-0.21478283791371408f,1.3022767146520655f,-1.194591203540612e-16f,-0.22018671674730145f,-0.9754577437121731f,0.6697199248790477f,0f,0f,0f,1f], start_interpolation: 0, interpolation_duration: 1 }
$data merge entity $(bone_chain8) { transformation: [-0.9754577437121731f,0.2147828379137141f,-0.048482190231956254f,-0.8926085810431432f,0.22018671674730148f,0.9515178097680437f,-0.21478283791371408f,0.35075890488402184f,-1.194591203540612e-16f,-0.22018671674730145f,-0.9754577437121731f,0.8899066416263491f,0f,0f,0f,1f], start_interpolation: 0, interpolation_duration: 1 }
$data merge entity $(bone_chain4) { transformation: [-0.9754577437121731f,0.21478283791371405f,0.04848219023195649f,-0.24826006730200068f,0.22018671674730148f,0.9515178097680437f,0.21478283791371408f,3.205312334188153f,-1.194591203540612e-16f,0.2201867167473015f,-0.9754577437121731f,-0.22934649138444496f,0f,0f,0f,1f], start_interpolation: 0, interpolation_duration: 1 }
$data merge entity $(bone_chain3) { transformation: [-0.9754577437121731f,0.21478283791371405f,0.04848219023195649f,-0.4630429052157148f,0.22018671674730148f,0.9515178097680437f,0.21478283791371408f,2.253794524420109f,-1.194591203540612e-16f,0.2201867167473015f,-0.9754577437121731f,-0.44953320813174646f,0f,0f,0f,1f], start_interpolation: 0, interpolation_duration: 1 }
$data merge entity $(bone_chain2) { transformation: [-0.9754577437121731f,0.21478283791371405f,0.04848219023195649f,-0.6778257431294288f,0.22018671674730148f,0.9515178097680437f,0.21478283791371408f,1.3022767146520655f,-1.194591203540612e-16f,0.2201867167473015f,-0.9754577437121731f,-0.669719924879048f,0f,0f,0f,1f], start_interpolation: 0, interpolation_duration: 1 }
$data merge entity $(bone_chain) { transformation: [-0.9754577437121731f,0.21478283791371405f,0.04848219023195649f,-0.8926085810431429f,0.22018671674730148f,0.9515178097680437f,0.21478283791371408f,0.35075890488402184f,-1.194591203540612e-16f,0.2201867167473015f,-0.9754577437121731f,-0.8899066416263495f,0f,0f,0f,1f], start_interpolation: 0, interpolation_duration: 1 }