# This file was generated by Animated Java via MC-Build. It is not recommended to edit this file directly.
$data merge entity $(bone_chain13) { transformation: [-0.9659258262890683f,-0.25000000000000006f,-0.06698729810778052f,0.125f,-0.25881904510252074f,0.9330127018922193f,0.25f,3.0780444566227674f,-1.2523069104177421e-16f,0.2588190451025207f,-0.9659258262890683f,-0.09413334214117752f,0f,0f,0f,1f], start_interpolation: 0, interpolation_duration: 1 }
$data merge entity $(bone_chain14) { transformation: [-0.9659258262890683f,-0.25000000000000006f,-0.06698729810778052f,0.3750000000000001f,-0.25881904510252074f,0.9330127018922193f,0.25f,2.145031754730548f,-1.2523069104177421e-16f,0.2588190451025207f,-0.9659258262890683f,-0.35295238724369815f,0f,0f,0f,1f], start_interpolation: 0, interpolation_duration: 1 }
$data merge entity $(bone_chain15) { transformation: [-0.9659258262890683f,-0.25000000000000006f,-0.06698729810778052f,0.6250000000000001f,-0.25881904510252074f,0.9330127018922193f,0.25f,1.212019052838329f,-1.2523069104177421e-16f,0.2588190451025207f,-0.9659258262890683f,-0.6117714323462189f,0f,0f,0f,1f], start_interpolation: 0, interpolation_duration: 1 }
$data merge entity $(bone_chain16) { transformation: [-0.9659258262890683f,-0.25000000000000006f,-0.06698729810778052f,0.8750000000000002f,-0.25881904510252074f,0.9330127018922193f,0.25f,0.27900635094610965f,-1.2523069104177421e-16f,0.2588190451025207f,-0.9659258262890683f,-0.8705904774487395f,0f,0f,0f,1f], start_interpolation: 0, interpolation_duration: 1 }
$data merge entity $(bone_chain9) { transformation: [-0.9659258262890683f,-0.24999999999999997f,0.06698729810778077f,0.125f,-0.25881904510252074f,0.9330127018922193f,-0.25f,3.0780444566227674f,-1.1135290323395976e-16f,-0.2588190451025208f,-0.9659258262890683f,0.09413334214117741f,0f,0f,0f,1f], start_interpolation: 0, interpolation_duration: 1 }
$data merge entity $(bone_chain10) { transformation: [-0.9659258262890683f,-0.24999999999999997f,0.06698729810778077f,0.375f,-0.25881904510252074f,0.9330127018922193f,-0.25f,2.145031754730548f,-1.1135290323395976e-16f,-0.2588190451025208f,-0.9659258262890683f,0.35295238724369826f,0f,0f,0f,1f], start_interpolation: 0, interpolation_duration: 1 }
$data merge entity $(bone_chain11) { transformation: [-0.9659258262890683f,-0.24999999999999997f,0.06698729810778077f,0.625f,-0.25881904510252074f,0.9330127018922193f,-0.25f,1.212019052838329f,-1.1135290323395976e-16f,-0.2588190451025208f,-0.9659258262890683f,0.611771432346219f,0f,0f,0f,1f], start_interpolation: 0, interpolation_duration: 1 }
$data merge entity $(bone_chain12) { transformation: [-0.9659258262890683f,-0.24999999999999997f,0.06698729810778077f,0.8749999999999999f,-0.25881904510252074f,0.9330127018922193f,-0.25f,0.27900635094610965f,-1.1135290323395976e-16f,-0.2588190451025208f,-0.9659258262890683f,0.8705904774487399f,0f,0f,0f,1f], start_interpolation: 0, interpolation_duration: 1 }
$data merge entity $(bone_chain5) { transformation: [-0.9659258262890683f,0.25000000000000006f,-0.06698729810778052f,-0.125f,0.25881904510252074f,0.9330127018922193f,-0.25f,3.0780444566227674f,-1.2523069104177421e-16f,-0.2588190451025207f,-0.9659258262890683f,0.09413334214117752f,0f,0f,0f,1f], start_interpolation: 0, interpolation_duration: 1 }
$data merge entity $(bone_chain6) { transformation: [-0.9659258262890683f,0.25000000000000006f,-0.06698729810778052f,-0.3750000000000001f,0.25881904510252074f,0.9330127018922193f,-0.25f,2.145031754730548f,-1.2523069104177421e-16f,-0.2588190451025207f,-0.9659258262890683f,0.35295238724369815f,0f,0f,0f,1f], start_interpolation: 0, interpolation_duration: 1 }
$data merge entity $(bone_chain7) { transformation: [-0.9659258262890683f,0.25000000000000006f,-0.06698729810778052f,-0.6250000000000001f,0.25881904510252074f,0.9330127018922193f,-0.25f,1.212019052838329f,-1.2523069104177421e-16f,-0.2588190451025207f,-0.9659258262890683f,0.6117714323462189f,0f,0f,0f,1f], start_interpolation: 0, interpolation_duration: 1 }
$data merge entity $(bone_chain8) { transformation: [-0.9659258262890683f,0.25000000000000006f,-0.06698729810778052f,-0.8750000000000002f,0.25881904510252074f,0.9330127018922193f,-0.25f,0.27900635094610965f,-1.2523069104177421e-16f,-0.2588190451025207f,-0.9659258262890683f,0.8705904774487395f,0f,0f,0f,1f], start_interpolation: 0, interpolation_duration: 1 }
$data merge entity $(bone_chain4) { transformation: [-0.9659258262890683f,0.24999999999999997f,0.06698729810778077f,-0.125f,0.25881904510252074f,0.9330127018922193f,0.25f,3.0780444566227674f,-1.1135290323395976e-16f,0.2588190451025208f,-0.9659258262890683f,-0.09413334214117741f,0f,0f,0f,1f], start_interpolation: 0, interpolation_duration: 1 }
$data merge entity $(bone_chain3) { transformation: [-0.9659258262890683f,0.24999999999999997f,0.06698729810778077f,-0.375f,0.25881904510252074f,0.9330127018922193f,0.25f,2.145031754730548f,-1.1135290323395976e-16f,0.2588190451025208f,-0.9659258262890683f,-0.35295238724369826f,0f,0f,0f,1f], start_interpolation: 0, interpolation_duration: 1 }
$data merge entity $(bone_chain2) { transformation: [-0.9659258262890683f,0.24999999999999997f,0.06698729810778077f,-0.625f,0.25881904510252074f,0.9330127018922193f,0.25f,1.212019052838329f,-1.1135290323395976e-16f,0.2588190451025208f,-0.9659258262890683f,-0.611771432346219f,0f,0f,0f,1f], start_interpolation: 0, interpolation_duration: 1 }
$data merge entity $(bone_chain) { transformation: [-0.9659258262890683f,0.24999999999999997f,0.06698729810778077f,-0.8749999999999999f,0.25881904510252074f,0.9330127018922193f,0.25f,0.27900635094610965f,-1.1135290323395976e-16f,0.2588190451025208f,-0.9659258262890683f,-0.8705904774487399f,0f,0f,0f,1f], start_interpolation: 0, interpolation_duration: 1 }