# This file was generated by Animated Java via MC-Build. It is not recommended to edit this file directly.
$data merge entity $(bone_layer) { transformation: [-1f,-5.180756596034678e-17f,1.1099069304367545e-16f,-6.446707809175495e-17f,0f,0.9072140948236865f,0.42261826174069944f,-1.0058557633102094f,-1.2246467991473532e-16f,0.4230408800024401f,-0.9063077870366499f,0.5264136413587938f,0f,0f,0f,1f], start_interpolation: 0, interpolation_duration: 1 }
$data merge entity $(bone_head) { transformation: [-1f,-5.175581015019659e-17f,1.1099069304367545e-16f,-6.123233995736766e-17f,0f,0.9063077870366499f,0.42261826174069944f,-1.0625f,-1.2246467991473532e-16f,0.42261826174069944f,-0.9063077870366499f,0.5f,0f,0f,0f,1f], start_interpolation: 0, interpolation_duration: 1 }
$data merge entity $(bone_6) { transformation: [-0.999f,-2.1265768495757713e-17f,1.2048356208393958e-16f,0.11874999999999997f,0f,0.984807753012208f,0.1734745294892634f,-1.6112740473580835f,-1.2234221523482057e-16f,0.1736481776669303f,-0.9838229452591958f,0.2677323035880261f,0f,0f,0f,1f], start_interpolation: 0, interpolation_duration: 1 }
$data merge entity $(bone_5) { transformation: [-1f,1.0605752387249068e-16f,6.123233995736767e-17f,0.11875f,0f,0.5000000000000001f,-0.8660254037844386f,-1.5f,-1.2246467991473532e-16f,-0.8660254037844386f,-0.5000000000000001f,0f,0f,0f,0f,1f], start_interpolation: 0, interpolation_duration: 1 }
$data merge entity $(bone_10) { transformation: [-0.999f,-7.871877887341986e-17f,9.37195741395003e-17f,-2.458371506383222e-17f,0f,0.7660444431189781f,0.6421448220768529f,-1.2316686706131736f,-1.2234221523482057e-16f,0.6427876096865394f,-0.7652783986758591f,0.2007412674490992f,0f,0f,0f,1f], start_interpolation: 0, interpolation_duration: 1 }
$data merge entity $(bone_9) { transformation: [-1f,-1.0605752387249068e-16f,6.123233995736767e-17f,-6.123233995736766e-17f,0f,0.5000000000000001f,0.8660254037844386f,-1.0625f,-1.2246467991473532e-16f,0.8660254037844386f,-0.5000000000000001f,0.5f,0f,0f,0f,1f], start_interpolation: 0, interpolation_duration: 1 }
$data merge entity $(item_display_item_display) { transformation: [-0.12373521730612187f,1.4488638641157343f,-0.24130750760105985f,-0.27128806808273204f,-0.10099653564518564f,0.354266888682901f,0.9683473462602221f,-1.1076146124778794f,1.4914721907517683f,0.14418989161019657f,0.04555330686295285f,0.8581368671140217f,0f,0f,0f,1f], start_interpolation: 0, interpolation_duration: 1 }
$data merge entity $(bone_2) { transformation: [0.24130750760105982f,0.08249014487074818f,0.965909242743823f,-0.5525121702224897f,-0.9683473462602221f,0.06733102376345694f,0.2361779257886007f,-1.1645874583459528f,-0.04555330686295263f,-0.9943147938345122f,0.09612659440679794f,0.5795186079032693f,0f,0f,0f,1f], start_interpolation: 0, interpolation_duration: 1 }
$data merge entity $(bone_1) { transformation: [0.24154905665771753f,0.7420140010343022f,0.6253553193959686f,-0.3409551011081803f,-0.9693166629231452f,0.2147804065621405f,0.11955995958739452f,-1.1030629343846499f,-0.04559890576872135f,-0.6350469267905078f,0.7711265399184672f,0.3923356999720202f,0f,0f,0f,1f], start_interpolation: 0, interpolation_duration: 1 }
$data merge entity $(bone_4) { transformation: [-0.9365895986574765f,-0.26852624868132347f,0.2209948371385152f,0.44205677852102065f,-0.23896141349691963f,0.9592177535361868f,0.15046269125349654f,-1.1349549456182686f,-0.2523853532718995f,0.08828904275235705f,-0.9625607827554976f,0.231715319098683f,0f,0f,0f,1f], start_interpolation: 0, interpolation_duration: 1 }
$data merge entity $(bone_3) { transformation: [-0.9375271257832597f,-0.346300102688329f,-0.03345336004996909f,0.34374999999999994f,-0.23920061411103066f,0.5717696891700489f,0.7847690671498794f,-1f,-0.25263799126316266f,0.7437443521966663f,-0.6188847905273449f,0.46875f,0f,0f,0f,1f], start_interpolation: 0, interpolation_duration: 1 }
$data merge entity $(bone_8) { transformation: [-0.999f,-1.086274977660736e-16f,5.649134822478046e-17f,-0.13124999999999995f,0f,0.46174861323503397f,0.8861238223450436f,-1.7156389505221579f,-1.2234221523482057e-16f,0.8870108331782218f,-0.46128686462179885f,-0.15245995962155615f,0f,0f,0f,1f], start_interpolation: 0, interpolation_duration: 1 }
$data merge entity $(bone_7) { transformation: [-1f,-6.123233995736765e-17f,1.0605752387249069e-16f,-0.13124999999999998f,0f,0.8660254037844387f,0.5f,-1.4421875f,-1.2246467991473532e-16f,0.5f,-0.8660254037844387f,-0.01984176532934076f,0f,0f,0f,1f], start_interpolation: 0, interpolation_duration: 1 }