# This file was generated by Animated Java via MC-Build. It is not recommended to edit this file directly.
$data merge entity $(bone_layer) { transformation: [-1f,-5.017322094460383e-17f,1.1173751782128953e-16f,0.017578124999999934f,0f,0.9133184802098417f,0.40928615402951063f,-0.9781308703665184f,-1.2246467991473532e-16f,0.4096954401835401f,-0.9124060741357062f,0.5255803846268444f,0f,0f,0f,1f], start_interpolation: 0, interpolation_duration: 1 }
$data merge entity $(bone_head) { transformation: [-1f,-5.012309784675708e-17f,1.1173751782128953e-16f,0.017578124999999938f,0f,0.9124060741357062f,0.40928615402951063f,-1.03515625f,-1.2246467991473532e-16f,0.40928615402951063f,-0.9124060741357062f,0.5f,0f,0f,0f,1f], start_interpolation: 0, interpolation_duration: 1 }
$data merge entity $(bone_6) { transformation: [-0.999f,-7.665351767214051e-17f,9.541279528884612e-17f,0.136328125f,0f,0.7798844830928817f,0.6252975487118748f,-1.7615599103926032f,-1.2234221523482057e-16f,0.625923472184059f,-0.7791045986097889f,0.04325361261714317f,0f,0f,0f,1f], start_interpolation: 0, interpolation_duration: 1 }
$data merge entity $(bone_5) { transformation: [-1f,1.8629741797293815e-17f,1.2103937601947863e-16f,0.136328125f,0f,0.9883615104677607f,-0.1521233861899167f,-1.47265625f,-1.2246467991473532e-16f,-0.1521233861899167f,-0.9883615104677607f,-0.03125f,0f,0f,0f,1f], start_interpolation: 0, interpolation_duration: 1 }
$data merge entity $(bone_10) { transformation: [-0.999f,-8.744156920479693e-17f,8.565555448181887e-17f,0.017578124999999976f,0f,0.7001308118985237f,0.7133005834532169f,-1.2029506180132263f,-1.2234221523482057e-16f,0.7140145980512682f,-0.6994306810866253f,0.20048299917862678f,0f,0f,0f,1f], start_interpolation: 0, interpolation_duration: 1 }
$data merge entity $(bone_9) { transformation: [-1f,-1.086274977660736e-16f,5.654789612090137e-17f,0.017578124999999938f,0f,0.4617486132350341f,0.8870108331782217f,-1.0469964410673653f,-1.2246467991473532e-16f,0.8870108331782217f,-0.4617486132350341f,0.5068359375f,0f,0f,0f,1f], start_interpolation: 0, interpolation_duration: 1 }
$data merge entity $(item_display_item_display) { transformation: [-0.08446106361981574f,1.4555945462801352f,-0.23058125179699168f,-0.23718268944540488f,-0.19396516841351177f,0.3328716496818624f,0.9654363286747082f,-1.1098155519556423f,1.4850063441529562f,0.12626651051487778f,0.11298664343555694f,0.8595825960659342f,0f,0f,0f,1f], start_interpolation: 0, interpolation_duration: 1 }
$data merge entity $(bone_2) { transformation: [0.23058125179699168f,0.0563073757465441f,0.9703963641867568f,-0.5263547093171304f,-0.9654363286747082f,0.12931011227567435f,0.22191443312124154f,-1.1468362842371116f,-0.11298664343555671f,-0.9900042294353042f,0.08417767367658541f,0.5857760156831753f,0f,0f,0f,1f], start_interpolation: 0, interpolation_duration: 1 }
$data merge entity $(bone_1) { transformation: [0.23081206386085254f,0.7266760374866922f,0.6470453830442915f,-0.3233769761081803f,-0.9664027314061143f,0.2485103320440996f,0.06563821751185325f,-1.0757191843846499f,-0.11309974317873545f,-0.640456517969777f,0.7596208901043555f,0.3923356999720202f,0f,0f,0f,1f], start_interpolation: 0, interpolation_duration: 1 }
$data merge entity $(bone_4) { transformation: [-0.9169917730166055f,-0.37753078206658736f,0.12199390667315096f,0.44384997687570527f,-0.3710476345598741f,0.9257980054383208f,0.07025704808593675f,-1.0821953076656732f,-0.13946591378320516f,0.01919796131411239f,-0.9890310581214693f,0.21759435863088206f,0f,0f,0f,1f], start_interpolation: 0, interpolation_duration: 1 }
$data merge entity $(bone_3) { transformation: [-0.9179096826993048f,-0.33034786489053036f,-0.21980014233191375f,0.36132812499999994f,-0.3714190536134876f,0.5204456175787192f,0.7688850666750962f,-0.97265625f,-0.13960551930250767f,0.7874050084330007f,-0.6004195630348028f,0.46875f,0f,0f,0f,1f], start_interpolation: 0, interpolation_duration: 1 }
$data merge entity $(bone_8) { transformation: [-0.999f,-1.0031719290535251e-16f,7.017261182968103e-17f,-0.11367187499999999f,0f,0.5735764363510458f,0.8183328922447032f,-1.7568765921554217f,-1.2234221523482057e-16f,0.8191520442889922f,-0.5730028599146948f,0.042064551099101274f,0f,0f,0f,1f], start_interpolation: 0, interpolation_duration: 1 }
$data merge entity $(bone_7) { transformation: [-1f,2.3891673840167756e-17f,1.2011155542966558e-16f,-0.11367187499999998f,0f,0.9807852804032307f,-0.19509032201612792f,-1.4574089181966248f,-1.2246467991473532e-16f,-0.19509032201612792f,-0.9807852804032307f,-0.03821371828282892f,0f,0f,0f,1f], start_interpolation: 0, interpolation_duration: 1 }