# This file was generated by Animated Java via MC-Build. It is not recommended to edit this file directly.
$data merge entity $(bone_layer) { transformation: [-1f,-4.766217260405345e-17f,1.1282930332454405e-16f,0.031249999999999934f,0f,0.922242500503029f,0.388802372072981f,-0.9424174262922684f,-1.2246467991473532e-16f,0.38919117444505397f,-0.9213211793237054f,0.5243001482545613f,0f,0f,0f,1f], start_interpolation: 0, interpolation_duration: 1 }
$data merge entity $(bone_head) { transformation: [-1f,-4.761455804600745e-17f,1.1282930332454405e-16f,0.031249999999999938f,0f,0.9213211793237054f,0.388802372072981f,-1f,-1.2246467991473532e-16f,0.388802372072981f,-0.9213211793237054f,0.5f,0f,0f,0f,1f], start_interpolation: 0, interpolation_duration: 1 }
$data merge entity $(bone_6) { transformation: [-0.999f,-1.1314261122877005e-16f,4.6818338849209753e-17f,0.15000000000000002f,0f,0.3826834323650899f,0.9229556529787755f,-1.678069720189693f,-1.2234221523482057e-16f,0.9238795325112867f,-0.3823007489327249f,-0.25327155933957446f,0f,0f,0f,1f], start_interpolation: 0, interpolation_duration: 1 }
$data merge entity $(bone_5) { transformation: [-1f,-8.27359385291814e-17f,9.029043306084037e-17f,0.15f,0f,0.7372773368101242f,0.6755902076156601f,-1.4375f,-1.2246467991473532e-16f,0.6755902076156601f,-0.7372773368101242f,-0.0625f,0f,0f,0f,1f], start_interpolation: 0, interpolation_duration: 1 }
$data merge entity $(bone_10) { transformation: [-0.999f,-9.650348470981657e-17f,7.532138872607888e-17f,0.031249999999999972f,0f,0.6156614753256584f,0.7872227428531152f,-1.1695061095071397f,-1.2234221523482057e-16f,0.7880107536067219f,-0.6150458138503326f,0.2027610161382119f,0f,0f,0f,1f], start_interpolation: 0, interpolation_duration: 1 }
$data merge entity $(bone_9) { transformation: [-1f,-1.1099069304367545e-16f,5.1755810150196606e-17f,0.031249999999999934f,0f,0.42261826174069955f,0.9063077870366499f,-1.0270632938682638f,-1.2246467991473532e-16f,0.9063077870366499f,-0.42261826174069955f,0.515625f,0f,0f,0f,1f], start_interpolation: 0, interpolation_duration: 1 }
$data merge entity $(item_display_item_display) { transformation: [-0.03273165261300539f,1.4630342537181757f,-0.21495612267036876f,-0.20278167099915073f,-0.312623926879616f,0.3087684614319413f,0.9551325532843693f,-1.1130852730079164f,1.4666952373480973f,0.09846349410950413f,0.19878800512858777f,0.8564094370094909f,0f,0f,0f,1f], start_interpolation: 0, interpolation_duration: 1 }
$data merge entity $(bone_2) { transformation: [0.21495612267036876f,0.021821101742003857f,0.9753561691454505f,-0.5021251984216031f,-0.9551325532843693f,0.20841595125307716f,0.20584564095462748f,-1.1253080479929682f,-0.19878800512858755f,-0.9777968248987315f,0.0656423294063363f,0.5914470028453279f,0f,0f,0f,1f], start_interpolation: 0, interpolation_duration: 1 }
$data merge entity $(bone_1) { transformation: [0.2151712939643331f,0.7058011816222214f,0.6749414835927563f,-0.3097051011081803f,-0.9560886419262956f,0.2930728815843501f,-0.001671783292641553f,-1.0405629343846499f,-0.19898699212070825f,-0.6449441666536118f,0.7378693643635248f,0.3923356999720202f,0f,0f,0f,1f], start_interpolation: 0, interpolation_duration: 1 }
$data merge entity $(bone_4) { transformation: [-0.8670919979681334f,-0.4925364525826636f,0.06360229287536895f,0.43321649879887797f,-0.49552267217501056f,0.8661119489807823f,-0.061708369445921174f,-1.0263520157217405f,-0.024693084460377913f,-0.08519351330938535f,-0.9950617194331823f,0.20750795022664553f,0f,0f,0f,1f], start_interpolation: 0, interpolation_duration: 1 }
$data merge entity $(bone_3) { transformation: [-0.8679599579260595f,-0.3014045639980461f,-0.39471610080935465f,0.37499999999999994f,-0.4960186908658764f,0.48655048456675076f,0.7191898805458556f,-0.9375f,-0.024717802262640556f,0.8200145820465681f,-0.5718086353687719f,0.46875f,0f,0f,0f,1f], start_interpolation: 0, interpolation_duration: 1 }
$data merge entity $(bone_8) { transformation: [-0.999f,-9.029043306084034e-17f,8.26532025906522e-17f,-0.1f,0f,0.67559020761566f,0.7365400594733139f,-1.6030194467767296f,-1.2234221523482057e-16f,0.737277336810124f,-0.6749146174080444f,0.20854565447459475f,0f,0f,0f,1f], start_interpolation: 0, interpolation_duration: 1 }
$data merge entity $(bone_7) { transformation: [-1f,9.715776287805217e-17f,7.455177354798984e-17f,-0.09999999999999998f,0f,0.6087614290087207f,-0.7933533402912349f,-1.4257544958763129f,-1.2246467991473532e-16f,-0.7933533402912349f,-0.6087614290087207f,-0.053270770348739754f,0f,0f,0f,1f], start_interpolation: 0, interpolation_duration: 1 }