# This file was generated by Animated Java via MC-Build. It is not recommended to edit this file directly.
$data merge entity $(bone_layer) { transformation: [-1f,-4.496814962157882e-17f,1.1392761542692646e-16f,0.031249999999999934f,0f,0.9312198678162025f,0.366825981388764f,-0.9418569013601272f,-1.2246467991473532e-16f,0.3671928073701527f,-0.9302895782379647f,0.5229266238367978f,0f,0f,0f,1f], start_interpolation: 0, interpolation_duration: 1 }
$data merge entity $(bone_head) { transformation: [-1f,-4.492322639518364e-17f,1.1392761542692646e-16f,0.031249999999999938f,0f,0.9302895782379647f,0.366825981388764f,-1f,-1.2246467991473532e-16f,0.366825981388764f,-0.9302895782379647f,0.5f,0f,0f,0f,1f], start_interpolation: 0, interpolation_duration: 1 }
$data merge entity $(bone_10) { transformation: [-0.999f,-9.622008928044787e-17f,7.56823585803356e-17f,0.031249999999999972f,0f,0.6186119683632734f,0.7849109576580988f,-1.1706782610729989f,-1.2234221523482057e-16f,0.7856966543124112f,-0.61799335639491f,0.20329733660819793f,0f,0f,0f,1f], start_interpolation: 0, interpolation_duration: 1 }
$data merge entity $(bone_9) { transformation: [-1f,-1.1079584285193416e-16f,5.217163054139754e-17f,0.031249999999999934f,0f,0.42601369290902047f,0.9047167144769787f,-1.0270632938682638f,-1.2246467991473532e-16f,0.9047167144769787f,-0.42601369290902047f,0.515625f,0f,0f,0f,1f], start_interpolation: 0, interpolation_duration: 1 }
$data merge entity $(item_display_item_display) { transformation: [-0.03273165261300539f,1.4630342537181757f,-0.21495612267036876f,-0.19856328672669604f,-0.312623926879616f,0.3087684614319413f,0.9551325532843693f,-1.1130957216534956f,1.4666952373480973f,0.09846349410950413f,0.19878800512858777f,0.8610211205367629f,0f,0f,0f,1f], start_interpolation: 0, interpolation_duration: 1 }
$data merge entity $(bone_2) { transformation: [0.21495612267036876f,0.021821101742003857f,0.9753561691454505f,-0.4979068141491484f,-0.9551325532843693f,0.20841595125307716f,0.20584564095462748f,-1.1253184966385474f,-0.19878800512858755f,-0.9777968248987315f,0.0656423294063363f,0.5960586863726f,0f,0f,0f,1f], start_interpolation: 0, interpolation_duration: 1 }
$data merge entity $(bone_4) { transformation: [-0.9036245500885429f,-0.4031668451368924f,0.13872668065723212f,0.44602474385812774f,-0.4137560068240492f,0.9081404951092271f,-0.06112627551504163f,-1.0296991018762822f,-0.10133922880255058f,-0.11285980739454082f,-0.9874307502379525f,0.21187247787497188f,0f,0f,0f,1f], start_interpolation: 0, interpolation_duration: 1 }
$data merge entity $(bone_3) { transformation: [-0.9045290791677106f,-0.32184451329102315f,-0.2797199567504577f,0.37499999999999994f,-0.4141701770010503f,0.5070601448866985f,0.7558790074809585f,-0.9375f,-0.10144066947202261f,0.7995662065970177f,-0.5919490449735711f,0.46875f,0f,0f,0f,1f], start_interpolation: 0, interpolation_duration: 1 }