# This file was generated by Animated Java via MC-Build. It is not recommended to edit this file directly.
$data merge entity $(bone_layer) { transformation: [-1f,-4.2810655987773204e-17f,1.14754109181817e-16f,0.017578124999999934f,0f,0.9379754503173894f,0.3492263085932222f,-0.9765913492559073f,-1.2246467991473532e-16f,0.34957553490181537f,-0.937038411905484f,0.5218266442870764f,0f,0f,0f,1f], start_interpolation: 0, interpolation_duration: 1 }
$data merge entity $(bone_head) { transformation: [-1f,-4.2767888099673535e-17f,1.14754109181817e-16f,0.017578124999999938f,0f,0.937038411905484f,0.3492263085932222f,-1.03515625f,-1.2246467991473532e-16f,0.3492263085932222f,-0.937038411905484f,0.5f,0f,0f,0f,1f], start_interpolation: 0, interpolation_duration: 1 }
$data merge entity $(bone_6) { transformation: [-0.999f,-1.16796641102639e-16f,3.678901364531057e-17f,0.13632812500000002f,0f,0.3007057995042731f,0.9527632337974787f,-1.7544040685753468f,-1.2234221523482057e-16f,0.9537169507482268f,-0.30040509370476876f,-0.18450715082745556f,0f,0f,0f,1f], start_interpolation: 0, interpolation_duration: 1 }
$data merge entity $(bone_5) { transformation: [-1f,-5.654789612090135e-17f,1.0862749776607361e-16f,0.136328125f,0f,0.8870108331782217f,0.4617486132350339f,-1.47265625f,-1.2246467991473532e-16f,0.4617486132350339f,-0.8870108331782217f,-0.0625f,0f,0f,0f,1f], start_interpolation: 0, interpolation_duration: 1 }
$data merge entity $(bone_10) { transformation: [-0.999f,-8.997389759343766e-17f,8.299697518345362e-17f,0.017578124999999976f,0f,0.6784001337898885f,0.7339579359405906f,-1.1936919037754077f,-1.2234221523482057e-16f,0.7346926285691597f,-0.6777217336560986f,0.1959432400208322f,0f,0f,0f,1f], start_interpolation: 0, interpolation_duration: 1 }
$data merge entity $(bone_9) { transformation: [-1f,-1.1027468678415755e-16f,5.326435281944693e-17f,0.017578124999999938f,0f,0.43493644744371723f,0.9004611522353635f,-1.0469964410673653f,-1.2246467991473532e-16f,0.9004611522353635f,-0.43493644744371723f,0.5068359375f,0f,0f,0f,1f], start_interpolation: 0, interpolation_duration: 1 }
$data merge entity $(item_display_item_display) { transformation: [-0.08446106361981574f,1.4555945462801352f,-0.23058125179699165f,-0.22505058851332438f,-0.19396516841351183f,0.33287164968186234f,0.9654363286747082f,-1.108584835377295f,1.4850063441529562f,0.12626651051487778f,0.11298664343555696f,0.873825487755391f,0f,0f,0f,1f], start_interpolation: 0, interpolation_duration: 1 }
$data merge entity $(bone_2) { transformation: [0.23058125179699165f,0.0563073757465441f,0.9703963641867568f,-0.5142226083850499f,-0.9654363286747082f,0.12931011227567438f,0.2219144331212415f,-1.1456055676587642f,-0.11298664343555674f,-0.9900042294353042f,0.08417767367658541f,0.600018907372632f,0f,0f,0f,1f], start_interpolation: 0, interpolation_duration: 1 }
$data merge entity $(bone_1) { transformation: [0.2308120638608525f,0.7266760374866922f,0.6470453830442915f,-0.3233769761081803f,-0.9664027314061143f,0.2485103320440996f,0.06563821751185323f,-1.0757191843846499f,-0.11309974317873547f,-0.640456517969777f,0.7596208901043555f,0.3923356999720202f,0f,0f,0f,1f], start_interpolation: 0, interpolation_duration: 1 }
$data merge entity $(bone_4) { transformation: [-0.9269765594267309f,-0.33397792752308575f,0.16552091460493534f,0.4488035880892857f,-0.32748969578083786f,0.9425669734801856f,0.06399200128351112f,-1.0860733954275474f,-0.17738646349356788f,0.0051229319522562156f,-0.9831118199879791f,0.22101544071689544f,0f,0f,0f,1f], start_interpolation: 0, interpolation_duration: 1 }
$data merge entity $(bone_3) { transformation: [-0.9279044638906214f,-0.337401029166454f,-0.15859965765813036f,0.36132812499999994f,-0.327817513294132f,0.5357824642504707f,0.7781213459219226f,-0.97265625f,-0.17756402752108896f,0.7740140157123193f,-0.607760906616557f,0.46875f,0f,0f,0f,1f], start_interpolation: 0, interpolation_duration: 1 }
$data merge entity $(bone_8) { transformation: [-0.999f,-4.9322244460269413e-17f,1.1198123398533335e-16f,-0.113671875f,0f,0.915311479119447f,0.40234394316887834f,-1.608346779417999f,-1.2234221523482057e-16f,0.40274668985873713f,-0.9143961676403275f,0.22376218791842256f,0f,0f,0f,1f], start_interpolation: 0, interpolation_duration: 1 }
$data merge entity $(bone_7) { transformation: [-1f,1.0736806151040424e-16f,5.890413562829542e-17f,-0.11367187499999998f,0f,0.4809887689193878f,-0.8767267557075075f,-1.4910959279478462f,-1.2246467991473532e-16f,-0.8767267557075075f,-0.4809887689193878f,-0.04518267518928599f,0f,0f,0f,1f], start_interpolation: 0, interpolation_duration: 1 }