# This file was generated by Animated Java via MC-Build. It is not recommended to edit this file directly.
$data merge entity $(bone_layer) { transformation: [-1f,-4.1927272764146674e-17f,1.1507915602278503e-16f,-6.385017666841578e-17f,0f,0.9406323134066943f,0.34202014332566866f,-1.0037692112008807f,-1.2246467991473532e-16f,0.3423621634689943f,-0.9396926207859084f,0.5213762589578543f,0f,0f,0f,1f], start_interpolation: 0, interpolation_duration: 1 }
$data merge entity $(bone_head) { transformation: [-1f,-4.188538737676991e-17f,1.1507915602278503e-16f,-6.123233995736766e-17f,0f,0.9396926207859084f,0.34202014332566866f,-1.0625f,-1.2246467991473532e-16f,0.34202014332566866f,-0.9396926207859084f,0.5f,0f,0f,0f,1f], start_interpolation: 0, interpolation_duration: 1 }
$data merge entity $(bone_6) { transformation: [-0.999f,-1.195617780139768e-16f,2.6479701833756826e-17f,0.11875000000000001f,0f,0.21643961393810268f,0.9753197111128136f,-1.8037252687353755f,-1.2234221523482057e-16f,0.9762960071199335f,-0.21622317432416457f,-0.10742815661279548f,0f,0f,0f,1f], start_interpolation: 0, interpolation_duration: 1 }
$data merge entity $(bone_5) { transformation: [-1f,-2.6506208041798655e-17f,1.195617780139768e-16f,0.11875000000000001f,0f,0.9762960071199334f,0.21643961393810288f,-1.5f,-1.2246467991473532e-16f,0.21643961393810288f,-0.9762960071199334f,-0.0625f,0f,0f,0f,1f], start_interpolation: 0, interpolation_duration: 1 }
$data merge entity $(bone_10) { transformation: [-0.999f,-8.417185322279647e-17f,8.886438808911147e-17f,-2.3413759450270435e-17f,0f,0.726359155084346f,0.6866280255508674f,-1.2135261141172753f,-1.2234221523482057e-16f,0.6873153408917592f,-0.7256327959292617f,0.19118785487025325f,0f,0f,0f,1f], start_interpolation: 0, interpolation_duration: 1 }
$data merge entity $(bone_9) { transformation: [-1f,-1.0951950393670754e-16f,5.480032923328176e-17f,-6.123233995736766e-17f,0f,0.4474786466713169f,0.8942946163167967f,-1.0625f,-1.2246467991473532e-16f,0.8942946163167967f,-0.4474786466713169f,0.5f,0f,0f,0f,1f], start_interpolation: 0, interpolation_duration: 1 }
$data merge entity $(item_display_item_display) { transformation: [-0.12373521730612187f,1.4488638641157343f,-0.24130750760105985f,-0.25174571435160803f,-0.10099653564518564f,0.354266888682901f,0.9683473462602221f,-1.1038783637407732f,1.4914721907517683f,0.14418989161019657f,0.04555330686295285f,0.8822345714864737f,0f,0f,0f,1f], start_interpolation: 0, interpolation_duration: 1 }
$data merge entity $(bone_2) { transformation: [0.24130750760105982f,0.08249014487074818f,0.965909242743823f,-0.5329698164913657f,-0.9683473462602221f,0.06733102376345694f,0.2361779257886007f,-1.1608512096088466f,-0.04555330686295263f,-0.9943147938345122f,0.09612659440679794f,0.6036163122757213f,0f,0f,0f,1f], start_interpolation: 0, interpolation_duration: 1 }
$data merge entity $(bone_1) { transformation: [0.24154905665771753f,0.7420140010343022f,0.6253553193959686f,-0.3409551011081803f,-0.9693166629231452f,0.2147804065621405f,0.11955995958739452f,-1.1030629343846499f,-0.04559890576872135f,-0.6350469267905078f,0.7711265399184672f,0.3923356999720202f,0f,0f,0f,1f], start_interpolation: 0, interpolation_duration: 1 }
$data merge entity $(bone_4) { transformation: [-0.9365895986574765f,-0.26852624868132347f,0.2209948371385152f,0.44205677852102065f,-0.23896141349691963f,0.9592177535361868f,0.15046269125349654f,-1.1349549456182686f,-0.2523853532718995f,0.08828904275235705f,-0.9625607827554976f,0.231715319098683f,0f,0f,0f,1f], start_interpolation: 0, interpolation_duration: 1 }
$data merge entity $(bone_3) { transformation: [-0.9375271257832597f,-0.346300102688329f,-0.03345336004996909f,0.34374999999999994f,-0.23920061411103066f,0.5717696891700489f,0.7847690671498794f,-1f,-0.25263799126316266f,0.7437443521966663f,-0.6188847905273449f,0.46875f,0f,0f,0f,1f], start_interpolation: 0, interpolation_duration: 1 }
$data merge entity $(bone_8) { transformation: [-0.999f,-4.3140830754274083e-32f,1.2234221523482055e-16f,-0.13125f,0f,1f,4.996003610813204e-16f,-1.6082408396986378f,-1.2234221523482057e-16f,4.440892098500626e-16f,-0.9990000000000001f,0.22720475423320047f,0f,0f,0f,1f], start_interpolation: 0, interpolation_duration: 1 }
$data merge entity $(bone_7) { transformation: [-1f,1.1507915602278498e-16f,4.1885387376769973e-17f,-0.13124999999999998f,0f,0.3420201433256693f,-0.9396926207859082f,-1.5486248600193797f,-1.2246467991473532e-16f,-0.9396926207859082f,-0.3420201433256693f,-0.03709458002983222f,0f,0f,0f,1f], start_interpolation: 0, interpolation_duration: 1 }