# This file was generated by Animated Java via MC-Build. It is not recommended to edit this file directly.
$data merge entity $(bone_layer) { transformation: [-1f,-4.6293660243423e-17f,1.133965371300876e-16f,-0.017578125000000066f,0f,0.9268789478423306f,0.3776387842012216f,-0.9772841878220323f,-1.2246467991473532e-16f,0.37801642298542276f,-0.9259529948474832f,0.5236024240125764f,0f,0f,0f,1f], start_interpolation: 0, interpolation_duration: 1 }
$data merge entity $(bone_head) { transformation: [-1f,-4.624741283059241e-17f,1.133965371300876e-16f,-0.017578125000000062f,0f,0.9259529948474832f,0.3776387842012216f,-1.03515625f,-1.2246467991473532e-16f,0.3776387842012216f,-0.9259529948474832f,0.5f,0f,0f,0f,1f], start_interpolation: 0, interpolation_duration: 1 }
$data merge entity $(bone_6) { transformation: [-0.999f,-9.876098033058262e-17f,7.234213227052349e-17f,0.101171875f,0f,0.5913096483635825f,0.8056381596632148f,-1.7530274618986887f,-1.2234221523482057e-16f,0.8064446042674823f,-0.590718338715219f,0.10747990825597259f,0f,0f,0f,1f], start_interpolation: 0, interpolation_duration: 1 }
$data merge entity $(bone_5) { transformation: [-1f,4.932224446026943e-17f,1.1209332731264603e-16f,0.10117187500000001f,0f,0.9153114791194471f,-0.40274668985873724f,-1.47265625f,-1.2246467991473532e-16f,-0.40274668985873724f,-0.9153114791194471f,-0.03125f,0f,0f,0f,1f], start_interpolation: 0, interpolation_duration: 1 }
$data merge entity $(bone_10) { transformation: [-0.999f,-8.744156920479693e-17f,8.565555448181887e-17f,-0.017578125000000024f,0f,0.7001308118985237f,0.7133005834532169f,-1.2029506180132263f,-1.2234221523482057e-16f,0.7140145980512682f,-0.6994306810866253f,0.20048299917862678f,0f,0f,0f,1f], start_interpolation: 0, interpolation_duration: 1 }
$data merge entity $(bone_9) { transformation: [-1f,-1.086274977660736e-16f,5.654789612090137e-17f,-0.017578125000000062f,0f,0.4617486132350341f,0.8870108331782217f,-1.0469964410673653f,-1.2246467991473532e-16f,0.8870108331782217f,-0.4617486132350341f,0.5068359375f,0f,0f,0f,1f], start_interpolation: 0, interpolation_duration: 1 }
$data merge entity $(item_display_item_display) { transformation: [-0.21113007800797068f,1.4427016641092216f,-0.2305812517969917f,-0.27996032438626367f,-0.22226778897225824f,0.3147166994161902f,0.9654363286747082f,-1.1166739812496518f,1.4683395793023266f,0.25508343240019293f,0.11298664343555694f,0.9026321829028788f,0f,0f,0f,1f], start_interpolation: 0, interpolation_duration: 1 }
$data merge entity $(bone_2) { transformation: [0.23058125179699168f,0.1407533853386474f,0.9618011094061477f,-0.545334824741023f,-0.9654363286747082f,0.14817852598150533f,0.20981113294412676f,-1.145195328799315f,-0.11298664343555671f,-0.9788930528682177f,0.17005562160012883f,0.6047665379357842f,0f,0f,0f,1f], start_interpolation: 0, interpolation_duration: 1 }
$data merge entity $(bone_1) { transformation: [0.23081206386085254f,0.7266760374866922f,0.6470453830442915f,-0.3585332261081803f,-0.9664027314061143f,0.2485103320440996f,0.06563821751185325f,-1.0757191843846499f,-0.11309974317873545f,-0.640456517969777f,0.7596208901043555f,0.3923356999720202f,0f,0f,0f,1f], start_interpolation: 0, interpolation_duration: 1 }
$data merge entity $(bone_4) { transformation: [-0.9365895986574765f,-0.2414846940396592f,0.25020519105576716f,0.4222189287088973f,-0.23896141349691963f,0.970145884308113f,0.03996036674290132f,-1.095900918458668f,-0.2523853532718995f,-0.022407715291881847f,-0.9663340682489261f,0.22901361862836572f,0f,0f,0f,1f], start_interpolation: 0, interpolation_duration: 1 }
$data merge entity $(bone_3) { transformation: [-0.9375271257832597f,-0.346300102688329f,-0.03345336004996909f,0.32617187499999994f,-0.23920061411103066f,0.5717696891700489f,0.7847690671498794f,-0.97265625f,-0.25263799126316266f,0.7437443521966663f,-0.6188847905273449f,0.46875f,0f,0f,0f,1f], start_interpolation: 0, interpolation_duration: 1 }
$data merge entity $(bone_8) { transformation: [-0.999f,-7.241454681734085e-17f,9.866221935025206e-17f,-0.14882812499999998f,0f,0.8064446042674824f,0.5907183387152191f,-1.7443241512666288f,-1.2234221523482057e-16f,0.5913096483635827f,-0.805638159663215f,0.07402574207097623f,0f,0f,0f,1f], start_interpolation: 0, interpolation_duration: 1 }
$data merge entity $(bone_7) { transformation: [-1f,2.3891673840167756e-17f,1.2011155542966558e-16f,-0.14882812499999998f,0f,0.9807852804032307f,-0.19509032201612792f,-1.4693677754580337f,-1.2246467991473532e-16f,-0.19509032201612792f,-0.9807852804032307f,-0.009342482891851217f,0f,0f,0f,1f], start_interpolation: 0, interpolation_duration: 1 }