# This file was generated by Animated Java via MC-Build. It is not recommended to edit this file directly.
$data merge entity $(bone_10) { transformation: [-0.999f,-9.069547271436007e-17f,8.220943966209065e-17f,-0.03125000000000003f,0f,0.6719629810879255f,0.7398441518381322f,-1.1921358569662026f,-1.2234221523482057e-16f,0.7405847365747071f,-0.6712910181068376f,0.21408747822654478f,0f,0f,0f,1f], start_interpolation: 0, interpolation_duration: 1 }
$data merge entity $(bone_9) { transformation: [-1f,-1.0688256536516495e-16f,5.978055743784779e-17f,-0.03125000000000006f,0f,0.48814529609246793f,0.8727623788310291f,-1.0270632938682638f,-1.2246467991473532e-16f,0.8727623788310291f,-0.48814529609246793f,0.515625f,0f,0f,0f,1f], start_interpolation: 0, interpolation_duration: 1 }
$data merge entity $(item_display_item_display) { transformation: [-0.03273165261300539f,1.4630342537181757f,-0.21495612267036876f,-0.25262651818178655f,-0.312623926879616f,0.3087684614319413f,0.9551325532843693f,-1.1131166189446535f,1.4666952373480973f,0.09846349410950413f,0.19878800512858777f,0.870244487591307f,0f,0f,0f,1f], start_interpolation: 0, interpolation_duration: 1 }
$data merge entity $(bone_2) { transformation: [0.21495612267036876f,0.021821101742003857f,0.9753561691454505f,-0.5519700456042389f,-0.9551325532843693f,0.20841595125307716f,0.20584564095462748f,-1.1253393939297054f,-0.19878800512858755f,-0.9777968248987315f,0.0656423294063363f,0.605282053427144f,0f,0f,0f,1f], start_interpolation: 0, interpolation_duration: 1 }