# This file was generated by Animated Java via MC-Build. It is not recommended to edit this file directly.
$data merge entity $(bone_layer) { transformation: [-1f,-5.24127580605171e-17f,1.1070675942871033e-16f,-0.017578125000000066f,0f,0.9048932824165666f,0.4275550934302821f,-0.9786569191797848f,-1.2246467991473532e-16f,0.4279826485237123f,-0.9039892931234433f,0.5267221933393926f,0f,0f,0f,1f], start_interpolation: 0, interpolation_duration: 1 }
$data merge entity $(bone_head) { transformation: [-1f,-5.236039766285425e-17f,1.1070675942871033e-16f,-0.017578125000000062f,0f,0.9039892931234433f,0.4275550934302821f,-1.03515625f,-1.2246467991473532e-16f,0.4275550934302821f,-0.9039892931234433f,0.5f,0f,0f,0f,1f], start_interpolation: 0, interpolation_duration: 1 }
$data merge entity $(bone_6) { transformation: [-0.999f,-4.1885387376769905e-17f,1.1496407686676223e-16f,0.10117187499999997f,0f,0.9396926207859083f,0.3416781231823429f,-1.6052744442922153f,-1.2234221523482057e-16f,0.34202014332566866f,-0.9387529281651223f,0.2734514505221579f,0f,0f,0f,1f], start_interpolation: 0, interpolation_duration: 1 }
$data merge entity $(bone_5) { transformation: [-1f,1.0605752387249068e-16f,6.123233995736767e-17f,0.101171875f,0f,0.5000000000000001f,-0.8660254037844386f,-1.47265625f,-1.2246467991473532e-16f,-0.8660254037844386f,-0.5000000000000001f,0f,0f,0f,0f,1f], start_interpolation: 0, interpolation_duration: 1 }
$data merge entity $(bone_10) { transformation: [-0.999f,-8.395327557267101e-17f,8.907050244603207e-17f,-0.017578125000000024f,0f,0.7280438912690308f,0.6848449884120992f,-1.2150417853240594f,-1.2234221523482057e-16f,0.6855305189310302f,-0.7273158473777618f,0.20694497331693368f,0f,0f,0f,1f], start_interpolation: 0, interpolation_duration: 1 }
$data merge entity $(bone_9) { transformation: [-1f,-1.062863825173987e-16f,6.083422324632557e-17f,-0.017578125000000062f,0f,0.4967491303507324f,0.867894176438459f,-1.0469964410673653f,-1.2246467991473532e-16f,0.867894176438459f,-0.4967491303507324f,0.5068359375f,0f,0f,0f,1f], start_interpolation: 0, interpolation_duration: 1 }
$data merge entity $(item_display_item_display) { transformation: [-0.08446106361981574f,1.4555945462801352f,-0.23058125179699165f,-0.25616280486929754f,-0.19396516841351183f,0.33287164968186234f,0.9654363286747082f,-1.1081745965178458f,1.4850063441529562f,0.12626651051487778f,0.11298664343555696f,0.8785731183185432f,0f,0f,0f,1f], start_interpolation: 0, interpolation_duration: 1 }
$data merge entity $(bone_2) { transformation: [0.23058125179699165f,0.0563073757465441f,0.9703963641867568f,-0.545334824741023f,-0.9654363286747082f,0.12931011227567438f,0.2219144331212415f,-1.145195328799315f,-0.11298664343555674f,-0.9900042294353042f,0.08417767367658541f,0.6047665379357842f,0f,0f,0f,1f], start_interpolation: 0, interpolation_duration: 1 }
$data merge entity $(bone_1) { transformation: [0.2308120638608525f,0.7266760374866922f,0.6470453830442915f,-0.3585332261081803f,-0.9664027314061143f,0.2485103320440996f,0.06563821751185323f,-1.0757191843846499f,-0.11309974317873547f,-0.640456517969777f,0.7596208901043555f,0.3923356999720202f,0f,0f,0f,1f], start_interpolation: 0, interpolation_duration: 1 }
$data merge entity $(bone_4) { transformation: [-0.9365895986574765f,-0.2414846940396592f,0.25020519105576716f,0.4222189287088974f,-0.23896141349691963f,0.970145884308113f,0.03996036674290132f,-1.095900918458668f,-0.2523853532718995f,-0.022407715291881847f,-0.9663340682489261f,0.22901361862836567f,0f,0f,0f,1f], start_interpolation: 0, interpolation_duration: 1 }
$data merge entity $(bone_3) { transformation: [-0.9375271257832597f,-0.346300102688329f,-0.03345336004996909f,0.32617187499999994f,-0.23920061411103066f,0.5717696891700489f,0.7847690671498794f,-0.97265625f,-0.25263799126316266f,0.7437443521966663f,-0.6188847905273449f,0.46875f,0f,0f,0f,1f], start_interpolation: 0, interpolation_duration: 1 }
$data merge entity $(bone_8) { transformation: [-0.999f,-1.1314261122877003e-16f,4.681833884920971e-17f,-0.14882812499999995f,0f,0.3826834323650899f,0.9229556529787755f,-1.664938309891556f,-1.2234221523482057e-16f,0.9238795325112867f,-0.38230074893272487f,-0.19251484476747682f,0f,0f,0f,1f], start_interpolation: 0, interpolation_duration: 1 }
$data merge entity $(bone_7) { transformation: [-1f,-7.665351767214052e-17f,9.550830359243858e-17f,-0.14882812499999998f,0f,0.7798844830928819f,0.625923472184059f,-1.41484375f,-1.2246467991473532e-16f,0.625923472184059f,-0.7798844830928819f,-0.01984176532934076f,0f,0f,0f,1f], start_interpolation: 0, interpolation_duration: 1 }