# This file was generated by Animated Java via MC-Build. It is not recommended to edit this file directly.
$data merge entity $(bone_leftleg) { transformation: [-0.984807753012208f,-0.17101007166283438f,-0.030153689607045682f,0.11875f,-0.17364817766693033f,0.9698463103929542f,0.17101007166283436f,0.75f,-1.2060416625018976e-16f,0.1736481776669303f,-0.984807753012208f,1.4542680739874818e-17f,0f,0f,0f,1f], start_interpolation: 0, interpolation_duration: 1 }
$data merge entity $(bone_rightleg) { transformation: [-0.984807753012208f,0.17101007166283433f,0.030153689607045925f,-0.11875f,0.17364817766693033f,0.9698463103929542f,0.17101007166283436f,0.75f,-1.2060416625018976e-16f,0.17364817766693036f,-0.984807753012208f,-1.4542680739874818e-17f,0f,0f,0f,1f], start_interpolation: 0, interpolation_duration: 1 }
$data merge entity $(bone_leftarm) { transformation: [-0.9659258262890683f,-0.24999999999999997f,0.06698729810778077f,0.3125f,-0.25881904510252074f,0.9330127018922193f,-0.25f,1.375f,-1.1135290323395976e-16f,-0.2588190451025208f,-0.9659258262890683f,-0.12499999999999996f,0f,0f,0f,1f], start_interpolation: 0, interpolation_duration: 1 }
$data merge entity $(bone_rightarm) { transformation: [-0.9659258262890683f,0.25000000000000006f,-0.06698729810778052f,-0.3125f,0.25881904510252074f,0.9330127018922193f,-0.25f,1.375f,-1.2523069104177421e-16f,-0.2588190451025207f,-0.9659258262890683f,-0.09375000000000004f,0f,0f,0f,1f], start_interpolation: 0, interpolation_duration: 1 }
$data merge entity $(bone_body) { transformation: [-1f,2.1265768495757713e-17f,1.2060416625018976e-16f,1.7221595613009655e-17f,0f,0.984807753012208f,-0.17364817766693033f,1.484375f,-1.2246467991473532e-16f,-0.17364817766693033f,-0.984807753012208f,-0.140625f,0f,0f,0f,1f], start_interpolation: 0, interpolation_duration: 1 }
$data merge entity $(bone_head) { transformation: [-1f,6.123233995736765e-17f,1.0605752387249069e-16f,1.9135106236677395e-17f,0f,0.8660254037844387f,-0.49999999999999994f,1.46875f,-1.2246467991473532e-16f,-0.49999999999999994f,-0.8660254037844387f,-0.15625f,0f,0f,0f,1f], start_interpolation: 0, interpolation_duration: 1 }