# This file was generated by Animated Java via MC-Build. It is not recommended to edit this file directly.
$data merge entity $(bone_leftleg) { transformation: [-0.9914542491339765f,-0.1304548631662235f,0.000023461986419206257f,0.11875f,-0.12258751973772557f,0.9317240837393124f,0.3418516224690057f,0.75f,-0.04461806673014478f,0.3389273675235164f,-0.9397539399570739f,1.4542680739874818e-17f,0f,0f,0f,1f], start_interpolation: 0, interpolation_duration: 1 }
$data merge entity $(bone_rightleg) { transformation: [-0.9914497004468391f,0.13048943039200728f,-0.000006312087945703582f,-0.11875f,0.12262423804968005f,0.9317070487937135f,0.34188488043615545f,0.75f,0.044618244324585055f,0.3389608882807548f,-0.9397418414060924f,-1.4542680739874818e-17f,0f,0f,0f,1f], start_interpolation: 0, interpolation_duration: 1 }
$data merge entity $(bone_leftarm) { transformation: [-0.9397621206733693f,-0.3212255251775805f,0.11688164322030772f,0.3125f,-0.34182912575158836f,0.8831913962117863f,-0.3211320700979276f,1.3125f,-0.00007304379870106949f,-0.34174130512986434f,-0.9397940599050094f,-0.062422743055555514f,0f,0f,0f,1f], start_interpolation: 0, interpolation_duration: 1 }
$data merge entity $(bone_rightarm) { transformation: [-0.9659628685413124f,0.24310078103510835f,-0.08841802338640914f,-0.3125f,0.2586807614723455f,0.9078048926616732f,-0.3301129208371214f,1.3125f,0.00001560534437136629f,-0.34174886557185286f,-0.9397913133439917f,-0.0624227430555556f,0f,0f,0f,1f], start_interpolation: 0, interpolation_duration: 1 }
$data merge entity $(bone_body) { transformation: [-1f,1.5967385017257528e-17f,1.2141927541510548e-16f,1.1468448746042998e-17f,0f,0.9914636244478188f,-0.13038359328072913f,1.4375f,-1.2246467991473532e-16f,-0.13038359328072913f,-0.9914636244478188f,-0.09364699074074075f,0f,0f,0f,1f], start_interpolation: 0, interpolation_duration: 1 }
$data merge entity $(bone_head) { transformation: [-1f,6.120182932887713e-17f,1.0607513334150267e-16f,1.5295469993378476e-17f,0f,0.8661691960110973f,-0.49975086181165235f,1.4375f,-1.2246467991473532e-16f,-0.49975086181165235f,-0.8661691960110973f,-0.12489699074074075f,0f,0f,0f,1f], start_interpolation: 0, interpolation_duration: 1 }