# This file was generated by Animated Java via MC-Build. It is not recommended to edit this file directly.
$data merge entity $(bone_leftleg) { transformation: [-0.9922675602801388f,-0.12410101341274939f,0.002006809814035179f,0.11875f,-0.11663524904008402f,0.9378590295634505f,0.3268281801614734f,0.75f,-0.04244181307459294f,0.32406693619718685f,-0.9450816437571463f,1.4542680739874818e-17f,0f,0f,0f,1f], start_interpolation: 0, interpolation_duration: 1 }
$data merge entity $(bone_rightleg) { transformation: [-0.9918731025443864f,0.12722999641728597f,-0.0005257952361663691f,-0.11875f,0.11993784025596697f,0.9363872429495333f,0.32983912096066736f,0.75f,0.04245777812965627f,0.3270954895027276f,-0.9440370108334015f,-1.4542680739874818e-17f,0f,0f,0f,1f], start_interpolation: 0, interpolation_duration: 1 }
$data merge entity $(bone_leftarm) { transformation: [-0.9457641893419543f,-0.3060935131886245f,0.1087973315031279f,0.3125f,-0.32478760737656f,0.8977328459422612f,-0.29763861881654036f,1.3125f,-0.00656568754706195f,-0.31683197202973956f,-0.9484589570702471f,-0.05555555555555551f,0f,0f,0f,1f], start_interpolation: 0, interpolation_duration: 1 }
$data merge entity $(bone_rightarm) { transformation: [-0.9691753485491622f,0.23318700089934963f,-0.07951708229164789f,-0.3125f,0.24636796894325688f,0.919131223314006f,-0.3074095284926499f,1.3125f,0.0014027271239986088f,-0.3175241989846847f,-0.9482491315133117f,-0.055555555555555594f,0f,0f,0f,1f], start_interpolation: 0, interpolation_duration: 1 }
$data merge entity $(bone_body) { transformation: [-1f,1.4413833239264644e-17f,1.2161348296126234e-16f,1.03471315205737e-17f,0f,0.9930494494080611f,-0.11769788031373712f,1.4375f,-1.2246467991473532e-16f,-0.11769788031373712f,-0.9930494494080611f,-0.08449074074074073f,0f,0f,0f,1f], start_interpolation: 0, interpolation_duration: 1 }
$data merge entity $(bone_head) { transformation: [-1f,5.846987686755476e-17f,1.0760516402901657e-16f,1.417415276790918e-17f,0f,0.8786628446988591f,-0.47744277703794896f,1.4375f,-1.2246467991473532e-16f,-0.47744277703794896f,-0.8786628446988591f,-0.11574074074074073f,0f,0f,0f,1f], start_interpolation: 0, interpolation_duration: 1 }