# This file was generated by Animated Java via MC-Build. It is not recommended to edit this file directly.
$data merge entity $(bone_leftleg) { transformation: [-0.984807753012208f,-0.17140531891479988f,-0.027819170633963202f,0.11875f,-0.17364817766693033f,0.9720878689472798f,0.1577703566532391f,0.75f,-1.2060416625018976e-16f,0.16020421871240415f,-0.9870838912203704f,-0.012207031249999986f,0f,0f,0f,1f], start_interpolation: 0, interpolation_duration: 1 }
$data merge entity $(bone_rightleg) { transformation: [-0.984807753012208f,0.17140531891479982f,0.027819170633963445f,-0.11875f,0.17364817766693033f,0.9720878689472798f,0.1577703566532391f,0.75f,-1.2060416625018976e-16f,0.1602042187124042f,-0.9870838912203704f,-0.012207031250000014f,0f,0f,0f,1f], start_interpolation: 0, interpolation_duration: 1 }
$data merge entity $(bone_leftarm) { transformation: [-0.9659258262890683f,-0.2525302936010675f,0.05670757375817923f,0.3125f,-0.25881904510252074f,0.9424558861694696f,-0.21163554643948404f,1.375f,-1.217612440898206e-16f,-0.21910124015686983f,-0.9757021300385286f,-0.12499999999999996f,0f,0f,0f,1f], start_interpolation: 0, interpolation_duration: 1 }
$data merge entity $(bone_rightarm) { transformation: [-0.9659258262890683f,0.2525302936010675f,-0.056707573758178996f,-0.3125f,0.25881904510252074f,0.9424558861694696f,-0.21163554643948404f,1.375f,-1.1482235018591337e-16f,-0.21910124015686977f,-0.9757021300385286f,-0.09375000000000004f,0f,0f,0f,1f], start_interpolation: 0, interpolation_duration: 1 }
$data merge entity $(bone_body) { transformation: [-1f,1.9619358365604823e-17f,1.208829127872941e-16f,1.7221595613009655e-17f,0f,0.9870838912203704f,-0.16020421871240415f,1.484375f,-1.2246467991473532e-16f,-0.16020421871240415f,-0.9870838912203704f,-0.140625f,0f,0f,0f,1f], start_interpolation: 0, interpolation_duration: 1 }
$data merge entity $(bone_head) { transformation: [-1f,5.978055743784779e-17f,1.0688256536516495e-16f,1.9135106236677395e-17f,0f,0.8727623788310291f,-0.48814529609246793f,1.46875f,-1.2246467991473532e-16f,-0.48814529609246793f,-0.8727623788310291f,-0.15625f,0f,0f,0f,1f], start_interpolation: 0, interpolation_duration: 1 }