# This file was generated by Animated Java via MC-Build. It is not recommended to edit this file directly.
$data merge entity $(bone_leftleg) { transformation: [-0.9939345660864389f,-0.10982565813893364f,0.005692376736694315f,0.11875f,-0.10334891608499434f,0.9505064715772921f,0.29301271138594537f,0.75f,-0.03759095479791884f,0.2906471611835158f,-0.9560916001165077f,1.4542680739874818e-17f,0f,0f,0f,1f], start_interpolation: 0, interpolation_duration: 1 }
$data merge entity $(bone_rightleg) { transformation: [-0.9927738277407948f,0.11999256082032811f,-0.001382859598950415f,-0.11875f,0.11394383770014678f,0.9462185624464744f,0.30279899922537745f,0.75f,0.03764211475266975f,0.300453353167355f,-0.9530534369947151f,-1.4542680739874818e-17f,0f,0f,0f,1f], start_interpolation: 0, interpolation_duration: 1 }
$data merge entity $(bone_leftarm) { transformation: [-0.9578811012626955f,-0.27130999185254856f,0.09409933137241508f,0.3125f,-0.2863937089202461f,0.9265651866459472f,-0.24383518693303166f,1.3125f,-0.02103424195617514f,-0.26051457390466887f,-0.965240756209868f,-0.040250868055555486f,0f,0f,0f,1f], start_interpolation: 0, interpolation_duration: 1 }
$data merge entity $(bone_rightarm) { transformation: [-0.9757627805032334f,0.20994377793995214f,-0.06173010844716489f,-0.3125f,0.21878482308417402f,0.9417308207139637f,-0.25549219656465255f,1.3125f,0.0044941487097505586f,-0.2628053869723839f,-0.9648383964196647f,-0.04025086805555557f,0f,0f,0f,1f], start_interpolation: 0, interpolation_duration: 1 }
$data merge entity $(bone_body) { transformation: [-1f,1.0943379547847124e-17f,1.2197475259532333e-16f,7.84808664606363e-18f,0f,0.9959994398405068f,-0.08935947536437715f,1.4375f,-1.2246467991473532e-16f,-0.08935947536437715f,-0.9959994398405068f,-0.06408449074074071f,0f,0f,0f,1f], start_interpolation: 0, interpolation_duration: 1 }
$data merge entity $(bone_head) { transformation: [-1f,5.22464060711425e-17f,1.1076060165631035e-16f,1.167510789339911e-17f,0f,0.904428948276566f,-0.4266242814460339f,1.4375f,-1.2246467991473532e-16f,-0.4266242814460339f,-0.904428948276566f,-0.09533449074074071f,0f,0f,0f,1f], start_interpolation: 0, interpolation_duration: 1 }