# This file was generated by Animated Java via MC-Build. It is not recommended to edit this file directly.
$data merge entity $(bone_leftleg) { transformation: [-0.9937282431260466f,-0.11169789589847588f,0.005268668282794267f,0.11875f,-0.10508594537236857f,0.948935149964358f,0.29745424059393893f,0.75f,-0.03822463732746782f,0.2950350169284565f,-0.9547215384012288f,1.4542680739874818e-17f,0f,0f,0f,1f], start_interpolation: 0, interpolation_duration: 1 }
$data merge entity $(bone_rightleg) { transformation: [-0.9926595382465283f,0.12093537806543085f,-0.0012943957511183774f,-0.11875f,0.11472731335516118f,0.9449814946863752f,0.3063455863409997f,0.75f,0.03827119933443242f,0.30394836573417455f,-0.9519194851819289f,-1.4542680739874818e-17f,0f,0f,0f,1f], start_interpolation: 0, interpolation_duration: 1 }
$data merge entity $(bone_leftarm) { transformation: [-0.9563977922938808f,-0.27592376150776615f,0.09575667460180697f,0.3125f,-0.29143910260115125f,0.9230821339729213f,-0.2509633905872199f,1.3125f,-0.01914451280201817f,-0.2679280720182251f,-0.9632486884777836f,-0.042249999999999927f,0f,0f,0f,1f], start_interpolation: 0, interpolation_duration: 1 }
$data merge entity $(bone_rightarm) { transformation: [-0.9749473019495918f,0.2130630857027776f,-0.06388959173466581f,-0.3125f,0.2223983532350471f,0.9389893984157642f,-0.2623697431891497f,1.3125f,0.004090342229037093f,-0.270005613226118f,-0.9628500599401951f,-0.04225000000000001f,0f,0f,0f,1f], start_interpolation: 0, interpolation_duration: 1 }
$data merge entity $(bone_body) { transformation: [-1f,1.139726261360604e-17f,1.2193317937105992e-16f,8.174517384308578e-18f,0f,0.9956599687024419f,-0.09306571185701264f,1.4375f,-1.2246467991473532e-16f,-0.09306571185701264f,-0.9956599687024419f,-0.06674999999999996f,0f,0f,0f,1f], start_interpolation: 0, interpolation_duration: 1 }
$data merge entity $(bone_head) { transformation: [-1f,5.306939829675558e-17f,1.1036864043304553e-16f,1.2001538631644056e-17f,0f,0.9012283419994114f,-0.433344522957187f,1.4375f,-1.2246467991473532e-16f,-0.433344522957187f,-0.9012283419994114f,-0.09799999999999996f,0f,0f,0f,1f], start_interpolation: 0, interpolation_duration: 1 }