# This file was generated by Animated Java via MC-Build. It is not recommended to edit this file directly.
$data merge entity $(bone_leftleg) { transformation: [-0.9935250948253795f,-0.11350966626617935f,0.004841654300058242f,0.11875f,-0.1067682412245134f,0.9473897730187447f,0.3017501626268253f,0.75f,-0.03883849402390369f,0.299279424023156f,-0.9533747415042645f,1.4542680739874818e-17f,0f,0f,0f,1f], start_interpolation: 0, interpolation_duration: 1 }
$data merge entity $(bone_rightleg) { transformation: [-0.9925478571426019f,0.12184952409581604f,-0.001201981386004384f,-0.11875f,0.1154861466486684f,0.9437695773408186f,0.30977723418317055f,0.75f,0.03888060202557839f,0.30732991778145485f,-0.9508084036348085f,-1.4542680739874818e-17f,0f,0f,0f,1f], start_interpolation: 0, interpolation_duration: 1 }
$data merge entity $(bone_leftarm) { transformation: [-0.9549322605961135f,-0.28037521787328706f,0.09743774871836497f,0.3125f,-0.296318426815251f,0.9196264686451012f,-0.25784209915581185f,1.3125f,-0.017313798038882264f,-0.2750943390363523f,-0.961261326085483f,-0.04418663194444443f,0f,0f,0f,1f], start_interpolation: 0, interpolation_duration: 1 }
$data merge entity $(bone_rightarm) { transformation: [-0.9741444056720171f,0.21606213694864965f,-0.0660290078306154f,-0.3125f,0.2258959785312349f,0.9362728194126317f,-0.2690059748640116f,1.3125f,0.0036991595435159363f,-0.2769663528414676f,-0.9608724970631469f,-0.04418663194444451f,0f,0f,0f,1f], start_interpolation: 0, interpolation_duration: 1 }
$data merge entity $(bone_body) { transformation: [-1f,1.1836805194926467e-17f,1.2189129529788392e-16f,8.490742732560639e-18f,0f,0.9953179592903798f,-0.09665484940774526f,1.4375f,-1.2246467991473532e-16f,-0.09665484940774526f,-0.9953179592903798f,-0.06933217592592594f,0f,0f,0f,1f], start_interpolation: 0, interpolation_duration: 1 }
$data merge entity $(bone_head) { transformation: [-1f,5.386385741313968e-17f,1.0998310184385387e-16f,1.2317763979896117e-17f,0f,0.8980801805094203f,-0.43983177395018547f,1.4375f,-1.2246467991473532e-16f,-0.43983177395018547f,-0.8980801805094203f,-0.10058217592592594f,0f,0f,0f,1f], start_interpolation: 0, interpolation_duration: 1 }