# This file was generated by Animated Java via MC-Build. It is not recommended to edit this file directly.
$data merge entity $(bone_leftleg) { transformation: [-0.9933259932344745f,-0.11525617819043761f,0.004414131135213438f,0.11875f,-0.10839131535054952f,0.9458768190156953f,0.30588946697349234f,0.75f,-0.039430875228968654f,0.30336950512153266f,-0.9520567994825696f,1.4542680739874818e-17f,0f,0f,0f,1f], start_interpolation: 0, interpolation_duration: 1 }
$data merge entity $(bone_rightleg) { transformation: [-0.9924391806329513f,0.12273242582611417f,-0.0011065240320902742f,-0.11875f,0.11621831025514304f,0.9425874211628387f,0.3130850648418554f,0.75f,0.03946868513182983f,0.3105892868667991f,-0.9497244430767998f,-1.4542680739874818e-17f,0f,0f,0f,1f], start_interpolation: 0, interpolation_duration: 1 }
$data merge entity $(bone_leftarm) { transformation: [-0.9534913317979692f,-0.28465319654511173f,0.0991304084667517f,0.3125f,-0.30101921855163627f,0.9162157335143677f,-0.2644544568036079f,1.3125f,-0.015547033437195627f,-0.28199519030894676f,-0.9592898427451025f,-0.046055555555555544f,0f,0f,0f,1f], start_interpolation: 0, interpolation_duration: 1 }
$data merge entity $(bone_rightarm) { transformation: [-0.9733575414846277f,0.2189345875234861f,-0.06813767548810515f,-0.3125f,0.2292685391797276f,0.9335946648208376f,-0.2753850735977924f,1.3125f,0.0033216528107309963f,-0.28366996352097074f,-0.9589162207506015f,-0.04605555555555563f,0f,0f,0f,1f], start_interpolation: 0, interpolation_duration: 1 }
$data merge entity $(bone_body) { transformation: [-1f,1.2260834705270531e-17f,1.218493732398678e-16f,8.795912241653724e-18f,0f,0.9949756397085598f,-0.10011731312086883f,1.4375f,-1.2246467991473532e-16f,-0.10011731312086883f,-0.9949756397085598f,-0.0718240740740741f,0f,0f,0f,1f], start_interpolation: 0, interpolation_duration: 1 }
$data merge entity $(bone_head) { transformation: [-1f,5.462788567773598e-17f,1.0960561998820492e-16f,1.2622933488989202e-17f,0f,0.8949978072413746f,-0.44607053818104975f,1.4375f,-1.2246467991473532e-16f,-0.44607053818104975f,-0.8949978072413746f,-0.1030740740740741f,0f,0f,0f,1f], start_interpolation: 0, interpolation_duration: 1 }