# This file was generated by Animated Java via MC-Build. It is not recommended to edit this file directly.
$data merge entity $(bone_leftleg) { transformation: [-0.9931318324493305f,-0.11693267807527864f,0.003989006640544761f,0.11875f,-0.10995068376885545f,0.9444029190108458f,0.3098612168415966f,0.75f,-0.040000131432236644f,0.3072944440791878f,-0.9507734294370382f,1.4542680739874818e-17f,0f,0f,0f,1f], start_interpolation: 0, interpolation_duration: 1 }
$data merge entity $(bone_rightleg) { transformation: [-0.9923339114273627f,0.12358151234582247f,-0.001008978488585095f,-0.11875f,0.11692177812422347f,0.9414397265973431f,0.3162602393355664f,0.75f,0.04003381110437722f,0.31371778876984197f,-0.9486719364342027f,-1.4542680739874818e-17f,0f,0f,0f,1f], start_interpolation: 0, interpolation_duration: 1 }
$data merge entity $(bone_leftarm) { transformation: [-0.9520820158171267f,-0.2887468731247426f,0.10082201355993783f,0.3125f,-0.3055291084218549f,0.9128679994293297f,-0.2707840089902646f,1.3125f,-0.013849153928776113f,-0.2886126450427581f,-0.957345779777025f,-0.04785156249999996f,0f,0f,0f,1f], start_interpolation: 0, interpolation_duration: 1 }
$data merge entity $(bone_rightarm) { transformation: [-0.9725902447380645f,0.22167436707839192f,-0.07020463532236391f,-0.3125f,0.2325069050672225f,0.9309688812983736f,-0.28149152944647615f,1.3125f,0.00295887418004529f,-0.2900989779962162f,-0.9569920731276396f,-0.04785156250000004f,0f,0f,0f,1f], start_interpolation: 0, interpolation_duration: 1 }
$data merge entity $(bone_body) { transformation: [-1f,1.2668180774094978e-17f,1.2180769689347808e-16f,9.089175462421762e-18f,0f,0.9946353265144312f,-0.10344354619564644f,1.4375f,-1.2246467991473532e-16f,-0.10344354619564644f,-0.9946353265144312f,-0.07421875f,0f,0f,0f,1f], start_interpolation: 0, interpolation_duration: 1 }
$data merge entity $(bone_head) { transformation: [-1f,5.535961311941368e-17f,1.092378645978006e-16f,1.2916196709757241e-17f,0f,0.8919948565893142f,-0.45204554617671966f,1.4375f,-1.2246467991473532e-16f,-0.45204554617671966f,-0.8919948565893142f,-0.10546875f,0f,0f,0f,1f], start_interpolation: 0, interpolation_duration: 1 }