# This file was generated by Animated Java via MC-Build. It is not recommended to edit this file directly.
$data merge entity $(bone_leftleg) { transformation: [-0.9929435254551688f,-0.11853444844650665f,0.003569283981821136f,0.11875f,-0.11144186642556826f,0.942974834184229f,0.31365454325230413f,0.75f,-0.040544613258067054f,0.3110434802832366f,-0.9495304564409957f,1.4542680739874818e-17f,0f,0f,0f,1f], start_interpolation: 0, interpolation_duration: 1 }
$data merge entity $(bone_rightleg) { transformation: [-0.992232457812987f,0.12439421587379931f,-0.0009103403439086526f,-0.11875f,0.11759452534408661f,0.9403312706599685f,0.31929395394856463f,0.75f,0.04057434252699735f,0.31670677365056743f,-0.9476552866165788f,-1.4542680739874818e-17f,0f,0f,0f,1f], start_interpolation: 0, interpolation_duration: 1 }
$data merge entity $(bone_leftarm) { transformation: [-0.9507114787687494f,-0.29264575051705116f,0.1024995065434437f,0.3125f,-0.30983581333643506f,0.9096017814706319f,-0.2768146815463416f,1.3125f,-0.012225093516509388f,-0.294928913214294f,-0.9554409888835353f,-0.04956944444444439f,0f,0f,0f,1f], start_interpolation: 0, interpolation_duration: 1 }
$data merge entity $(bone_rightarm) { transformation: [-0.9718461238067676f,0.22427565899715432f,-0.07221869857005936f,-0.3125f,0.23560197313819203f,0.9284097192540572f,-0.2873101172043777f,1.3125f,0.002611875791760725f,-0.29623609161612086f,-0.9551111747481827f,-0.04956944444444447f,0f,0f,0f,1f], start_interpolation: 0, interpolation_duration: 1 }
$data merge entity $(bone_body) { transformation: [-1f,1.3057675127253155e-17f,1.2176655923072514e-16f,9.369681945698685e-18f,0f,0.9942994120060066f,-0.10662400894971853f,1.4375f,-1.2246467991473532e-16f,-0.10662400894971853f,-0.9942994120060066f,-0.07650925925925926f,0f,0f,0f,1f], start_interpolation: 0, interpolation_duration: 1 }
$data merge entity $(bone_head) { transformation: [-1f,5.605719498330093e-17f,1.0888153524460773e-16f,1.3196703193034163e-17f,0f,0.8890852066115332f,-0.4577417343705151f,1.4375f,-1.2246467991473532e-16f,-0.4577417343705151f,-0.8890852066115332f,-0.10775925925925926f,0f,0f,0f,1f], start_interpolation: 0, interpolation_duration: 1 }