# This file was generated by Animated Java via MC-Build. It is not recommended to edit this file directly.
$data merge entity $(bone_leftleg) { transformation: [-0.9925881986894706f,-0.12149509823595239f,0.002758428362016245f,0.11875f,-0.11420177113637826f,0.9402836589246029f,0.32066274530833083f,0.75f,-0.04155265685496386f,0.3179710393479215f,-0.9471894186720501f,1.4542680739874818e-17f,0f,0f,0f,1f], start_interpolation: 0, interpolation_duration: 1 }
$data merge entity $(bone_rightleg) { transformation: [-0.992042652349106f,0.12590022328810122f,-0.0007139300784995751f,-0.11875f,0.11883976294209106f,0.9382514805407424f,0.3249019390631157f,0.75f,0.04157507262793811f,0.32223173810025485f,-0.945747440016028f,-1.4542680739874818e-17f,0f,0f,0f,1f], start_interpolation: 0, interpolation_duration: 1 }
$data merge entity $(bone_leftarm) { transformation: [-0.9481160061181084f,-0.2998186331870058f,0.10575833837822286f,0.3125f,-0.31779091310260466f,0.9033896404762218f,-0.2879168161633761f,1.3125f,-0.009218160991207513f,-0.3065875807564915f,-0.9517978151024629f,-0.05274999999999998f,0f,0f,0f,1f], start_interpolation: 0, interpolation_duration: 1 }
$data merge entity $(bone_rightarm) { transformation: [-0.9704421269013858f,0.2290406304869779f,-0.07604254020771738f,-0.3125f,0.2413259200489325f,0.9235493889372633f,-0.2980240367925777f,1.3125f,0.0019694282548283404f,-0.30756611611121126f,-0.9515246741796105f,-0.05275000000000006f,0f,0f,0f,1f], start_interpolation: 0, interpolation_duration: 1 }
$data merge entity $(bone_body) { transformation: [-1f,1.3778445076286868e-17f,1.2168710810064608e-16f,9.88902290311488e-18f,0f,0.9936506442949051f,-0.11250954222784854f,1.4375f,-1.2246467991473532e-16f,-0.11250954222784854f,-0.9936506442949051f,-0.08075000000000002f,0f,0f,0f,1f], start_interpolation: 0, interpolation_duration: 1 }
$data merge entity $(bone_head) { transformation: [-1f,5.734265085717443e-17f,1.0821006524021123e-16f,1.3716044150450358e-17f,0f,0.8836022379313879f,-0.46823827814761454f,1.4375f,-1.2246467991473532e-16f,-0.46823827814761454f,-0.8836022379313879f,-0.11200000000000002f,0f,0f,0f,1f], start_interpolation: 0, interpolation_duration: 1 }