# This file was generated by Animated Java via MC-Build. It is not recommended to edit this file directly.
$data merge entity $(bone_leftleg) { transformation: [-0.9924230677308832f,-0.1228447010609073f,0.0023736168349359535f,0.11875f,-0.11546154838331302f,0.9390345165188605f,0.32385615268374607f,0.75f,-0.04201292040016546f,0.32112825507489423f,-0.9461033549840118f,1.4542680739874818e-17f,0f,0f,0f,1f], start_interpolation: 0, interpolation_duration: 1 }
$data merge entity $(bone_rightleg) { transformation: [-0.9919551356578964f,0.12658841401321422f,-0.0006182875896660356f,-0.11875f,0.11940820772013606f,0.9372899525297799f,0.32745873757740507f,0.75f,0.04203199699026085f,0.3247505478430207f,-0.9448652776479135f,-1.4542680739874818e-17f,0f,0f,0f,1f], start_interpolation: 0, interpolation_duration: 1 }
$data merge entity $(bone_leftarm) { transformation: [-0.9469059064717733f,-0.3030730735239221f,0.10731223785586022f,0.3125f,-0.321415086581399f,0.9004821509213725f,-0.2929577409625667f,1.3125f,-0.007845151798480872f,-0.31189518748576717f,-0.9500841255470365f,-0.054202256944444416f,0f,0f,0f,1f], start_interpolation: 0, interpolation_duration: 1 }
$data merge entity $(bone_rightarm) { transformation: [-0.9697897081322062f,0.23119370253602775f,-0.07782926126164216f,-0.3125f,0.24393669823439246f,0.9212776438500935f,-0.30289006288837433f,1.3125f,0.001676083337185468f,-0.31272507870284905f,-0.9498422057873317f,-0.0542022569444445f,0f,0f,0f,1f], start_interpolation: 0, interpolation_duration: 1 }
$data merge entity $(bone_body) { transformation: [-1f,1.410739297299622e-17f,1.21649411384207e-16f,1.0126156478922e-17f,0f,0.9933428272454071f,-0.11519560564579386f,1.4375f,-1.2246467991473532e-16f,-0.11519560564579386f,-0.9933428272454071f,-0.08268634259259261f,0f,0f,0f,1f], start_interpolation: 0, interpolation_duration: 1 }
$data merge entity $(bone_head) { transformation: [-1f,5.792693274464853e-17f,1.0789841652876812e-16f,1.3953177726257478e-17f,0f,0.8810574330810419f,-0.4730093018246528f,1.4375f,-1.2246467991473532e-16f,-0.4730093018246528f,-0.8810574330810419f,-0.11393634259259261f,0f,0f,0f,1f], start_interpolation: 0, interpolation_duration: 1 }