# This file was generated by Animated Java via MC-Build. It is not recommended to edit this file directly.
$data merge entity $(bone_leftleg) { transformation: [-0.9924230677308832f,-0.12284470106090727f,0.002373616834935964f,0.11875f,-0.11546154838331299f,0.9390345165188605f,0.323856152683746f,0.75f,-0.04201292040016545f,0.3211282550748942f,-0.9461033549840118f,1.4542680739874818e-17f,0f,0f,0f,1f], start_interpolation: 0, interpolation_duration: 1 }
$data merge entity $(bone_rightleg) { transformation: [-0.9919551356578964f,0.1265884140132142f,-0.0006182875896660426f,-0.11875f,0.11940820772013605f,0.9372899525297799f,0.327458737577405f,0.75f,0.04203199699026085f,0.32475054784302065f,-0.9448652776479135f,-1.4542680739874818e-17f,0f,0f,0f,1f], start_interpolation: 0, interpolation_duration: 1 }
$data merge entity $(bone_leftarm) { transformation: [-0.9469059064717733f,-0.303073073523922f,0.10731223785586019f,0.3125f,-0.3214150865813989f,0.9004821509213725f,-0.29295774096256666f,1.3125f,-0.007845151798480878f,-0.3118951874857671f,-0.9500841255470365f,-0.0542022569444444f,0f,0f,0f,1f], start_interpolation: 0, interpolation_duration: 1 }
$data merge entity $(bone_rightarm) { transformation: [-0.9697897081322062f,0.2311937025360277f,-0.07782926126164214f,-0.3125f,0.2439366982343924f,0.9212776438500935f,-0.3028900628883743f,1.3125f,0.0016760833371854819f,-0.312725078702849f,-0.9498422057873317f,-0.054202256944444485f,0f,0f,0f,1f], start_interpolation: 0, interpolation_duration: 1 }
$data merge entity $(bone_body) { transformation: [-1f,1.410739297299622e-17f,1.21649411384207e-16f,1.0126156478921997e-17f,0f,0.9933428272454071f,-0.11519560564579384f,1.4375f,-1.2246467991473532e-16f,-0.11519560564579384f,-0.9933428272454071f,-0.08268634259259258f,0f,0f,0f,1f], start_interpolation: 0, interpolation_duration: 1 }
$data merge entity $(bone_head) { transformation: [-1f,5.792693274464853e-17f,1.0789841652876812e-16f,1.3953177726257475e-17f,0f,0.8810574330810419f,-0.4730093018246528f,1.4375f,-1.2246467991473532e-16f,-0.4730093018246528f,-0.8810574330810419f,-0.11393634259259258f,0f,0f,0f,1f], start_interpolation: 0, interpolation_duration: 1 }