# This file was generated by Animated Java via MC-Build. It is not recommended to edit this file directly.
$data merge entity $(bone_leftleg) { transformation: [-0.984807753012208f,-0.1714752473692818f,-0.027384834246155804f,0.11875f,-0.17364817766693036f,0.9724844529198572f,0.15530711259346858f,0.75f,-1.2233888972616657e-16f,0.1577029751425437f,-0.9874865931399728f,-0.014475097656249977f,0f,0f,0f,1f], start_interpolation: 0, interpolation_duration: 1 }
$data merge entity $(bone_rightleg) { transformation: [-0.984807753012208f,0.17147524736928174f,0.027384834246156047f,-0.11875f,0.17364817766693036f,0.9724844529198572f,0.15530711259346858f,0.75f,-1.1886944277421296e-16f,0.15770297514254375f,-0.9874865931399728f,-0.014475097656250005f,0f,0f,0f,1f], start_interpolation: 0, interpolation_duration: 1 }
$data merge entity $(bone_leftarm) { transformation: [-0.9659258262890683f,-0.25295399388668893f,0.05478663235273381f,0.3125f,-0.25881904510252074f,0.9440371571625903f,-0.20446649551599896f,1.375f,-1.217612440898206e-16f,-0.2116792924996388f,-0.9773391822324798f,-0.12499999999999996f,0f,0f,0f,1f], start_interpolation: 0, interpolation_duration: 1 }
$data merge entity $(bone_rightarm) { transformation: [-0.9659258262890683f,0.25295399388668893f,-0.05478663235273357f,-0.3125f,0.25881904510252074f,0.9440371571625903f,-0.20446649551599896f,1.375f,-1.1482235018591337e-16f,-0.21167929249963874f,-0.9773391822324798f,-0.09375000000000004f,0f,0f,0f,1f], start_interpolation: 0, interpolation_duration: 1 }
$data merge entity $(bone_body) { transformation: [-1f,1.9313044372433074e-17f,1.2093222954897925e-16f,1.7221595613009655e-17f,0f,0.9874865931399729f,-0.1577029751425437f,1.484375f,-1.2246467991473532e-16f,-0.1577029751425437f,-0.9874865931399729f,-0.140625f,0f,0f,0f,1f], start_interpolation: 0, interpolation_duration: 1 }
$data merge entity $(bone_head) { transformation: [-1f,5.950958376472074e-17f,1.0703367351804881e-16f,1.9135106236677395e-17f,0f,0.8739962705375119f,-0.48593262813534177f,1.46875f,-1.2246467991473532e-16f,-0.48593262813534177f,-0.8739962705375119f,-0.15625f,0f,0f,0f,1f], start_interpolation: 0, interpolation_duration: 1 }