# This file was generated by Animated Java via MC-Build. It is not recommended to edit this file directly.
$data merge entity $(bone_leftleg) { transformation: [-0.9922675602801388f,-0.12410101341274941f,0.002006809814035172f,0.11875f,-0.11663524904008404f,0.9378590295634505f,0.32682818016147347f,0.75f,-0.04244181307459295f,0.3240669361971869f,-0.9450816437571463f,1.4542680739874818e-17f,0f,0f,0f,1f], start_interpolation: 0, interpolation_duration: 1 }
$data merge entity $(bone_rightleg) { transformation: [-0.9918731025443864f,0.127229996417286f,-0.0005257952361663483f,-0.11875f,0.119937840255967f,0.9363872429495333f,0.3298391209606675f,0.75f,0.04245777812965627f,0.3270954895027277f,-0.9440370108334015f,-1.4542680739874818e-17f,0f,0f,0f,1f], start_interpolation: 0, interpolation_duration: 1 }
$data merge entity $(bone_leftarm) { transformation: [-0.9457641893419542f,-0.30609351318862466f,0.10879733150312794f,0.3125f,-0.32478760737656015f,0.8977328459422611f,-0.2976386188165404f,1.3125f,-0.006565687547061929f,-0.3168319720297396f,-0.948458957070247f,-0.055555555555555525f,0f,0f,0f,1f], start_interpolation: 0, interpolation_duration: 1 }
$data merge entity $(bone_rightarm) { transformation: [-0.9691753485491622f,0.23318700089934966f,-0.07951708229164794f,-0.3125f,0.2463679689432569f,0.9191312233140059f,-0.30740952849265f,1.3125f,0.0014027271239986088f,-0.3175241989846848f,-0.9482491315133117f,-0.05555555555555561f,0f,0f,0f,1f], start_interpolation: 0, interpolation_duration: 1 }
$data merge entity $(bone_body) { transformation: [-1f,1.4413833239264647e-17f,1.2161348296126234e-16f,1.0347131520573704e-17f,0f,0.9930494494080611f,-0.11769788031373714f,1.4375f,-1.2246467991473532e-16f,-0.11769788031373714f,-0.9930494494080611f,-0.08449074074074076f,0f,0f,0f,1f], start_interpolation: 0, interpolation_duration: 1 }
$data merge entity $(bone_head) { transformation: [-1f,5.846987686755476e-17f,1.0760516402901657e-16f,1.4174152767909183e-17f,0f,0.8786628446988591f,-0.47744277703794896f,1.4375f,-1.2246467991473532e-16f,-0.47744277703794896f,-0.8786628446988591f,-0.11574074074074076f,0f,0f,0f,1f], start_interpolation: 0, interpolation_duration: 1 }