# This file was generated by Animated Java via MC-Build. It is not recommended to edit this file directly.
$data merge entity $(bone_leftleg) { transformation: [-0.9921226284377658f,-0.12525945289573f,0.001661204984759299f,0.11875f,-0.11771840471307214f,0.9367642175631722f,0.32956816879830375f,0.75f,-0.04283768590328321f,0.32677648347688715f,-0.944130320725339f,1.4542680739874818e-17f,0f,0f,0f,1f], start_interpolation: 0, interpolation_duration: 1 }
$data merge entity $(bone_rightleg) { transformation: [-0.9917969728893681f,0.12782242811195169f,-0.0004375374853547016f,-0.11875f,0.12042663868335947f,0.9355482833377191f,0.3320343871337343f,0.75f,0.042850779023417176f,0.3292580088857549f,-0.9432671807720623f,-1.4542680739874818e-17f,0f,0f,0f,1f], start_interpolation: 0, interpolation_duration: 1 }
$data merge entity $(bone_leftarm) { transformation: [-0.9446983195866325f,-0.30887066993974294f,0.11019979229185065f,0.3125f,-0.32789646232709657f,0.8951610485786594f,-0.30194470868178813f,1.3125f,-0.005384697165819079f,-0.32138078094143924f,-0.9469347383415095f,-0.056804687499999965f,0f,0f,0f,1f], start_interpolation: 0, interpolation_duration: 1 }
$data merge entity $(bone_rightarm) { transformation: [-0.9686028038649721f,0.23501552190859099f,-0.0810944684115194f,-0.3125f,0.24861070953967537f,0.9171248702265136f,-0.31156811055398426f,1.3125f,0.0011504117060846385f,-0.3219466988090313f,-0.9467570964502316f,-0.05680468750000005f,0f,0f,0f,1f], start_interpolation: 0, interpolation_duration: 1 }
$data merge entity $(bone_body) { transformation: [-1f,1.4696604902812406e-17f,1.2157963493508775e-16f,1.0551097578903917e-17f,0f,0.9927730592995158f,-0.12000688617358699f,1.4375f,-1.2246467991473532e-16f,-0.12000688617358699f,-0.9927730592995158f,-0.08615625000000002f,0f,0f,0f,1f], start_interpolation: 0, interpolation_duration: 1 }
$data merge entity $(bone_head) { transformation: [-1f,5.896971205046029e-17f,1.0733205899126493e-16f,1.4378118826239396e-17f,0f,0.8764327728288164f,-0.48152424104253816f,1.4375f,-1.2246467991473532e-16f,-0.48152424104253816f,-0.8764327728288164f,-0.11740625000000002f,0f,0f,0f,1f], start_interpolation: 0, interpolation_duration: 1 }