# This file was generated by Animated Java via MC-Build. It is not recommended to edit this file directly.
$data merge entity $(bone_leftleg) { transformation: [-0.9916674284087352f,-0.1288231548200499f,0.0005533673421373079f,0.11875f,-0.12105620246635972f,0.933330101316916f,0.33799455294453945f,0.75f,-0.04405799901981045f,0.3351112005856635f,-0.9411479033416617f,1.4542680739874818e-17f,0f,0f,0f,1f], start_interpolation: 0, interpolation_duration: 1 }
$data merge entity $(bone_rightleg) { transformation: [-0.9915598070962389f,0.12965001751246752f,-0.0001480212357066912f,-0.11875f,0.12193304722944291f,0.9329274244921358f,0.33879013064700186f,0.75f,0.04406223944163293f,0.3359126279101264f,-0.940861958772859f,-1.4542680739874818e-17f,0f,0f,0f,1f], start_interpolation: 0, interpolation_duration: 1 }
$data merge entity $(bone_leftarm) { transformation: [-0.9413400464368497f,-0.31736360176543343f,0.11471382326790958f,0.3125f,-0.3374549975332037f,0.8870277056477684f,-0.31512850403148457f,1.3125f,-0.0017440224010325774f,-0.3353538335664694f,-0.9420906350761254f,-0.060655381944444406f,0f,0f,0f,1f], start_interpolation: 0, interpolation_duration: 1 }
$data merge entity $(bone_rightarm) { transformation: [-0.9668047896772359f,0.24058215919733028f,-0.08607394108036479f,-0.3125f,0.25551587000960213f,0.9107888448685978f,-0.32430744708711434f,1.3125f,0.00037259950588125436f,-0.3355352511121235f,-0.9420275773196517f,-0.06065538194444449f,0f,0f,0f,1f], start_interpolation: 0, interpolation_duration: 1 }
$data merge entity $(bone_body) { transformation: [-1f,1.5567797248168983e-17f,1.2147115507583881e-16f,1.1179862995688362e-17f,0f,0.991887254026318f,-0.12712071153093193f,1.4375f,-1.2246467991473532e-16f,-0.12712071153093193f,-0.991887254026318f,-0.09129050925925922f,0f,0f,0f,1f], start_interpolation: 0, interpolation_duration: 1 }
$data merge entity $(bone_head) { transformation: [-1f,6.05024778317249e-17f,1.0647557467720104e-16f,1.500688424302384e-17f,0f,0.869439047661199f,-0.4940402234656481f,1.4375f,-1.2246467991473532e-16f,-0.4940402234656481f,-0.869439047661199f,-0.12254050925925922f,0f,0f,0f,1f], start_interpolation: 0, interpolation_duration: 1 }