# This file was generated by Animated Java via MC-Build. It is not recommended to edit this file directly.
$data merge entity $(bone_leftleg) { transformation: [-0.9915272150382195f,-0.1298989590656888f,0.00020560205018718062f,0.11875f,-0.12206559381114741f,0.932273625513569f,0.34053763078302784f,0.75f,-0.04442716113015221f,0.3376272317296642f,-0.9402308651328561f,1.4542680739874818e-17f,0f,0f,0f,1f], start_interpolation: 0, interpolation_duration: 1 }
$data merge entity $(bone_rightleg) { transformation: [-0.9914873205160323f,0.1302032649531401f,-0.00005524021190444975f,-0.11875f,0.12238865052528144f,0.93212426553907f,0.34083041503928274f,0.75f,0.04442872357539809f,0.3379222741826759f,-0.9401247923189077f,-1.4542680739874818e-17f,0f,0f,0f,1f], start_interpolation: 0, interpolation_duration: 1 }
$data merge entity $(bone_leftarm) { transformation: [-0.9403025594058153f,-0.3199117671239184f,0.11613594633241274f,0.3125f,-0.34033907182810086f,0.8845063367392908f,-0.31908910425651815f,1.3125f,-0.000642621241542314f,-0.3395659015915646f,-0.940582046136459f,-0.06182031249999993f,0f,0f,0f,1f], start_interpolation: 0, interpolation_duration: 1 }
$data merge entity $(bone_rightarm) { transformation: [-0.9662510276761801f,0.24224488224567578f,-0.08761488766473688f,-0.3125f,0.25760227612667363f,0.9088273549280068f,-0.32813702361806085f,1.3125f,0.00013729196185358023f,-0.3396325307745733f,-0.9405581987259352f,-0.061820312500000016f,0f,0f,0f,1f], start_interpolation: 0, interpolation_duration: 1 }
$data merge entity $(bone_body) { transformation: [-1f,1.5831198957731373e-17f,1.214371070397319e-16f,1.1370080125833708e-17f,0f,0.991609230712734f,-0.12927154971338406f,1.4375f,-1.2246467991473532e-16f,-0.12927154971338406f,-0.991609230712734f,-0.09284375f,0f,0f,0f,1f], start_interpolation: 0, interpolation_duration: 1 }
$data merge entity $(bone_head) { transformation: [-1f,6.096374147695242e-17f,1.0621214644168476e-16f,1.5197101373169186e-17f,0f,0.8672879928778958f,-0.49780672696321715f,1.4375f,-1.2246467991473532e-16f,-0.49780672696321715f,-0.8672879928778958f,-0.12409375f,0f,0f,0f,1f], start_interpolation: 0, interpolation_duration: 1 }