# This file was generated by Animated Java via MC-Build. It is not recommended to edit this file directly.
$data merge entity $(bone_leftleg) { transformation: [-0.9914542491339765f,-0.13045486316622357f,0.000023461986419199318f,0.11875f,-0.12258751973772562f,0.9317240837393124f,0.3418516224690057f,0.75f,-0.0446180667301448f,0.3389273675235164f,-0.9397539399570739f,1.4542680739874818e-17f,0f,0f,0f,1f], start_interpolation: 0, interpolation_duration: 1 }
$data merge entity $(bone_rightleg) { transformation: [-0.9914497004468391f,0.13048943039200728f,-0.000006312087945668887f,-0.11875f,0.12262423804968005f,0.9317070487937134f,0.3418848804361555f,0.75f,0.044618244324585034f,0.3389608882807549f,-0.9397418414060923f,-1.4542680739874818e-17f,0f,0f,0f,1f], start_interpolation: 0, interpolation_duration: 1 }
$data merge entity $(bone_leftarm) { transformation: [-0.9397621206733692f,-0.32122552517758063f,0.11688164322030772f,0.3125f,-0.34182912575158847f,0.8831913962117863f,-0.32113207009792744f,1.3125f,-0.00007304379870105561f,-0.3417413051298643f,-0.9397940599050094f,-0.062422743055555494f,0f,0f,0f,1f], start_interpolation: 0, interpolation_duration: 1 }
$data merge entity $(bone_rightarm) { transformation: [-0.9659628685413123f,0.2431007810351084f,-0.08841802338640917f,-0.3125f,0.25868076147234553f,0.9078048926616732f,-0.3301129208371214f,1.3125f,0.00001560534437135935f,-0.34174886557185286f,-0.9397913133439917f,-0.06242274305555558f,0f,0f,0f,1f], start_interpolation: 0, interpolation_duration: 1 }
$data merge entity $(bone_body) { transformation: [-1f,1.596738501725753e-17f,1.2141927541510548e-16f,1.1468448746043e-17f,0f,0.9914636244478188f,-0.13038359328072915f,1.4375f,-1.2246467991473532e-16f,-0.13038359328072915f,-0.9914636244478188f,-0.09364699074074076f,0f,0f,0f,1f], start_interpolation: 0, interpolation_duration: 1 }
$data merge entity $(bone_head) { transformation: [-1f,6.120182932887713e-17f,1.0607513334150267e-16f,1.529546999337848e-17f,0f,0.8661691960110973f,-0.4997508618116524f,1.4375f,-1.2246467991473532e-16f,-0.4997508618116524f,-0.8661691960110973f,-0.12489699074074076f,0f,0f,0f,1f], start_interpolation: 0, interpolation_duration: 1 }