# This file was generated by Animated Java via MC-Build. It is not recommended to edit this file directly.
$data merge entity $(bone_leftleg) { transformation: [-0.9925881986894706f,-0.12149509823595236f,0.002758428362016252f,0.11875f,-0.11420177113637824f,0.9402836589246029f,0.32066274530833083f,0.75f,-0.04155265685496386f,0.3179710393479215f,-0.9471894186720501f,1.4542680739874818e-17f,0f,0f,0f,1f], start_interpolation: 0, interpolation_duration: 1 }
$data merge entity $(bone_rightleg) { transformation: [-0.992042652349106f,0.12590022328810122f,-0.000713930078499582f,-0.11875f,0.11883976294209106f,0.9382514805407424f,0.32490193906311565f,0.75f,0.04157507262793811f,0.3222317381002548f,-0.945747440016028f,-1.4542680739874818e-17f,0f,0f,0f,1f], start_interpolation: 0, interpolation_duration: 1 }
$data merge entity $(bone_leftarm) { transformation: [-0.9481160061181084f,-0.2998186331870057f,0.10575833837822286f,0.3125f,-0.31779091310260454f,0.903389640476222f,-0.2879168161633761f,1.3125f,-0.009218160991207541f,-0.3065875807564915f,-0.9517978151024629f,-0.052749999999999964f,0f,0f,0f,1f], start_interpolation: 0, interpolation_duration: 1 }
$data merge entity $(bone_rightarm) { transformation: [-0.9704421269013858f,0.22904063048697787f,-0.07604254020771739f,-0.3125f,0.24132592004893247f,0.9235493889372633f,-0.29802403679257783f,1.3125f,0.0019694282548283473f,-0.3075661161112114f,-0.9515246741796105f,-0.05275000000000005f,0f,0f,0f,1f], start_interpolation: 0, interpolation_duration: 1 }
$data merge entity $(bone_body) { transformation: [-1f,1.3778445076286865e-17f,1.2168710810064608e-16f,9.889022903114877e-18f,0f,0.9936506442949051f,-0.11250954222784851f,1.4375f,-1.2246467991473532e-16f,-0.11250954222784851f,-0.9936506442949051f,-0.08075f,0f,0f,0f,1f], start_interpolation: 0, interpolation_duration: 1 }
$data merge entity $(bone_head) { transformation: [-1f,5.734265085717441e-17f,1.0821006524021124e-16f,1.3716044150450356e-17f,0f,0.883602237931388f,-0.4682382781476145f,1.4375f,-1.2246467991473532e-16f,-0.4682382781476145f,-0.883602237931388f,-0.112f,0f,0f,0f,1f], start_interpolation: 0, interpolation_duration: 1 }