# This file was generated by Animated Java via MC-Build. It is not recommended to edit this file directly.
$data merge entity $(bone_leftleg) { transformation: [-0.984807753012208f,-0.1715480421315013f,-0.026925059849412604f,0.11875f,-0.1736481776669303f,0.9728972925313963f,0.15269960241609315f,0.75f,-1.2060416625018976e-16f,0.15505523991767375f,-0.9879058014679702f,-0.016874999999999987f,0f,0f,0f,1f], start_interpolation: 0, interpolation_duration: 1 }
$data merge entity $(bone_rightleg) { transformation: [-0.984807753012208f,0.17154804213150124f,0.026925059849412847f,-0.11875f,0.1736481776669303f,0.9728972925313963f,0.15269960241609315f,0.75f,-1.2060416625018976e-16f,0.1550552399176738f,-0.9879058014679702f,-0.016875000000000015f,0f,0f,0f,1f], start_interpolation: 0, interpolation_duration: 1 }
$data merge entity $(bone_leftarm) { transformation: [-0.9659258262890683f,-0.25338641144520596f,0.05275058864791421f,0.3125f,-0.2588190451025207f,0.945650961461061f,-0.19686787696318145f,1.375f,-1.1829179713786698e-16f,-0.20381262370788472f,-0.9790099153825298f,-0.12499999999999996f,0f,0f,0f,1f], start_interpolation: 0, interpolation_duration: 1 }
$data merge entity $(bone_rightarm) { transformation: [-0.9659258262890683f,0.25338641144520596f,-0.052750588647913974f,-0.3125f,0.2588190451025207f,0.945650961461061f,-0.19686787696318145f,1.375f,-1.1829179713786698e-16f,-0.20381262370788467f,-0.9790099153825298f,-0.09375000000000004f,0f,0f,0f,1f], start_interpolation: 0, interpolation_duration: 1 }
$data merge entity $(bone_body) { transformation: [-1f,1.8988790325620412e-17f,1.2098356776268503e-16f,1.7221595613009655e-17f,0f,0.9879058014679702f,-0.15505523991767378f,1.484375f,-1.2246467991473532e-16f,-0.15505523991767378f,-0.9879058014679702f,-0.140625f,0f,0f,0f,1f], start_interpolation: 0, interpolation_duration: 1 }
$data merge entity $(bone_head) { transformation: [-1f,5.922244333288063e-17f,1.0719281707419727e-16f,1.9135106236677395e-17f,0f,0.8752957762910015f,-0.48358794857516146f,1.46875f,-1.2246467991473532e-16f,-0.48358794857516146f,-0.8752957762910015f,-0.15625f,0f,0f,0f,1f], start_interpolation: 0, interpolation_duration: 1 }