# This file was generated by Animated Java via MC-Build. It is not recommended to edit this file directly.
$data merge entity $(bone_leftleg) { transformation: [-0.9914448693401215f,-0.13052613170989655f,-9.297166525641286e-9f,0.11875f,-0.12265444916882161f,0.9316534517442467f,0.3420200753641858f,0.75f,-0.04464254874267719f,0.3390940500714826f,-0.9396926455218624f,1.4542680739874818e-17f,0f,0f,0f,1f], start_interpolation: 0, interpolation_duration: 1 }
$data merge entity $(bone_rightleg) { transformation: [-0.9914448693401215f,0.1305261317098965f,9.297166755799603e-9f,-0.11875f,0.12265444916882161f,0.9316534517442467f,0.3420200753641858f,0.75f,0.04464254874267695f,0.3390940500714826f,-0.9396926455218624f,-1.4542680739874818e-17f,0f,0f,0f,1f], start_interpolation: 0, interpolation_duration: 1 }
$data merge entity $(bone_leftarm) { transformation: [-0.9396926207859084f,-0.3213938048432695f,0.11697777844051105f,0.3125f,-0.3420201433256686f,0.8830222215594891f,-0.32139380484326957f,1.3125f,-1.2895694383059948e-16f,-0.34202014332566866f,-0.9396926207859084f,-0.06249999999999996f,0f,0f,0f,1f], start_interpolation: 0, interpolation_duration: 1 }
$data merge entity $(bone_rightarm) { transformation: [-0.9659258262890683f,0.24321034680169396f,-0.08852132690137673f,-0.3125f,0.2588190451025207f,0.9076733711903687f,-0.33036608954935204f,1.3125f,-1.1135290323395976e-16f,-0.34202014332566855f,-0.9396926207859084f,-0.06250000000000004f,0f,0f,0f,1f], start_interpolation: 0, interpolation_duration: 1 }
$data merge entity $(bone_body) { transformation: [-1f,1.5984848350717833e-17f,1.2141697760125282e-16f,1.1481063742006436e-17f,0f,0.9914448613738104f,-0.13052619222005157f,1.4375f,-1.2246467991473532e-16f,-0.13052619222005157f,-0.9914448613738104f,-0.09375f,0f,0f,0f,1f], start_interpolation: 0, interpolation_duration: 1 }
$data merge entity $(bone_head) { transformation: [-1f,6.123233995736765e-17f,1.0605752387249069e-16f,1.5308084989341915e-17f,0f,0.8660254037844387f,-0.49999999999999994f,1.4375f,-1.2246467991473532e-16f,-0.49999999999999994f,-0.8660254037844387f,-0.125f,0f,0f,0f,1f], start_interpolation: 0, interpolation_duration: 1 }