# This file was generated by Animated Java via MC-Build. It is not recommended to edit this file directly.
$data merge entity $(bone_leftleg) { transformation: [-0.9927620007415352f,-0.12005680588684121f,0.003158044317829614f,0.11875f,-0.11286038674851986f,0.9415994316758538f,0.31725863797646825f,0.75f,-0.041062671450339996f,0.3146059020869738f,-0.9483337932317939f,1.4542680739874818e-17f,0f,0f,0f,1f], start_interpolation: 0, interpolation_duration: 1 }
$data merge entity $(bone_rightleg) { transformation: [-0.992135232658238f,0.12516797258223367f,-0.0008116389819822614f,-0.11875f,0.11823452798772643f,0.9392668929128462f,0.32217743600284526f,0.75f,0.041088642100991904f,0.31954762167398637f,-0.9466789534857081f,-1.4542680739874818e-17f,0f,0f,0f,1f], start_interpolation: 0, interpolation_duration: 1 }
$data merge entity $(bone_leftarm) { transformation: [-0.9493870131214844f,-0.2963396395916769f,0.10414949506810561f,0.3125f,-0.313927127697055f,0.9064359505368916f,-0.2825307524326487f,1.3125f,-0.010679785210539193f,-0.30092637900482694f,-0.9535875715459488f,-0.0512039930555555f,0f,0f,0f,1f], start_interpolation: 0, interpolation_duration: 1 }
$data merge entity $(bone_rightarm) { transformation: [-0.9711288467145847f,0.22673287586399316f,-0.07416849790338013f,-0.3125f,0.2385446643278706f,0.9259316681422427f,-0.2928258681401411f,1.3125f,0.0022817097764965466f,-0.3020641470511965f,-0.9532848707845567f,-0.051203993055555584f,0f,0f,0f,1f], start_interpolation: 0, interpolation_duration: 1 }
$data merge entity $(bone_body) { transformation: [-1f,1.3428151427696486e-17f,1.2172626083082248e-16f,9.636581242318413e-18f,0f,0.9939703505988261f,-0.10964917751833171f,1.4375f,-1.2246467991473532e-16f,-0.10964917751833171f,-0.9939703505988261f,-0.0786886574074074f,0f,0f,0f,1f], start_interpolation: 0, interpolation_duration: 1 }
$data merge entity $(bone_head) { transformation: [-1f,5.671880876821544e-17f,1.0853835524151442e-16f,1.3463602489653891e-17f,0f,0.8862829292256597f,-0.46314422091092133f,1.4375f,-1.2246467991473532e-16f,-0.46314422091092133f,-0.8862829292256597f,-0.1099386574074074f,0f,0f,0f,1f], start_interpolation: 0, interpolation_duration: 1 }