# This file was generated by Animated Java via MC-Build. It is not recommended to edit this file directly.
$data merge entity $(bone_leftleg) { transformation: [-0.9929435254551688f,-0.11853444844650665f,0.003569283981821136f,0.11875f,-0.11144186642556826f,0.942974834184229f,0.31365454325230413f,0.75f,-0.040544613258067054f,0.3110434802832366f,-0.9495304564409957f,1.4542680739874818e-17f,0f,0f,0f,1f], start_interpolation: 0, interpolation_duration: 1 }
$data merge entity $(bone_rightleg) { transformation: [-0.992232457812987f,0.1243942158737993f,-0.0009103403439086595f,-0.11875f,0.1175945253440866f,0.9403312706599685f,0.31929395394856463f,0.75f,0.04057434252699735f,0.31670677365056743f,-0.9476552866165788f,-1.4542680739874818e-17f,0f,0f,0f,1f], start_interpolation: 0, interpolation_duration: 1 }
$data merge entity $(bone_leftarm) { transformation: [-0.9507114787687495f,-0.29264575051705116f,0.10249950654344368f,0.3125f,-0.30983581333643506f,0.9096017814706319f,-0.27681468154634165f,1.3125f,-0.012225093516509388f,-0.29492891321429404f,-0.9554409888835353f,-0.0495694444444444f,0f,0f,0f,1f], start_interpolation: 0, interpolation_duration: 1 }
$data merge entity $(bone_rightarm) { transformation: [-0.9718461238067676f,0.2242756589971543f,-0.07221869857005933f,-0.3125f,0.235601973138192f,0.9284097192540572f,-0.28731011720437766f,1.3125f,0.002611875791760739f,-0.2962360916161208f,-0.9551111747481827f,-0.049569444444444485f,0f,0f,0f,1f], start_interpolation: 0, interpolation_duration: 1 }
$data merge entity $(bone_body) { transformation: [-1f,1.3057675127253152e-17f,1.2176655923072514e-16f,9.369681945698684e-18f,0f,0.9942994120060066f,-0.10662400894971852f,1.4375f,-1.2246467991473532e-16f,-0.10662400894971852f,-0.9942994120060066f,-0.07650925925925925f,0f,0f,0f,1f], start_interpolation: 0, interpolation_duration: 1 }
$data merge entity $(bone_head) { transformation: [-1f,5.605719498330092e-17f,1.0888153524460775e-16f,1.3196703193034162e-17f,0f,0.8890852066115333f,-0.457741734370515f,1.4375f,-1.2246467991473532e-16f,-0.457741734370515f,-0.8890852066115333f,-0.10775925925925925f,0f,0f,0f,1f], start_interpolation: 0, interpolation_duration: 1 }