# This file was generated by Animated Java via MC-Build. It is not recommended to edit this file directly.
$data merge entity $(bone_leftleg) { transformation: [-0.984807753012208f,-0.17169970723732195f,-0.025940318842754082f,0.11875f,-0.17364817766693036f,0.9737574280887071f,0.14711485864799864f,0.75f,-1.1886944277421296e-16f,0.1493843424749875f,-0.9887792060026929f,-0.02201171875f,0f,0f,0f,1f], start_interpolation: 0, interpolation_duration: 1 }
$data merge entity $(bone_rightleg) { transformation: [-0.984807753012208f,0.1716997072373219f,0.025940318842754325f,-0.11875f,0.17364817766693036f,0.9737574280887071f,0.14711485864799864f,0.75f,-1.2233888972616657e-16f,0.14938434247498755f,-0.9887792060026929f,-0.022011718750000027f,0f,0f,0f,1f], start_interpolation: 0, interpolation_duration: 1 }
$data merge entity $(bone_leftarm) { transformation: [-0.9659258262890683f,-0.25425684080657335f,0.048381370493625835f,0.3125f,-0.2588190451025207f,0.9488994480620837f,-0.18056173282202495f,1.375f,-1.1482235018591337e-16f,-0.18693126108421193f,-0.9823729961829499f,-0.12499999999999996f,0f,0f,0f,1f], start_interpolation: 0, interpolation_duration: 1 }
$data merge entity $(bone_rightarm) { transformation: [-0.9659258262890683f,0.25425684080657335f,-0.0483813704936256f,-0.3125f,0.2588190451025207f,0.9488994480620837f,-0.18056173282202495f,1.375f,-1.217612440898206e-16f,-0.18693126108421187f,-0.9823729961829499f,-0.09375000000000004f,0f,0f,0f,1f], start_interpolation: 0, interpolation_duration: 1 }
$data merge entity $(bone_body) { transformation: [-1f,1.829430568547255e-17f,1.2109052896946593e-16f,1.7221595613009655e-17f,0f,0.9887792060026929f,-0.14938434247498755f,1.484375f,-1.2246467991473532e-16f,-0.14938434247498755f,-0.9887792060026929f,-0.140625f,0f,0f,0f,1f], start_interpolation: 0, interpolation_duration: 1 }
$data merge entity $(bone_head) { transformation: [-1f,5.8606424128558e-17f,1.0753085546708046e-16f,1.9135106236677395e-17f,0f,0.878056069243374f,-0.47855777003918254f,1.46875f,-1.2246467991473532e-16f,-0.47855777003918254f,-0.878056069243374f,-0.15625f,0f,0f,0f,1f], start_interpolation: 0, interpolation_duration: 1 }