# This file was generated by Animated Java via MC-Build. It is not recommended to edit this file directly.
$data merge entity $(bone_leftleg) { transformation: [-0.984807753012208f,-0.17177737392886364f,-0.025420924710741203f,0.11875f,-0.17364817766693036f,0.9741978977844372f,0.14416922814989788f,0.75f,-1.2060416625018976e-16f,0.14639327087843373f,-0.9892264706534665f,-0.024719238281249986f,0f,0f,0f,1f], start_interpolation: 0, interpolation_duration: 1 }
$data merge entity $(bone_rightleg) { transformation: [-0.984807753012208f,0.17177737392886358f,0.025420924710741446f,-0.11875f,0.17364817766693036f,0.9741978977844372f,0.14416922814989788f,0.75f,-1.2060416625018976e-16f,0.1463932708784338f,-0.9892264706534665f,-0.024719238281250014f,0f,0f,0f,1f], start_interpolation: 0, interpolation_duration: 1 }
$data merge entity $(bone_leftarm) { transformation: [-0.9659258262890683f,-0.25468533321452436f,0.04607254229134063f,0.3125f,-0.25881904510252074f,0.9504986034992143f,-0.17194506866514864f,1.375f,-1.1482235018591337e-16f,-0.17801063392800456f,-0.9840285637157846f,-0.12499999999999996f,0f,0f,0f,1f], start_interpolation: 0, interpolation_duration: 1 }
$data merge entity $(bone_rightarm) { transformation: [-0.9659258262890683f,0.25468533321452436f,-0.0460725422913404f,-0.3125f,0.25881904510252074f,0.9504986034992143f,-0.17194506866514864f,1.375f,-1.217612440898206e-16f,-0.1780106339280045f,-0.9840285637157846f,-0.09375000000000004f,0f,0f,0f,1f], start_interpolation: 0, interpolation_duration: 1 }
$data merge entity $(bone_body) { transformation: [-1f,1.7928005059798536e-17f,1.2114530309176008e-16f,1.7221595613009655e-17f,0f,0.9892264706534665f,-0.14639327087843376f,1.484375f,-1.2246467991473532e-16f,-0.14639327087843376f,-0.9892264706534665f,-0.140625f,0f,0f,0f,1f], start_interpolation: 0, interpolation_duration: 1 }
$data merge entity $(bone_head) { transformation: [-1f,5.828094798678047e-17f,1.0770760849810363e-16f,1.9135106236677395e-17f,0f,0.879499367271395f,-0.4759000556516208f,1.46875f,-1.2246467991473532e-16f,-0.4759000556516208f,-0.879499367271395f,-0.15625f,0f,0f,0f,1f], start_interpolation: 0, interpolation_duration: 1 }