# This file was generated by Animated Java via MC-Build. It is not recommended to edit this file directly.
$data merge entity $(bone_leftleg) { transformation: [-0.984807753012208f,-0.17201107983951067f,-0.02378819075699751f,0.11875f,-0.17364817766693036f,0.9755233098666269f,0.1349095337617587f,0.75f,-1.1886944277421296e-16f,0.13699073077878815f,-0.9905723293534368f,-0.03322265624999998f,0f,0f,0f,1f], start_interpolation: 0, interpolation_duration: 1 }
$data merge entity $(bone_rightleg) { transformation: [-0.984807753012208f,0.1720110798395106f,0.023788190756997753f,-0.11875f,0.17364817766693036f,0.9755233098666269f,0.1349095337617587f,0.75f,-1.2233888972616657e-16f,0.1369907307787882f,-0.9905723293534368f,-0.03322265625000001f,0f,0f,0f,1f], start_interpolation: 0, interpolation_duration: 1 }
$data merge entity $(bone_leftarm) { transformation: [-0.9659258262890683f,-0.25589461066751096f,0.03879750428962778f,0.3125f,-0.25881904510252074f,0.9550116883942076f,-0.14479425721576192f,1.375f,-1.1829179713786698e-16f,-0.14990204555564912f,-0.9887008530077397f,-0.12499999999999996f,0f,0f,0f,1f], start_interpolation: 0, interpolation_duration: 1 }
$data merge entity $(bone_rightarm) { transformation: [-0.9659258262890683f,0.25589461066751096f,-0.03879750428962754f,-0.3125f,0.25881904510252074f,0.9550116883942076f,-0.14479425721576192f,1.375f,-1.1829179713786698e-16f,-0.14990204555564907f,-0.9887008530077397f,-0.09375000000000004f,0f,0f,0f,1f], start_interpolation: 0, interpolation_duration: 1 }
$data merge entity $(bone_body) { transformation: [-1f,1.677652599610997e-17f,1.2131012324666241e-16f,1.7221595613009655e-17f,0f,0.9905723293534368f,-0.13699073077878815f,1.484375f,-1.2246467991473532e-16f,-0.13699073077878815f,-0.9905723293534368f,-0.140625f,0f,0f,0f,1f], start_interpolation: 0, interpolation_duration: 1 }
$data merge entity $(bone_head) { transformation: [-1f,5.725528342064552e-17f,1.082563178158214e-16f,1.9135106236677395e-17f,0f,0.8839799188728837f,-0.46752486888880024f,1.46875f,-1.2246467991473532e-16f,-0.46752486888880024f,-0.8839799188728837f,-0.15625f,0f,0f,0f,1f], start_interpolation: 0, interpolation_duration: 1 }