# This file was generated by Animated Java via MC-Build. It is not recommended to edit this file directly.
$data merge entity $(bone_leftleg) { transformation: [-0.9937282431260466f,-0.11169789589847585f,0.005268668282794267f,0.11875f,-0.10508594537236854f,0.948935149964358f,0.29745424059393893f,0.75f,-0.03822463732746782f,0.2950350169284565f,-0.9547215384012288f,1.4542680739874818e-17f,0f,0f,0f,1f], start_interpolation: 0, interpolation_duration: 1 }
$data merge entity $(bone_rightleg) { transformation: [-0.9926595382465283f,0.12093537806543088f,-0.0012943957511183878f,-0.11875f,0.1147273133551612f,0.9449814946863752f,0.3063455863409997f,0.75f,0.03827119933443244f,0.30394836573417455f,-0.9519194851819289f,-1.4542680739874818e-17f,0f,0f,0f,1f], start_interpolation: 0, interpolation_duration: 1 }
$data merge entity $(bone_leftarm) { transformation: [-0.9563977922938808f,-0.27592376150776615f,0.095756674601807f,0.3125f,-0.29143910260115125f,0.9230821339729213f,-0.25096339058722006f,1.3125f,-0.01914451280201815f,-0.26792807201822527f,-0.9632486884777836f,-0.042249999999999954f,0f,0f,0f,1f], start_interpolation: 0, interpolation_duration: 1 }
$data merge entity $(bone_rightarm) { transformation: [-0.9749473019495918f,0.2130630857027776f,-0.06388959173466584f,-0.3125f,0.2223983532350471f,0.9389893984157642f,-0.26236974318914974f,1.3125f,0.004090342229037083f,-0.27000561322611805f,-0.9628500599401951f,-0.04225000000000004f,0f,0f,0f,1f], start_interpolation: 0, interpolation_duration: 1 }
$data merge entity $(bone_body) { transformation: [-1f,1.1397262613606046e-17f,1.2193317937105992e-16f,8.174517384308582e-18f,0f,0.9956599687024419f,-0.09306571185701268f,1.4375f,-1.2246467991473532e-16f,-0.09306571185701268f,-0.9956599687024419f,-0.06674999999999999f,0f,0f,0f,1f], start_interpolation: 0, interpolation_duration: 1 }
$data merge entity $(bone_head) { transformation: [-1f,5.30693982967556e-17f,1.1036864043304552e-16f,1.200153863164406e-17f,0f,0.9012283419994113f,-0.4333445229571872f,1.4375f,-1.2246467991473532e-16f,-0.4333445229571872f,-0.9012283419994113f,-0.09799999999999999f,0f,0f,0f,1f], start_interpolation: 0, interpolation_duration: 1 }