# This file was generated by Animated Java via MC-Build. It is not recommended to edit this file directly.
$data merge entity $(bone_leftleg) { transformation: [-0.984807753012208f,-0.17208756193360614f,-0.02322844451944814f,0.11875f,-0.17364817766693033f,0.975957061376397f,0.13173505510114558f,0.75f,-1.2060416625018976e-16f,0.13376728066793817f,-0.9910127721794029f,-0.03613525390625f,0f,0f,0f,1f], start_interpolation: 0, interpolation_duration: 1 }
$data merge entity $(bone_rightleg) { transformation: [-0.984807753012208f,0.17208756193360608f,0.023228444519448384f,-0.11875f,0.17364817766693033f,0.975957061376397f,0.13173505510114558f,0.75f,-1.2060416625018976e-16f,0.13376728066793822f,-0.9910127721794029f,-0.036135253906250026f,0f,0f,0f,1f], start_interpolation: 0, interpolation_duration: 1 }
$data merge entity $(bone_leftarm) { transformation: [-0.9659258262890683f,-0.2562610880066478f,0.03629811126532295f,0.3125f,-0.25881904510252074f,0.9563794004436893f,-0.13546639546097305f,1.375f,-1.2523069104177421e-16f,-0.14024513246675804f,-0.9901168127142279f,-0.12499999999999996f,0f,0f,0f,1f], start_interpolation: 0, interpolation_duration: 1 }
$data merge entity $(bone_rightarm) { transformation: [-0.9659258262890683f,0.2562610880066478f,-0.036298111265322716f,-0.3125f,0.25881904510252074f,0.9563794004436893f,-0.13546639546097305f,1.375f,-1.1135290323395976e-16f,-0.140245132466758f,-0.9901168127142279f,-0.09375000000000004f,0f,0f,0f,1f], start_interpolation: 0, interpolation_duration: 1 }
$data merge entity $(bone_body) { transformation: [-1f,1.638176721006361e-17f,1.213640619363651e-16f,1.7221595613009655e-17f,0f,0.9910127721794029f,-0.13376728066793817f,1.484375f,-1.2246467991473532e-16f,-0.13376728066793817f,-0.9910127721794029f,-0.140625f,0f,0f,0f,1f], start_interpolation: 0, interpolation_duration: 1 }
$data merge entity $(bone_head) { transformation: [-1f,5.690277962079025e-17f,1.0844201906109252e-16f,1.9135106236677395e-17f,0f,0.8854962846152383f,-0.46464645692462664f,1.46875f,-1.2246467991473532e-16f,-0.46464645692462664f,-0.8854962846152383f,-0.15625f,0f,0f,0f,1f], start_interpolation: 0, interpolation_duration: 1 }