# This file was generated by Animated Java via MC-Build. It is not recommended to edit this file directly.
$data merge entity $(bone_leftleg) { transformation: [-0.9939345660864389f,-0.10982565813893365f,0.005692376736694304f,0.11875f,-0.10334891608499436f,0.9505064715772921f,0.2930127113859454f,0.75f,-0.03759095479791884f,0.29064716118351586f,-0.9560916001165077f,1.4542680739874818e-17f,0f,0f,0f,1f], start_interpolation: 0, interpolation_duration: 1 }
$data merge entity $(bone_rightleg) { transformation: [-0.9927738277407948f,0.11999256082032811f,-0.0013828595989504185f,-0.11875f,0.11394383770014678f,0.9462185624464743f,0.30279899922537745f,0.75f,0.037642114752669764f,0.300453353167355f,-0.9530534369947151f,-1.4542680739874818e-17f,0f,0f,0f,1f], start_interpolation: 0, interpolation_duration: 1 }
$data merge entity $(bone_leftarm) { transformation: [-0.9578811012626955f,-0.27130999185254856f,0.09409933137241508f,0.3125f,-0.2863937089202461f,0.9265651866459471f,-0.24383518693303172f,1.3125f,-0.021034241956175127f,-0.2605145739046689f,-0.965240756209868f,-0.040250868055555514f,0f,0f,0f,1f], start_interpolation: 0, interpolation_duration: 1 }
$data merge entity $(bone_rightarm) { transformation: [-0.9757627805032334f,0.20994377793995214f,-0.0617301084471649f,-0.3125f,0.21878482308417402f,0.9417308207139636f,-0.2554921965646526f,1.3125f,0.004494148709750562f,-0.262805386972384f,-0.9648383964196647f,-0.0402508680555556f,0f,0f,0f,1f], start_interpolation: 0, interpolation_duration: 1 }
$data merge entity $(bone_body) { transformation: [-1f,1.0943379547847127e-17f,1.2197475259532333e-16f,7.848086646063634e-18f,0f,0.9959994398405068f,-0.08935947536437717f,1.4375f,-1.2246467991473532e-16f,-0.08935947536437717f,-0.9959994398405068f,-0.06408449074074074f,0f,0f,0f,1f], start_interpolation: 0, interpolation_duration: 1 }
$data merge entity $(bone_head) { transformation: [-1f,5.224640607114251e-17f,1.1076060165631035e-16f,1.1675107893399113e-17f,0f,0.904428948276566f,-0.426624281446034f,1.4375f,-1.2246467991473532e-16f,-0.426624281446034f,-0.904428948276566f,-0.09533449074074074f,0f,0f,0f,1f], start_interpolation: 0, interpolation_duration: 1 }