# This file was generated by Animated Java via MC-Build. It is not recommended to edit this file directly.
$data merge entity $(bone_leftleg) { transformation: [-0.9914819370689744f,-0.13024423165013654f,0.00009267049089283351f,0.11875f,-0.12238973494457203f,0.9319325958846665f,0.34135376006111945f,0.75f,-0.04454572085118522f,0.3384347453343591f,-0.9399348923751665f,1.4542680739874818e-17f,0f,0f,0f,1f], start_interpolation: 0, interpolation_duration: 1 }
$data merge entity $(bone_rightleg) { transformation: [-0.9914639678297691f,0.13038097972382187f,-0.00002493003951418238f,-0.11875f,0.12253496101493899f,0.93186530846642f,0.34148532941526377f,0.75f,0.044546423249436105f,0.33856734485629325f,-0.9398871044825766f,-1.4542680739874818e-17f,0f,0f,0f,1f], start_interpolation: 0, interpolation_duration: 1 }
$data merge entity $(bone_leftarm) { transformation: [-0.9399672405199164f,-0.3207279838117806f,0.11659822961522098f,0.3125f,-0.3412645649501262f,0.8836905943892059f,-0.3203582839532218f,1.3125f,-0.0002888923236850193f,-0.34091713624879905f,-0.940093305344285f,-0.0621944444444444f,0f,0f,0f,1f], start_interpolation: 0, interpolation_duration: 1 }
$data merge entity $(bone_rightarm) { transformation: [-0.9660722134125853f,0.24277674671696914f,-0.0881131643151743f,-0.3125f,0.25827209423928904f,0.9081930164151184f,-0.32936449455285877f,1.3125f,0.00006172001365714573f,-0.34094705774992834f,-0.9400824963811989f,-0.06219444444444448f,0f,0f,0f,1f], start_interpolation: 0, interpolation_duration: 1 }
$data merge entity $(bone_body) { transformation: [-1f,1.591577795694028e-17f,1.2142605090607183e-16f,1.1431170724263396e-17f,0f,0.9915189505301724f,-0.12996218965355125f,1.4375f,-1.2246467991473532e-16f,-0.12996218965355125f,-0.9915189505301724f,-0.09334259259259259f,0f,0f,0f,1f], start_interpolation: 0, interpolation_duration: 1 }
$data merge entity $(bone_head) { transformation: [-1f,6.111163912347162e-17f,1.0612711901423288e-16f,1.5258191971598874e-17f,0f,0.8665936912432443f,-0.49901440289575677f,1.4375f,-1.2246467991473532e-16f,-0.49901440289575677f,-0.8665936912432443f,-0.12459259259259259f,0f,0f,0f,1f], start_interpolation: 0, interpolation_duration: 1 }