# This file was generated by Animated Java via MC-Build. It is not recommended to edit this file directly.
$data merge entity $(bone_leftleg) { transformation: [-0.984807753012208f,-0.1710291151273069f,-0.030045488610042883f,0.11875f,-0.17364817766693033f,0.9699543112467995f,0.17039643331566787f,0.75f,-1.2060416625018976e-16f,0.17302507295914388f,-0.9849174199533091f,-0.0005664062499999865f,0f,0f,0f,1f], start_interpolation: 0, interpolation_duration: 1 }
$data merge entity $(bone_rightleg) { transformation: [-0.984807753012208f,0.17102911512730684f,0.030045488610043126f,-0.11875f,0.17364817766693033f,0.9699543112467995f,0.17039643331566787f,0.75f,-1.2060416625018976e-16f,0.17302507295914393f,-0.9849174199533091f,-0.0005664062500000156f,0f,0f,0f,1f], start_interpolation: 0, interpolation_duration: 1 }
$data merge entity $(bone_leftarm) { transformation: [-0.9659258262890683f,-0.2501266945455276f,0.06651266633889345f,0.3125f,-0.2588190451025207f,0.9334855323731706f,-0.2482286501236262f,1.375f,-1.1829179713786698e-16f,-0.25698520876833864f,-0.966415336423369f,-0.12499999999999996f,0f,0f,0f,1f], start_interpolation: 0, interpolation_duration: 1 }
$data merge entity $(bone_rightarm) { transformation: [-0.9659258262890683f,0.2501266945455277f,-0.0665126663388932f,-0.3125f,0.2588190451025207f,0.9334855323731706f,-0.2482286501236262f,1.375f,-1.1829179713786698e-16f,-0.2569852087683385f,-0.966415336423369f,-0.09375000000000004f,0f,0f,0f,1f], start_interpolation: 0, interpolation_duration: 1 }
$data merge entity $(bone_body) { transformation: [-1f,2.1189460177165286e-17f,1.2061759657702893e-16f,1.7221595613009655e-17f,0f,0.9849174199533091f,-0.1730250729591439f,1.484375f,-1.2246467991473532e-16f,-0.1730250729591439f,-0.9849174199533091f,-0.140625f,0f,0f,0f,1f], start_interpolation: 0, interpolation_duration: 1 }
$data merge entity $(bone_head) { transformation: [-1f,6.116522703579221e-17f,1.0609624323357812e-16f,1.9135106236677395e-17f,0f,0.8663415713611995f,-0.49945198140702957f,1.46875f,-1.2246467991473532e-16f,-0.49945198140702957f,-0.8663415713611995f,-0.15625f,0f,0f,0f,1f], start_interpolation: 0, interpolation_duration: 1 }