# This file was generated by Animated Java via MC-Build. It is not recommended to edit this file directly.
$data merge entity $(bone_leftleg) { transformation: [-0.9941432166307456f,-0.1078977821107641f,0.006110109872377321f,0.11875f,-0.10156164628020331f,0.9520974334957112f,0.28843666399356155f,0.75f,-0.03693909625220024f,0.28612680011920927f,-0.9574794814624555f,1.4542680739874818e-17f,0f,0f,0f,1f], start_interpolation: 0, interpolation_duration: 1 }
$data merge entity $(bone_rightleg) { transformation: [-0.9928903367881372f,0.11902364654059369f,-0.0014665186392597573f,-0.11875f,0.11313774840398762f,0.9474762717734588f,0.2991463927784232f,0.75f,0.036994986130764775f,0.29685364405788667f,-0.954206101956353f,-1.4542680739874818e-17f,0f,0f,0f,1f], start_interpolation: 0, interpolation_duration: 1 }
$data merge entity $(bone_leftarm) { transformation: [-0.9593755724800204f,-0.2665454194877374f,0.09247729601766723f,0.3125f,-0.2811948082600366f,0.9300586907001868f,-0.2364747590349878f,1.3125f,-0.02297804900844274f,-0.2528722428483609f,-0.9672267769559553f,-0.03819444444444441f,0f,0f,0f,1f], start_interpolation: 0, interpolation_duration: 1 }
$data merge entity $(bone_rightarm) { transformation: [-0.9765874887027206f,0.20671084725886021f,-0.05956091448960261f,-0.3125f,0.21506457973294174f,0.9444839294876816f,-0.24838947941449005f,1.3125f,0.004909526821063196f,-0.255383500964789f,-0.9668273703104194f,-0.038194444444444496f,0f,0f,0f,1f], start_interpolation: 0, interpolation_duration: 1 }
$data merge entity $(bone_body) { transformation: [-1f,1.047633088070372e-17f,1.220157543839999e-16f,7.512300966991866e-18f,0f,0.9963342448528998f,-0.08554573357802224f,1.4375f,-1.2246467991473532e-16f,-0.08554573357802224f,-0.9963342448528998f,-0.0613425925925926f,0f,0f,0f,1f], start_interpolation: 0, interpolation_duration: 1 }
$data merge entity $(bone_head) { transformation: [-1f,5.139680840062064e-17f,1.1115739252451214e-16f,1.1339322214327346e-17f,0f,0.9076689915974487f,-0.4196867899904291f,1.4375f,-1.2246467991473532e-16f,-0.4196867899904291f,-0.9076689915974487f,-0.0925925925925926f,0f,0f,0f,1f], start_interpolation: 0, interpolation_duration: 1 }
execute on vehicle unless entity @s[tag=aj.transforms_only] at @s run function animated_java:boss_display/animations/idle/zzz/frames/zzz/1