# This file was generated by Animated Java via MC-Build. It is not recommended to edit this file directly.
$data merge entity $(bone_leftleg) { transformation: [-0.984807753012208f,-0.17216259343480456f,-0.022665635416815298f,0.11875f,-0.17364817766693033f,0.9763825861650424f,0.12854320606946856f,0.75f,-1.2233888972616657e-16f,0.13052619222005155f,-0.9914448613738104f,-0.039062499999999986f,0f,0f,0f,1f], start_interpolation: 0, interpolation_duration: 1 }
$data merge entity $(bone_rightleg) { transformation: [-0.984807753012208f,0.1721625934348045f,0.02266563541681554f,-0.11875f,0.17364817766693033f,0.9763825861650424f,0.12854320606946856f,0.75f,-1.1886944277421296e-16f,0.1305261922200516f,-0.9914448613738104f,-0.039062500000000014f,0f,0f,0f,1f], start_interpolation: 0, interpolation_duration: 1 }
$data merge entity $(bone_leftarm) { transformation: [-0.9659258262890683f,-0.25660481229257065f,0.03378266443126194f,0.3125f,-0.2588190451025207f,0.9576621969425486f,-0.12607862007251908f,1.375f,-1.1829179713786698e-16f,-0.1305261922200516f,-0.9914448613738104f,-0.12499999999999996f,0f,0f,0f,1f], start_interpolation: 0, interpolation_duration: 1 }
$data merge entity $(bone_rightarm) { transformation: [-0.9659258262890683f,0.25660481229257065f,-0.033782664431261704f,-0.3125f,0.2588190451025207f,0.9576621969425486f,-0.12607862007251908f,1.375f,-1.1829179713786698e-16f,-0.13052619222005155f,-0.9914448613738104f,-0.09375000000000004f,0f,0f,0f,1f], start_interpolation: 0, interpolation_duration: 1 }
$data merge entity $(bone_body) { transformation: [-1f,1.5984848350717833e-17f,1.2141697760125282e-16f,1.7221595613009655e-17f,0f,0.9914448613738104f,-0.13052619222005157f,1.484375f,-1.2246467991473532e-16f,-0.13052619222005157f,-0.9914448613738104f,-0.140625f,0f,0f,0f,1f], start_interpolation: 0, interpolation_duration: 1 }
$data merge entity $(bone_head) { transformation: [-1f,5.654789612090135e-17f,1.0862749776607361e-16f,1.9135106236677395e-17f,0f,0.8870108331782217f,-0.4617486132350339f,1.46875f,-1.2246467991473532e-16f,-0.4617486132350339f,-0.8870108331782217f,-0.15625f,0f,0f,0f,1f], start_interpolation: 0, interpolation_duration: 1 }