# This file was generated by Animated Java via MC-Build. It is not recommended to edit this file directly.
$data merge entity $(bone_leftleg) { transformation: [-0.984807753012208f,-0.17223578428453018f,-0.02210258398781887f,0.11875f,-0.17364817766693033f,0.9767976721004537f,0.12534998273669137f,0.75f,-1.2060416625018976e-16f,0.1272837082702551f,-0.9918663506788465f,-0.041989746093749974f,0f,0f,0f,1f], start_interpolation: 0, interpolation_duration: 1 }
$data merge entity $(bone_rightleg) { transformation: [-0.984807753012208f,0.17223578428453012f,0.022102583987819113f,-0.11875f,0.17364817766693033f,0.9767976721004537f,0.12534998273669137f,0.75f,-1.2060416625018976e-16f,0.12728370827025515f,-0.9918663506788465f,-0.04198974609375f,0f,0f,0f,1f], start_interpolation: 0, interpolation_duration: 1 }
$data merge entity $(bone_leftarm) { transformation: [-0.9659258262890683f,-0.2569238456752728f,0.03126396697812426f,0.3125f,-0.25881904510252074f,0.9588528457361039f,-0.11667871320851492f,1.375f,-1.1829179713786698e-16f,-0.12079469254567485f,-0.9926775117090121f,-0.12499999999999996f,0f,0f,0f,1f], start_interpolation: 0, interpolation_duration: 1 }
$data merge entity $(bone_rightarm) { transformation: [-0.9659258262890683f,0.2569238456752728f,-0.03126396697812401f,-0.3125f,0.25881904510252074f,0.9588528457361039f,-0.11667871320851492f,1.375f,-1.1829179713786698e-16f,-0.12079469254567479f,-0.9926775117090121f,-0.09375000000000004f,0f,0f,0f,1f], start_interpolation: 0, interpolation_duration: 1 }
$data merge entity $(bone_body) { transformation: [-1f,1.5587758591677343e-17f,1.2146859515408156e-16f,1.7221595613009655e-17f,0f,0.9918663506788465f,-0.12728370827025512f,1.484375f,-1.2246467991473532e-16f,-0.12728370827025512f,-0.9918663506788465f,-0.140625f,0f,0f,0f,1f], start_interpolation: 0, interpolation_duration: 1 }
$data merge entity $(bone_head) { transformation: [-1f,5.619240804735794e-17f,1.0881181509586999e-16f,1.9135106236677395e-17f,0f,0.8885158983931449f,-0.45884583282691205f,1.46875f,-1.2246467991473532e-16f,-0.45884583282691205f,-0.8885158983931449f,-0.15625f,0f,0f,0f,1f], start_interpolation: 0, interpolation_duration: 1 }