# This file was generated by Animated Java via MC-Build. It is not recommended to edit this file directly.
$data merge entity $(bone_leftleg) { transformation: [-0.9945642530060363f,-0.1038946209500227f,0.006917686043469741f,0.11875f,-0.09785438139374873f,0.9553140463694442f,0.2789257837692425f,0.75f,-0.035587451223593955f,0.27673268789011995f,-0.9602877447768027f,1.4542680739874818e-17f,0f,0f,0f,1f], start_interpolation: 0, interpolation_duration: 1 }
$data merge entity $(bone_rightleg) { transformation: [-0.9931284997170994f,0.11701782177336073f,-0.0016163035239131701f,-0.11875f,0.11146585134521973f,0.9500361561473771f,0.2915590266079956f,0.75f,0.03565314899905489f,0.28937541602585126f,-0.9565514735581754f,-1.4542680739874818e-17f,0f,0f,0f,1f], start_interpolation: 0, interpolation_duration: 1 }
$data merge entity $(bone_leftarm) { transformation: [-0.9623727398614064f,-0.2566116326839404f,0.08938221043883565f,0.3125f,-0.27038725840604566f,0.9370127807914421f,-0.22112842224632973f,1.3125f,-0.02700814809112482f,-0.2369757764092593f,-0.9711400729719254f,-0.033930555555555506f,0f,0f,0f,1f], start_interpolation: 0, interpolation_duration: 1 }
$data merge entity $(bone_rightarm) { transformation: [-0.9782517332274672f,0.199932162141281f,-0.05523293382547205f,-0.3125f,0.20734088942821863f,0.9499750307716935f,-0.23357481987884546f,1.3125f,0.005770789250325889f,-0.23994701800987733f,-0.9707688326989057f,-0.03393055555555559f,0f,0f,0f,1f], start_interpolation: 0, interpolation_duration: 1 }
$data merge entity $(bone_body) { transformation: [-1f,9.507447975267738e-18f,1.2209507057869352e-16f,6.816066583032166e-18f,0f,0.9969819107329629f,-0.07763420426107506f,1.4375f,-1.2246467991473532e-16f,-0.07763420426107506f,-0.9969819107329629f,-0.0556574074074074f,0f,0f,0f,1f], start_interpolation: 0, interpolation_duration: 1 }
$data merge entity $(bone_head) { transformation: [-1f,4.962566710556135e-17f,1.1195932739591902e-16f,1.0643087830367645e-17f,0f,0.9142172867627586f,-0.40522432378145823f,1.4375f,-1.2246467991473532e-16f,-0.40522432378145823f,-0.9142172867627586f,-0.0869074074074074f,0f,0f,0f,1f], start_interpolation: 0, interpolation_duration: 1 }