# This file was generated by Animated Java via MC-Build. It is not recommended to edit this file directly.
$data merge entity $(bone_leftleg) { transformation: [-0.984807753012208f,-0.17230678124129692f,-0.021542115618240553f,0.11875f,-0.1736481776669303f,0.9772003158506132f,0.12217140866183106f,0.75f,-1.2060416625018976e-16f,0.12405609956679185f,-0.992275205857868f,-0.04490234375000002f,0f,0f,0f,1f], start_interpolation: 0, interpolation_duration: 1 }
$data merge entity $(bone_rightleg) { transformation: [-0.984807753012208f,0.17230678124129686f,0.021542115618240796f,-0.11875f,0.1736481776669303f,0.9772003158506132f,0.12217140866183106f,0.75f,-1.2060416625018976e-16f,0.12405609956679191f,-0.992275205857868f,-0.044902343750000046f,0f,0f,0f,1f], start_interpolation: 0, interpolation_duration: 1 }
$data merge entity $(bone_leftarm) { transformation: [-0.9659258262890683f,-0.2572167462645373f,0.02875488739093432f,0.3125f,-0.25881904510252074f,0.9599459656168055f,-0.1073147007088881f,1.375f,-1.1829179713786698e-16f,-0.11110035345174893f,-0.9938091926838353f,-0.12499999999999996f,0f,0f,0f,1f], start_interpolation: 0, interpolation_duration: 1 }
$data merge entity $(bone_rightarm) { transformation: [-0.9659258262890683f,0.2572167462645373f,-0.028754887390934077f,-0.3125f,0.25881904510252074f,0.9599459656168055f,-0.1073147007088881f,1.375f,-1.1829179713786698e-16f,-0.11110035345174887f,-0.9938091926838353f,-0.09375000000000004f,0f,0f,0f,1f], start_interpolation: 0, interpolation_duration: 1 }
$data merge entity $(bone_body) { transformation: [-1f,1.5192490524917702e-17f,1.215186654727119e-16f,1.7221595613009655e-17f,0f,0.992275205857868f,-0.12405609956679188f,1.484375f,-1.2246467991473532e-16f,-0.12405609956679188f,-0.992275205857868f,-0.140625f,0f,0f,0f,1f], start_interpolation: 0, interpolation_duration: 1 }
$data merge entity $(bone_head) { transformation: [-1f,5.583810261934592e-17f,1.089940554456525e-16f,1.9135106236677395e-17f,0f,0.8900040037791991f,-0.4559527094524118f,1.46875f,-1.2246467991473532e-16f,-0.4559527094524118f,-0.8900040037791991f,-0.15625f,0f,0f,0f,1f], start_interpolation: 0, interpolation_duration: 1 }