# This file was generated by Animated Java via MC-Build. It is not recommended to edit this file directly.
$data merge entity $(bone_leftleg) { transformation: [-0.9947750927039607f,-0.10182918039965977f,0.00730294152790237f,0.11875f,-0.0959433972753102f,0.9569281266949732f,0.2740135486783844f,0.75f,-0.03489096523598071f,0.2718811842683912f,-0.9616981034533232f,1.4542680739874818e-17f,0f,0f,0f,1f], start_interpolation: 0, interpolation_duration: 1 }
$data merge entity $(bone_rightleg) { transformation: [-0.993249419556267f,0.11598605380658956f,-0.0016810334659455035f,-0.11875f,0.11060410884255806f,0.9513299201260064f,0.2876423372526894f,0.75f,0.034961717038530696f,0.28551465530760634f,-0.9577364250911085f,-1.4542680739874818e-17f,0f,0f,0f,1f], start_interpolation: 0, interpolation_duration: 1 }
$data merge entity $(bone_leftarm) { transformation: [-0.963863470457831f,-0.2514671385880958f,0.08792888335070119f,0.3125f,-0.264804264318617f,0.9404431661377246f,-0.21317915672862625f,1.3125f,-0.029084564904117236f,-0.22875954510176752f,-0.9730483845159863f,-0.031733506944444406f,0f,0f,0f,1f], start_interpolation: 0, interpolation_duration: 1 }
$data merge entity $(bone_rightarm) { transformation: [-0.9790851428271975f,0.19640120243211856f,-0.05309285053813057f,-0.3125f,0.20335599874232788f,0.9526893144049422f,-0.22589689682275754f,1.3125f,0.006214569217301879f,-0.23196904513718894f,-0.9727033161388853f,-0.03173350694444449f,0f,0f,0f,1f], start_interpolation: 0, interpolation_duration: 1 }
$data merge entity $(bone_body) { transformation: [-1f,9.007975186482108e-18f,1.2213293662914316e-16f,6.457318776476385e-18f,0f,0.9972911104995895f,-0.073555699429042f,1.4375f,-1.2246467991473532e-16f,-0.073555699429042f,-0.9972911104995895f,-0.05272800925925926f,0f,0f,0f,1f], start_interpolation: 0, interpolation_duration: 1 }
$data merge entity $(bone_head) { transformation: [-1f,4.870814223219687e-17f,1.123615357090969e-16f,1.0284340023811864e-17f,0f,0.917501566878935f,-0.39773216462174543f,1.4375f,-1.2246467991473532e-16f,-0.39773216462174543f,-0.917501566878935f,-0.08397800925925926f,0f,0f,0f,1f], start_interpolation: 0, interpolation_duration: 1 }