# This file was generated by Animated Java via MC-Build. It is not recommended to edit this file directly.
$data merge entity $(bone_leftleg) { transformation: [-0.984807753012208f,-0.17244096297823686f,-0.02044025181312991f,0.11875f,-0.17364817766693033f,0.977961298295845f,0.1159224284962123f,0.75f,-1.2060416625018976e-16f,0.11771071880947635f,-0.9930479276839342f,-0.05062499999999999f,0f,0f,0f,1f], start_interpolation: 0, interpolation_duration: 1 }
$data merge entity $(bone_rightleg) { transformation: [-0.984807753012208f,0.1724409629782368f,0.020440251813130153f,-0.11875f,0.17364817766693033f,0.977961298295845f,0.1159224284962123f,0.75f,-1.2060416625018976e-16f,0.11771071880947641f,-0.9930479276839342f,-0.05062500000000002f,0f,0f,0f,1f], start_interpolation: 0, interpolation_duration: 1 }
$data merge entity $(bone_leftarm) { transformation: [-0.9659258262890683f,-0.25772084507878484f,0.02381730714538537f,0.3125f,-0.2588190451025207f,0.9618272880036128f,-0.08888740036605103f,1.375f,-1.200265206138438e-16f,-0.09202300833754715f,-0.9957568809385692f,-0.12499999999999996f,0f,0f,0f,1f], start_interpolation: 0, interpolation_duration: 1 }
$data merge entity $(bone_rightarm) { transformation: [-0.9659258262890683f,0.25772084507878484f,-0.023817307145385127f,-0.3125f,0.2588190451025207f,0.9618272880036128f,-0.08888740036605103f,1.375f,-1.1655707366189018e-16f,-0.09202300833754709f,-0.9957568809385692f,-0.09375000000000004f,0f,0f,0f,1f], start_interpolation: 0, interpolation_duration: 1 }
$data merge entity $(bone_body) { transformation: [-1f,1.441540550153594e-17f,1.2161329660380423e-16f,1.7221595613009655e-17f,0f,0.9930479276839342f,-0.11771071880947638f,1.484375f,-1.2246467991473532e-16f,-0.11771071880947638f,-0.9930479276839342f,-0.140625f,0f,0f,0f,1f], start_interpolation: 0, interpolation_duration: 1 }
$data merge entity $(bone_head) { transformation: [-1f,5.5140247310170095e-17f,1.0934875835230986e-16f,1.9135106236677395e-17f,0f,0.8929003728131468f,-0.4502542884083875f,1.46875f,-1.2246467991473532e-16f,-0.4502542884083875f,-0.8929003728131468f,-0.15625f,0f,0f,0f,1f], start_interpolation: 0, interpolation_duration: 1 }