# This file was generated by Animated Java via MC-Build. It is not recommended to edit this file directly.
$data merge entity $(bone_leftleg) { transformation: [-0.9951938044954476f,-0.09759544747635299f,0.008026214909114898f,0.11875f,-0.09202929260021814f,0.9601407060605456f,0.26393263130780253f,0.75f,-0.03346491890592754f,0.2619254726013631f,-0.9645077221075902f,1.4542680739874818e-17f,0f,0f,0f,1f], start_interpolation: 0, interpolation_duration: 1 }
$data merge entity $(bone_rightleg) { transformation: [-0.9934931759145013f,0.11387763294514228f,-0.0017872118311139007f,-0.11875f,0.10883921176765599f,0.9539251119982809f,0.27960848821318446f,0.75f,0.033546019035247135f,0.2775946062406088f,-0.9601124409114842f,-1.4542680739874818e-17f,0f,0f,0f,1f], start_interpolation: 0, interpolation_duration: 1 }
$data merge entity $(bone_leftarm) { transformation: [-0.9668015127976081f,-0.24088709846497416f,0.08525397729949183f,0.3125f,-0.25334479073098115f,0.947141539204073f,-0.1968230721323466f,1.3125f,-0.033335444525786496f,-0.21188749492894898f,-0.9767253644863549f,-0.027235243055555507f,0f,0f,0f,1f], start_interpolation: 0, interpolation_duration: 1 }
$data merge entity $(bone_rightarm) { transformation: [-0.9807402194331237f,0.18909535528661747f,-0.04890366648111515f,-0.3125f,0.19518678873230857f,0.9580006976931165f,-0.2100875549000256f,1.3125f,0.007123165773542684f,-0.21558666431050422f,-0.9764587296352225f,-0.027235243055555584f,0f,0f,0f,1f], start_interpolation: 0, interpolation_duration: 1 }
$data merge entity $(bone_body) { transformation: [-1f,7.98488752705413e-18f,1.222040891206136e-16f,5.72281418004333e-18f,0f,0.9978721146839795f,-0.06520155470633263f,1.4375f,-1.2246467991473532e-16f,-0.06520155470633263f,-0.9978721146839795f,-0.04673032407407406f,0f,0f,0f,1f], start_interpolation: 0, interpolation_duration: 1 }
$data merge entity $(bone_head) { transformation: [-1f,4.681948932484831e-17f,1.131615360711359e-16f,9.54983542737881e-18f,0f,0.9240340655764859f,-0.3823101432792366f,1.4375f,-1.2246467991473532e-16f,-0.3823101432792366f,-0.9240340655764859f,-0.07798032407407407f,0f,0f,0f,1f], start_interpolation: 0, interpolation_duration: 1 }