# This file was generated by Animated Java via MC-Build. It is not recommended to edit this file directly.
$data merge entity $(bone_leftleg) { transformation: [-0.984807753012208f,-0.17250362130926103f,-0.019904528184231992f,0.11875f,-0.17364817766693036f,0.9783166513494299f,0.1128841888193039f,0.75f,-1.2060416625018976e-16f,0.11462560938825642f,-0.9934087626311592f,-0.053405761718749986f,0f,0f,0f,1f], start_interpolation: 0, interpolation_duration: 1 }
$data merge entity $(bone_rightleg) { transformation: [-0.984807753012208f,0.17250362130926097f,0.019904528184232235f,-0.11875f,0.17364817766693036f,0.9783166513494299f,0.1128841888193039f,0.75f,-1.2060416625018976e-16f,0.11462560938825647f,-0.9934087626311592f,-0.053405761718750014f,0f,0f,0f,1f], start_interpolation: 0, interpolation_duration: 1 }
$data merge entity $(bone_leftarm) { transformation: [-0.9659258262890683f,-0.2579315923302364f,0.021414756262199488f,0.3125f,-0.2588190451025207f,0.9626138074535853f,-0.07992095840223183f,1.375f,-1.1655707366189018e-16f,-0.08274026454937573f,-0.9965711457905548f,-0.12499999999999996f,0f,0f,0f,1f], start_interpolation: 0, interpolation_duration: 1 }
$data merge entity $(bone_rightarm) { transformation: [-0.9659258262890683f,0.2579315923302364f,-0.021414756262199245f,-0.3125f,0.2588190451025207f,0.9626138074535853f,-0.07992095840223183f,1.375f,-1.200265206138438e-16f,-0.08274026454937568f,-0.9965711457905548f,-0.09375000000000004f,0f,0f,0f,1f], start_interpolation: 0, interpolation_duration: 1 }
$data merge entity $(bone_body) { transformation: [-1f,1.4037588563764305e-17f,1.2165748614011818e-16f,1.7221595613009655e-17f,0f,0.9934087626311592f,-0.11462560938825644f,1.484375f,-1.2246467991473532e-16f,-0.11462560938825644f,-0.9934087626311592f,-0.140625f,0f,0f,0f,1f], start_interpolation: 0, interpolation_duration: 1 }
$data merge entity $(bone_head) { transformation: [-1f,5.480032923328176e-17f,1.0951950393670756e-16f,1.9135106236677395e-17f,0f,0.8942946163167969f,-0.44747864667131687f,1.46875f,-1.2246467991473532e-16f,-0.44747864667131687f,-0.8942946163167969f,-0.15625f,0f,0f,0f,1f], start_interpolation: 0, interpolation_duration: 1 }