# This file was generated by Animated Java via MC-Build. It is not recommended to edit this file directly.
$data merge entity $(bone_leftleg) { transformation: [-0.99540034169297f,-0.09543719455207066f,0.008360720874954503f,0.11875f,-0.09003521471855126f,0.9617291280603655f,0.2587870637238916f,0.75f,-0.03273866014520224f,0.2568439723573037f,-0.9658982109910017f,1.4542680739874818e-17f,0f,0f,0f,1f], start_interpolation: 0, interpolation_duration: 1 }
$data merge entity $(bone_rightleg) { transformation: [-0.9936153406098089f,0.11280609202820885f,-0.001827705166768206f,-0.11875f,0.10794013280579423f,0.9552189990576022f,0.27550969414752025f,0.75f,0.032825030612641554f,0.2735533758532618f,-0.9612965556604076f,-1.4542680739874818e-17f,0f,0f,0f,1f], start_interpolation: 0, interpolation_duration: 1 }
$data merge entity $(bone_leftarm) { transformation: [-0.9682386912651443f,-0.23547805849086542f,0.08404713383889566f,0.3125f,-0.24749461493117353f,0.9503846777118199f,-0.18845524654588522f,1.3125f,-0.03550003263703861f,-0.20327087430316426f,-0.9784787679570754f,-0.024944444444444405f,0f,0f,0f,1f], start_interpolation: 0, interpolation_duration: 1 }
$data merge entity $(bone_rightarm) { transformation: [-0.9815565897506114f,0.18533709860689068f,-0.04687025706276295f,-0.3125f,0.19102124377111326f,0.9605779587084798f,-0.20199225151373226f,1.3125f,0.007585878016862086f,-0.20722004035186758f,-0.9782649484323169f,-0.02494444444444448f,0f,0f,0f,1f], start_interpolation: 0, interpolation_duration: 1 }
$data merge entity $(bone_body) { transformation: [-1f,7.46364729386071e-18f,1.2223703119632537e-16f,5.348758288498208e-18f,0f,0.9981411071455994f,-0.06094530520193408f,1.4375f,-1.2246467991473532e-16f,-0.06094530520193408f,-0.9981411071455994f,-0.043675925925925924f,0f,0f,0f,1f], start_interpolation: 0, interpolation_duration: 1 }
$data merge entity $(bone_head) { transformation: [-1f,4.585258788597912e-17f,1.1355676118477992e-16f,9.175779535833686e-18f,0f,0.9272613235411431f,-0.37441479386467574f,1.4375f,-1.2246467991473532e-16f,-0.37441479386467574f,-0.9272613235411431f,-0.07492592592592592f,0f,0f,0f,1f], start_interpolation: 0, interpolation_duration: 1 }