# This file was generated by Animated Java via MC-Build. It is not recommended to edit this file directly.
$data merge entity $(bone_leftleg) { transformation: [-0.9956041740096705f,-0.09325808755034927f,0.00867512541541172f,0.11875f,-0.08802249033411273f,0.9632993763368543f,0.25358697274191483f,0.75f,-0.032005779007903634f,0.25170864239330165f,-0.967273689011863f,1.4542680739874818e-17f,0f,0f,0f,1f], start_interpolation: 0, interpolation_duration: 1 }
$data merge entity $(bone_rightleg) { transformation: [-0.9937372673285885f,0.1117263914035008f,-0.0018592972493088576f,-0.11875f,0.1070326869391379f,0.9565056516141636f,0.2713686465985944f,0.75f,0.03209746795150742f,0.2694701317291326f,-0.9624736882933402f,-1.4542680739874818e-17f,0f,0f,0f,1f], start_interpolation: 0, interpolation_duration: 1 }
$data merge entity $(bone_leftarm) { transformation: [-0.9696484479689791f,-0.23000774754584816f,0.08293565831556061f,0.3125f,-0.24158185597615833f,0.9535421951816588f,-0.1799874686506202f,1.3125f,-0.03768413743824757f,-0.1945603198934168f,-0.9801664081718505f,-0.02263281249999997f,0f,0f,0f,1f], start_interpolation: 0, interpolation_duration: 1 }
$data merge entity $(bone_rightarm) { transformation: [-0.9823622367122564f,0.1815201898544633f,-0.04488715358420862f,-0.3125f,0.18681431515621616f,0.963090912842887f,-0.19379449231639367f,1.3125f,0.00805279668231324f,-0.1987619537905945f,-0.9800147132522751f,-0.022632812500000047f,0f,0f,0f,1f], start_interpolation: 0, interpolation_duration: 1 }
$data merge entity $(bone_body) { transformation: [-1f,6.93752914026706e-18f,1.2226801918754764e-16f,4.971300600288786e-18f,0f,0.9983941432964624f,-0.056649224454734526f,1.4375f,-1.2246467991473532e-16f,-0.056649224454734526f,-0.9983941432964624f,-0.04059375f,0f,0f,0f,1f], start_interpolation: 0, interpolation_duration: 1 }
$data merge entity $(bone_head) { transformation: [-1f,4.487351182043327e-17f,1.1394720603647995e-16f,8.798321847624266e-18f,0f,0.9304495477048111f,-0.3664200310789687f,1.4375f,-1.2246467991473532e-16f,-0.3664200310789687f,-0.9304495477048111f,-0.07184375f,0f,0f,0f,1f], start_interpolation: 0, interpolation_duration: 1 }