# This file was generated by Animated Java via MC-Build. It is not recommended to edit this file directly.
$data merge entity $(bone_leftleg) { transformation: [-0.984807753012208f,-0.1726714026236955f,-0.01839228977075544f,0.11875000000000001f,-0.1736481776669303f,0.9792681864676541f,0.10430785859802681f,0.75f,-1.1886944277421296e-16f,0.1059169754492517f,-0.994374976712348f,-0.06124999999999998f,0f,0f,0f,1f], start_interpolation: 0, interpolation_duration: 1 }
$data merge entity $(bone_rightleg) { transformation: [-0.984807753012208f,0.1726714026236955f,0.018392289770755684f,-0.11874999999999998f,0.1736481776669303f,0.9792681864676541f,0.10430785859802681f,0.75f,-1.2233888972616657e-16f,0.10591697544925176f,-0.994374976712348f,-0.061250000000000006f,0f,0f,0f,1f], start_interpolation: 0, interpolation_duration: 1 }
$data merge entity $(bone_leftarm) { transformation: [-0.9659258262890683f,-0.25840533582808145f,0.014628073125231601f,0.3125f,-0.25881904510252074f,0.9643818422572984f,-0.05459271212019674f,1.375f,-1.191591588758554e-16f,-0.05651853448202456f,-0.998401550108975f,-0.12499999999999996f,0f,0f,0f,1f], start_interpolation: 0, interpolation_duration: 1 }
$data merge entity $(bone_rightarm) { transformation: [-0.9659258262890683f,0.25840533582808145f,-0.014628073125231358f,-0.3125f,0.25881904510252074f,0.9643818422572984f,-0.05459271212019674f,1.375f,-1.1742443539987858e-16f,-0.05651853448202449f,-0.998401550108975f,-0.09375000000000004f,0f,0f,0f,1f], start_interpolation: 0, interpolation_duration: 1 }
$data merge entity $(bone_body) { transformation: [-1f,1.2971088495929494e-17f,1.217758132383001e-16f,1.7221595613009655e-17f,0f,0.994374976712348f,-0.10591697544925174f,1.484375f,-1.2246467991473532e-16f,-0.10591697544925174f,-0.994374976712348f,-0.140625f,0f,0f,0f,1f], start_interpolation: 0, interpolation_duration: 1 }
$data merge entity $(bone_head) { transformation: [-1f,5.3838617240549194e-17f,1.0999545954376578e-16f,1.9135106236677395e-17f,0f,0.8981810887869784f,-0.43962567230023986f,1.46875f,-1.2246467991473532e-16f,-0.43962567230023986f,-0.8981810887869784f,-0.15625f,0f,0f,0f,1f], start_interpolation: 0, interpolation_duration: 1 }