# This file was generated by Animated Java via MC-Build. It is not recommended to edit this file directly.
$data merge entity $(bone_leftleg) { transformation: [-0.984807753012208f,-0.17272008665317676f,-0.01792934113582858f,0.11875000000000001f,-0.17364817766693033f,0.9795442873189568f,0.10168234642134925f,0.75f,-1.2060416625018976e-16f,0.10325096051522324f,-0.994655336864325f,-0.06364990234375f,0f,0f,0f,1f], start_interpolation: 0, interpolation_duration: 1 }
$data merge entity $(bone_rightleg) { transformation: [-0.984807753012208f,0.17272008665317676f,0.017929341135828822f,-0.11874999999999998f,0.17364817766693033f,0.9795442873189568f,0.10168234642134925f,0.75f,-1.2060416625018976e-16f,0.1032509605152233f,-0.994655336864325f,-0.06364990234375002f,0f,0f,0f,1f], start_interpolation: 0, interpolation_duration: 1 }
$data merge entity $(bone_leftarm) { transformation: [-0.9659258262890683f,-0.25851461942803733f,0.012549488027712127f,0.3125f,-0.25881904510252074f,0.9647896942047678f,-0.04683532692839854f,1.375f,-1.1742443539987858e-16f,-0.04848749837068998f,-0.998823789515324f,-0.12499999999999996f,0f,0f,0f,1f], start_interpolation: 0, interpolation_duration: 1 }
$data merge entity $(bone_rightarm) { transformation: [-0.9659258262890683f,0.25851461942803733f,-0.01254948802771188f,-0.3125f,0.25881904510252074f,0.9647896942047678f,-0.04683532692839854f,1.375f,-1.191591588758554e-16f,-0.04848749837068991f,-0.998823789515324f,-0.09375000000000004f,0f,0f,0f,1f], start_interpolation: 0, interpolation_duration: 1 }
$data merge entity $(bone_body) { transformation: [-1f,1.2644595830385795e-17f,1.2181014745457278e-16f,1.7221595613009655e-17f,0f,0.994655336864325f,-0.10325096051522328f,1.484375f,-1.2246467991473532e-16f,-0.10325096051522328f,-0.994655336864325f,-0.140625f,0f,0f,0f,1f], start_interpolation: 0, interpolation_duration: 1 }
$data merge entity $(bone_head) { transformation: [-1f,5.354355748556762e-17f,1.1013939022170175e-16f,1.9135106236677395e-17f,0f,0.8993563719627985f,-0.43721632655919024f,1.46875f,-1.2246467991473532e-16f,-0.43721632655919024f,-0.8993563719627985f,-0.15625f,0f,0f,0f,1f], start_interpolation: 0, interpolation_duration: 1 }