# This file was generated by Animated Java via MC-Build. It is not recommended to edit this file directly.
$data merge entity $(bone_leftleg) { transformation: [-0.9915272150382195f,-0.12989895906568877f,0.00020560205018718756f,0.11875f,-0.12206559381114739f,0.932273625513569f,0.34053763078302784f,0.75f,-0.04442716113015221f,0.3376272317296642f,-0.9402308651328561f,1.4542680739874818e-17f,0f,0f,0f,1f], start_interpolation: 0, interpolation_duration: 1 }
$data merge entity $(bone_rightleg) { transformation: [-0.9914873205160323f,0.13020326495314008f,-0.00005524021190444975f,-0.11875f,0.12238865052528142f,0.93212426553907f,0.34083041503928274f,0.75f,0.04442872357539809f,0.3379222741826759f,-0.9401247923189077f,-1.4542680739874818e-17f,0f,0f,0f,1f], start_interpolation: 0, interpolation_duration: 1 }
$data merge entity $(bone_leftarm) { transformation: [-0.9403025594058153f,-0.31991176712391833f,0.11613594633241273f,0.3125f,-0.3403390718281008f,0.8845063367392908f,-0.3190891042565182f,1.3125f,-0.0006426212415423002f,-0.33956590159156463f,-0.940582046136459f,-0.06182031249999996f,0f,0f,0f,1f], start_interpolation: 0, interpolation_duration: 1 }
$data merge entity $(bone_rightarm) { transformation: [-0.9662510276761802f,0.24224488224567567f,-0.08761488766473685f,-0.3125f,0.2576022761266735f,0.9088273549280068f,-0.3281370236180609f,1.3125f,0.00013729196185358023f,-0.33963253077457334f,-0.9405581987259352f,-0.061820312500000044f,0f,0f,0f,1f], start_interpolation: 0, interpolation_duration: 1 }
$data merge entity $(bone_body) { transformation: [-1f,1.583119895773138e-17f,1.214371070397319e-16f,1.1370080125833708e-17f,0f,0.991609230712734f,-0.12927154971338412f,1.4375f,-1.2246467991473532e-16f,-0.12927154971338412f,-0.991609230712734f,-0.09284375f,0f,0f,0f,1f], start_interpolation: 0, interpolation_duration: 1 }
$data merge entity $(bone_head) { transformation: [-1f,6.096374147695245e-17f,1.0621214644168474e-16f,1.5197101373169186e-17f,0f,0.8672879928778957f,-0.49780672696321726f,1.4375f,-1.2246467991473532e-16f,-0.49780672696321726f,-0.8672879928778957f,-0.12409375f,0f,0f,0f,1f], start_interpolation: 0, interpolation_duration: 1 }