# This file was generated by Animated Java via MC-Build. It is not recommended to edit this file directly.
$data merge entity $(bone_leftleg) { transformation: [-0.984807753012208f,-0.17105208902549096f,-0.029914418715083217f,0.11875f,-0.17364817766693033f,0.9700846026978968f,0.1696530990032839f,0.75f,-1.1886944277421296e-16f,0.17227027151682142f,-0.9850497213600543f,-0.0012524414062499841f,0f,0f,0f,1f], start_interpolation: 0, interpolation_duration: 1 }
$data merge entity $(bone_rightleg) { transformation: [-0.984807753012208f,0.1710520890254909f,0.02991441871508346f,-0.11875f,0.17364817766693033f,0.9700846026978968f,0.1696530990032839f,0.75f,-1.2233888972616657e-16f,0.17227027151682148f,-0.9850497213600543f,-0.0012524414062500132f,0f,0f,0f,1f], start_interpolation: 0, interpolation_duration: 1 }
$data merge entity $(bone_leftarm) { transformation: [-0.9659258262890683f,-0.25027894113341764f,0.06593746835385707f,0.3125f,-0.2588190451025207f,0.9340537243744552f,-0.24608198201905906f,1.375f,-1.1135290323395976e-16f,-0.25476281441243426f,-0.9670035720681985f,-0.12499999999999996f,0f,0f,0f,1f], start_interpolation: 0, interpolation_duration: 1 }
$data merge entity $(bone_rightarm) { transformation: [-0.9659258262890683f,0.25027894113341775f,-0.06593746835385682f,-0.3125f,0.2588190451025207f,0.9340537243744552f,-0.24608198201905906f,1.375f,-1.2523069104177421e-16f,-0.25476281441243415f,-0.9670035720681985f,-0.09375000000000004f,0f,0f,0f,1f], start_interpolation: 0, interpolation_duration: 1 }
$data merge entity $(bone_body) { transformation: [-1f,2.1097023660132084e-17f,1.2063379882645828e-16f,1.7221595613009655e-17f,0f,0.9850497213600543f,-0.17227027151682145f,1.484375f,-1.2246467991473532e-16f,-0.17227027151682145f,-0.9850497213600543f,-0.140625f,0f,0f,0f,1f], start_interpolation: 0, interpolation_duration: 1 }
$data merge entity $(bone_head) { transformation: [-1f,6.108390661851699e-17f,1.061430835186112e-16f,1.9135106236677395e-17f,0f,0.8667240513143231f,-0.4987879498076178f,1.46875f,-1.2246467991473532e-16f,-0.4987879498076178f,-0.8667240513143231f,-0.15625f,0f,0f,0f,1f], start_interpolation: 0, interpolation_duration: 1 }