# This file was generated by Animated Java via MC-Build. It is not recommended to edit this file directly.
$data merge entity $(bone_leftleg) { transformation: [-0.984807753012208f,-0.17276495548214577f,-0.0174917055857338f,0.11875000000000001f,-0.17364817766693036f,0.9797987510929563f,0.09920039188247835f,0.75f,-1.2060416625018976e-16f,0.10073071782696312f,-0.994913726152205f,-0.06591796874999999f,0f,0f,0f,1f], start_interpolation: 0, interpolation_duration: 1 }
$data merge entity $(bone_rightleg) { transformation: [-0.984807753012208f,0.17276495548214577f,0.017491705585734044f,-0.11874999999999998f,0.17364817766693036f,0.9797987510929563f,0.09920039188247835f,0.75f,-1.2060416625018976e-16f,0.10073071782696318f,-0.994913726152205f,-0.06591796875000001f,0f,0f,0f,1f], start_interpolation: 0, interpolation_duration: 1 }
$data merge entity $(bone_leftarm) { transformation: [-0.9659258262890683f,-0.25860253259980476f,0.01058433941007017f,0.3125f,-0.2588190451025207f,0.9651177906284585f,-0.03950129244293502f,1.375f,-1.1829179713786698e-16f,-0.04089474716158348f,-0.9991634599276488f,-0.12499999999999996f,0f,0f,0f,1f], start_interpolation: 0, interpolation_duration: 1 }
$data merge entity $(bone_rightarm) { transformation: [-0.9659258262890683f,0.25860253259980476f,-0.010584339410069924f,-0.3125f,0.2588190451025207f,0.9651177906284585f,-0.03950129244293502f,1.375f,-1.1829179713786698e-16f,-0.04089474716158341f,-0.9991634599276488f,-0.09375000000000004f,0f,0f,0f,1f], start_interpolation: 0, interpolation_duration: 1 }
$data merge entity $(bone_body) { transformation: [-1f,1.2335955116260565e-17f,1.2184179101600642e-16f,1.7221595613009655e-17f,0f,0.994913726152205f,-0.10073071782696315f,1.484375f,-1.2246467991473532e-16f,-0.10073071782696315f,-0.994913726152205f,-0.140625f,0f,0f,0f,1f], start_interpolation: 0, interpolation_duration: 1 }
$data merge entity $(bone_head) { transformation: [-1f,5.326435281944692e-17f,1.1027468678415756e-16f,1.9135106236677395e-17f,0f,0.9004611522353636f,-0.4349364474437171f,1.46875f,-1.2246467991473532e-16f,-0.4349364474437171f,-0.9004611522353636f,-0.15625f,0f,0f,0f,1f], start_interpolation: 0, interpolation_duration: 1 }