# This file was generated by Animated Java via MC-Build. It is not recommended to edit this file directly.
$data merge entity $(bone_leftleg) { transformation: [-0.99638168373213f,-0.08443495266984531f,0.009709742054589623f,0.11875f,-0.07987588672488334f,0.9693162233516549f,0.23247774488582412f,0.75f,-0.029041057884300482f,0.23086099262310578f,-0.9725532474070687f,1.4542680739874818e-17f,0f,0f,0f,1f], start_interpolation: 0, interpolation_duration: 1 }
$data merge entity $(bone_rightleg) { transformation: [-0.9942166350629997f,0.10737644698968363f,-0.0018924047869695745f,-0.11875f,0.10336010618684857f,0.9615151829139158f,0.25456873624831156f,0.75f,0.029154262347887806f,0.25290087318530685f,-0.9670528306814783f,-1.4542680739874818e-17f,0f,0f,0f,1f], start_interpolation: 0, interpolation_duration: 1 }
$data merge entity $(bone_leftarm) { transformation: [-0.9749346139655565f,-0.20779219279398015f,0.07952925943136192f,0.3125f,-0.21757450272254167f,0.9651338088751789f,-0.14552685913991428f,1.3125f,-0.0465170319009091f,-0.15918271130986283f,-0.9861526403976063f,-0.013282118055555524f,0f,0f,0f,1f], start_interpolation: 0, interpolation_duration: 1 }
$data merge entity $(bone_rightarm) { transformation: [-0.9854348087392836f,0.16585011326958218f,-0.037576291108069315f,-0.3125f,0.1697627887640864f,0.972350282397734f,-0.1603606057362192f,1.3125f,0.0099414926450599f,-0.16440397881290378f,-0.9863429923076833f,-0.0132821180555556f,0f,0f,0f,1f], start_interpolation: 0, interpolation_duration: 1 }
$data merge entity $(bone_body) { transformation: [-1f,4.80813852636684e-18f,1.2237025631471825e-16f,3.4444608641296124e-18f,0f,0.9992289727937654f,-0.03926143055870847f,1.4375f,-1.2246467991473532e-16f,-0.03926143055870847f,-0.9992289727937654f,-0.028126157407407426f,0f,0f,0f,1f], start_interpolation: 0, interpolation_duration: 1 }
$data merge entity $(bone_head) { transformation: [-1f,4.087992328273472e-17f,1.1544015635391483e-16f,7.27148211146509e-18f,0f,0.9426404121930401f,-0.33380990593530246f,1.4375f,-1.2246467991473532e-16f,-0.33380990593530246f,-0.9426404121930401f,-0.059376157407407426f,0f,0f,0f,1f], start_interpolation: 0, interpolation_duration: 1 }