# This file was generated by Animated Java via MC-Build. It is not recommended to edit this file directly.
$data merge entity $(bone_leftleg) { transformation: [-0.9965642772828076f,-0.08222805475023097f,0.009908998727838047f,0.11875f,-0.07783804011300575f,0.9707363972212827f,0.22718293646577015f,0.75f,-0.02829983666315737f,0.22563110184953905f,-0.973801686753007f,1.4542680739874818e-17f,0f,0f,0f,1f], start_interpolation: 0, interpolation_duration: 1 }
$data merge entity $(bone_rightleg) { transformation: [-0.9943330093688737f,0.10629366484917623f,-0.0018770435184648885f,-0.11875f,0.10244149480764932f,0.9627186231267716f,0.2503569308536665f,0.75f,0.028418420452473562f,0.24874587332823067f,-0.9681517876248343f,-1.4542680739874818e-17f,0f,0f,0f,1f], start_interpolation: 0, interpolation_duration: 1 }
$data merge entity $(bone_leftarm) { transformation: [-0.976151509873179f,-0.20222531821928186f,0.07895030363097542f,0.3125f,-0.2115517241220469f,0.9677359186767963f,-0.13686876825545838f,1.3125f,-0.048724714399392785f,-0.15030672764013986f,-0.9874379929052813f,-0.010944444444444413f,0f,0f,0f,1f], start_interpolation: 0, interpolation_duration: 1 }
$data merge entity $(bone_rightarm) { transformation: [-0.9861561940519248f,0.1618800121924581f,-0.035928019505562896f,-0.3125f,0.1654917417581795f,0.9744367401086232f,-0.151939208028486f,1.3125f,0.010413661357395987f,-0.15578158164253286f,-0.9877366321434496f,-0.01094444444444449f,0f,0f,0f,1f], start_interpolation: 0, interpolation_duration: 1 }
$data merge entity $(bone_body) { transformation: [-1f,4.275537996076475e-18f,1.223900224751294e-16f,3.0627509300898173e-18f,0f,0.9993903757421496f,-0.0349124171888031f,1.4375f,-1.2246467991473532e-16f,-0.0349124171888031f,-0.9993903757421496f,-0.025009259259259273f,0f,0f,0f,1f], start_interpolation: 0, interpolation_duration: 1 }
$data merge entity $(bone_head) { transformation: [-1f,3.9873593831421355e-17f,1.157915987521781e-16f,6.889772177425296e-18f,0f,0.9455101571554895f,-0.32559260236651827f,1.4375f,-1.2246467991473532e-16f,-0.32559260236651827f,-0.9455101571554895f,-0.05625925925925927f,0f,0f,0f,1f], start_interpolation: 0, interpolation_duration: 1 }