# This file was generated by Animated Java via MC-Build. It is not recommended to edit this file directly.
$data merge entity $(bone_leftleg) { transformation: [-0.9967413726341475f,-0.0800309526888108f,0.01008378357149845f,0.11875f,-0.07580882263905012f,0.9721168083611802f,0.22190523498050563f,0.75f,-0.027561902863854265f,0.22041768874886997f,-0.9750160942246696f,1.4542680739874818e-17f,0f,0f,0f,1f], start_interpolation: 0, interpolation_duration: 1 }
$data merge entity $(bone_rightleg) { transformation: [-0.9944474867115807f,0.10521770197770668f,-0.001852394005358904f,-0.11875f,0.10152679605136151f,0.963897228588035f,0.24615938414744773f,0.75f,0.0276858421682605f,0.24460451326751106f,-0.9692275925873128f,-1.4542680739874818e-17f,0f,0f,0f,1f], start_interpolation: 0, interpolation_duration: 1 }
$data merge entity $(bone_leftarm) { transformation: [-0.9773212873215853f,-0.19668165889445896f,0.07848201324254479f,0.3125f,-0.2055480925779113f,0.9702090264809341f,-0.1282358240605978f,1.3125f,-0.0509223230583768f,-0.14145942877532722f,-0.988633474562184f,-0.008617187499999988f,0f,0f,0f,1f], start_interpolation: 0, interpolation_duration: 1 }
$data merge entity $(bone_rightarm) { transformation: [-0.9868557585863136f,0.15790877117578903f,-0.03435886684371251f,-0.3125f,0.16123664689421013f,0.9764226267298991f,-0.14353256671639372f,1.3125f,0.010883723781107921f,-0.14718584848971222f,-0.9890489727819447f,-0.008617187500000064f,0f,0f,0f,1f], start_interpolation: 0, interpolation_duration: 1 }
$data merge entity $(bone_body) { transformation: [-1f,3.7452302791846135e-18f,1.2240739796586827e-16f,2.6827418943821728e-18f,0f,0.9995322573912174f,-0.030582126061099318f,1.4375f,-1.2246467991473532e-16f,-0.030582126061099318f,-0.9995322573912174f,-0.021906250000000016f,0f,0f,0f,1f], start_interpolation: 0, interpolation_duration: 1 }
$data merge entity $(bone_head) { transformation: [-1f,3.886874782537189e-17f,1.161327613944757e-16f,6.5097631417176515e-18f,0f,0.9482959615403548f,-0.31738741204757015f,1.4375f,-1.2246467991473532e-16f,-0.31738741204757015f,-0.9482959615403548f,-0.053156250000000016f,0f,0f,0f,1f], start_interpolation: 0, interpolation_duration: 1 }