# This file was generated by Animated Java via MC-Build. It is not recommended to edit this file directly.
$data merge entity $(bone_leftleg) { transformation: [-0.9969126506866178f,-0.07784876282591488f,0.010234110975363274f,0.11875f,-0.07379279479317896f,0.9734549084627293f,0.21665678993844403f,0.75f,-0.02682890861726166f,0.2152326910956924f,-0.9761941908995939f,1.4542680739874818e-17f,0f,0f,0f,1f], start_interpolation: 0, interpolation_duration: 1 }
$data merge entity $(bone_rightleg) { transformation: [-0.9945598336700152f,0.10415099438413453f,-0.001818686082773681f,-0.11875f,0.10061806223704944f,0.9650486756047093f,0.24198565921404872f,0.75f,0.026958167629364937f,0.24048622430898706f,-0.9702781215278816f,-1.4542680739874818e-17f,0f,0f,0f,1f], start_interpolation: 0, interpolation_duration: 1 }
$data merge entity $(bone_leftarm) { transformation: [-0.9784419728834837f,-0.1911753931105329f,0.0781234585058134f,0.3125f,-0.19957748314293286f,0.9725496708435276f,-0.11964934585896639f,1.3125f,-0.05310493312498079f,-0.13266162523947694f,-0.9897377224631847f,-0.0063055555555554844f,0f,0f,0f,1f], start_interpolation: 0, interpolation_duration: 1 }
$data merge entity $(bone_rightarm) { transformation: [-0.9875322349601153f,0.1539466109853689f,-0.03287135349812912f,-0.3125f,0.15700715958747524f,0.9783047896777525f,-0.13516097932407f,1.3125f,0.011350627866006161f,-0.13863686183583387f,-0.9902782355415872f,-0.006305555555555561f,0f,0f,0f,1f], start_interpolation: 0, interpolation_duration: 1 }
$data merge entity $(bone_body) { transformation: [-1f,3.2184133826135508e-18f,1.224223821117576e-16f,2.3052842061727443e-18f,0f,0.9996546122277283f,-0.026280339644494524f,1.4375f,-1.2246467991473532e-16f,-0.026280339644494524f,-0.9996546122277283f,-0.018824074074074035f,0f,0f,0f,1f], start_interpolation: 0, interpolation_duration: 1 }
$data merge entity $(bone_head) { transformation: [-1f,3.7867758933030974e-17f,1.1646300124935999e-16f,6.1323054535082234e-18f,0f,0.9509925745973947f,-0.3092137174522155f,1.4375f,-1.2246467991473532e-16f,-0.3092137174522155f,-0.9509925745973947f,-0.050074074074074035f,0f,0f,0f,1f], start_interpolation: 0, interpolation_duration: 1 }