# This file was generated by Animated Java via MC-Build. It is not recommended to edit this file directly.
$data merge entity $(bone_leftleg) { transformation: [-0.984807753012208f,-0.17290472911286123f,-0.016051300802547717f,0.11875000000000001f,-0.17364817766693033f,0.980591446743695f,0.0910314504227047f,0.75f,-1.2060416625018976e-16f,0.09243575727777219f,-0.9957186504110912f,-0.07337890625f,0f,0f,0f,1f], start_interpolation: 0, interpolation_duration: 1 }
$data merge entity $(bone_rightleg) { transformation: [-0.984807753012208f,0.17290472911286123f,0.01605130080254796f,-0.11874999999999998f,0.17364817766693033f,0.980591446743695f,0.0910314504227047f,0.75f,-1.2060416625018976e-16f,0.09243575727777224f,-0.9957186504110912f,-0.07337890625000003f,0f,0f,0f,1f], start_interpolation: 0, interpolation_duration: 1 }
$data merge entity $(bone_leftarm) { transformation: [-0.9659258262890683f,-0.25878631202053537f,0.004116165520330245f,0.3125f,-0.25881904510252074f,0.9658036647640107f,-0.015361738854235207f,1.375f,-1.1872547800686119e-16f,-0.01590364232546982f,-0.9998735290829454f,-0.12499999999999996f,0f,0f,0f,1f], start_interpolation: 0, interpolation_duration: 1 }
$data merge entity $(bone_rightarm) { transformation: [-0.9659258262890683f,0.25878631202053537f,-0.00411616552033f,-0.3125f,0.25881904510252074f,0.9658036647640107f,-0.015361738854235207f,1.375f,-1.1785811626887278e-16f,-0.015903642325469758f,-0.9998735290829454f,-0.09375000000000004f,0f,0f,0f,1f], start_interpolation: 0, interpolation_duration: 1 }
$data merge entity $(bone_body) { transformation: [-1f,1.132011542769854e-17f,1.2194036580772651e-16f,1.7221595613009655e-17f,0f,0.9957186504110912f,-0.09243575727777222f,1.484375f,-1.2246467991473532e-16f,-0.09243575727777222f,-0.9957186504110912f,-0.140625f,0f,0f,0f,1f], start_interpolation: 0, interpolation_duration: 1 }
$data merge entity $(bone_head) { transformation: [-1f,5.234349032459614e-17f,1.1071475442441034e-16f,1.9135106236677395e-17f,0f,0.9040545772176456f,-0.42741703453632274f,1.46875f,-1.2246467991473532e-16f,-0.42741703453632274f,-0.9040545772176456f,-0.15625f,0f,0f,0f,1f], start_interpolation: 0, interpolation_duration: 1 }