# This file was generated by Animated Java via MC-Build. It is not recommended to edit this file directly.
$data merge entity $(bone_leftleg) { transformation: [-0.9972366833637126f,-0.07354953274617353f,0.01046248472218724f,0.11875f,-0.06981856656188991f,0.9759954541607534f,0.20629648862932096f,0.75f,-0.02538434787394394f,0.2049959504243051f,-0.9784335926329648f,1.4542680739874818e-17f,0f,0f,0f,1f], start_interpolation: 0, interpolation_duration: 1 }
$data merge entity $(bone_rightleg) { transformation: [-0.9947772629915127f,0.10205498499561366f,-0.0017254195605352358f,-0.11875f,0.09882670600337523f,0.9672616546318811f,0.23374809872877708f,0.75f,0.025524090887576092f,0.23235677635124127f,-0.9722956593896848f,-1.4542680739874818e-17f,0f,0f,0f,1f], start_interpolation: 0, interpolation_duration: 1 }
$data merge entity $(bone_leftarm) { transformation: [-0.9805300199875779f,-0.18033132861107098f,0.07772703406489855f,0.3125f,-0.18779108534006364f,0.9768249497152797f,-0.1027011483895987f,1.3125f,-0.05740547160298326f,-0.11529800317051184f,-0.9916708033893766f,-0.0017499999999999426f,0f,0f,0f,1f], start_interpolation: 0, interpolation_duration: 1 }
$data merge entity $(bone_rightarm) { transformation: [-0.9888116708200239f,0.1460909763237387f,-0.03014807268946985f,-0.3125f,0.14866374229190515f,0.9817494473401507f,-0.11860486657416176f,1.3125f,0.012270752946691662f,-0.12175980159348787f,-0.9924837426064146f,-0.001750000000000019f,0f,0f,0f,1f], start_interpolation: 0, interpolation_duration: 1 }
$data merge entity $(bone_body) { transformation: [-1f,2.180044963878447e-18f,1.2244527443137216e-16f,1.5614246689128734e-18f,0f,0.999841542203216f,-0.017801418052913534f,1.4375f,-1.2246467991473532e-16f,-0.017801418052913534f,-0.999841542203216f,-0.012749999999999984f,0f,0f,0f,1f], start_interpolation: 0, interpolation_duration: 1 }
$data merge entity $(bone_head) { transformation: [-1f,3.588695918876743e-17f,1.1708853055189615e-16f,5.388445916248352e-18f,0f,0.9561004089784724f,-0.29303926008505743f,1.4375f,-1.2246467991473532e-16f,-0.29303926008505743f,-0.9561004089784724f,-0.043999999999999984f,0f,0f,0f,1f], start_interpolation: 0, interpolation_duration: 1 }