# This file was generated by Animated Java via MC-Build. It is not recommended to edit this file directly.
$data merge entity $(bone_leftleg) { transformation: [-0.9973890020256637f,-0.0714426606094608f,0.010541578785551913f,0.11875f,-0.0678695027932189f,0.9771942563530608f,0.2012091348353491f,0.75f,-0.024676086173699683f,0.1999683264810451f,-0.9794915819829787f,1.4542680739874818e-17f,0f,0f,0f,1f], start_interpolation: 0, interpolation_duration: 1 }
$data merge entity $(bone_rightleg) { transformation: [-0.994881937978893f,0.1010304485311513f,-0.001666719219420972f,-0.11875f,0.09794819527309172f,0.9683193837418304f,0.22970355267732853f,0.75f,0.024820969483609828f,0.2283646635086881f,-0.9732592151808568f,-1.4542680739874818e-17f,0f,0f,0f,1f], start_interpolation: 0, interpolation_duration: 1 }
$data merge entity $(bone_leftarm) { transformation: [-0.9814952585502327f,-0.17502135173339825f,0.0776825841538889f,0.3125f,-0.1820032777855424f,0.9787578037466601f,-0.0943820347329573f,1.3125f,-0.05951356415751465f,-0.10677400452557999f,-0.9925006033443208f,0.00048350694444448613f,0f,0f,0f,1f], start_interpolation: 0, interpolation_duration: 1 }
$data merge entity $(bone_rightarm) { transformation: [-0.9894129026662897f,0.14221842848793761f,-0.028914125196668708f,-0.3125f,0.1445692293048585f,0.9833097074966805f,-0.11046156381742915f,1.3125f,0.012721869975223898f,-0.11347218928536676f,-0.9934597205136801f,0.0004835069444444096f,0f,0f,0f,1f], start_interpolation: 0, interpolation_duration: 1 }
$data merge entity $(bone_body) { transformation: [-1f,1.670889684550158e-18f,1.2245328070035788e-16f,1.1967237181945704e-18f,0f,0.9999069183507818f,-0.013643849685586868f,1.4375f,-1.2246467991473532e-16f,-0.013643849685586868f,-0.9999069183507818f,-0.009771990740740727f,0f,0f,0f,1f], start_interpolation: 0, interpolation_duration: 1 }
$data merge entity $(bone_head) { transformation: [-1f,3.49120012675359e-17f,1.173829203679741e-16f,5.0237449655300495e-18f,0f,0.9585042842532284f,-0.2850781244995944f,1.4375f,-1.2246467991473532e-16f,-0.2850781244995944f,-0.9585042842532284f,-0.04102199074074073f,0f,0f,0f,1f], start_interpolation: 0, interpolation_duration: 1 }