# This file was generated by Animated Java via MC-Build. It is not recommended to edit this file directly.
$data merge entity $(bone_leftleg) { transformation: [-0.984807753012208f,-0.17296605171705348f,-0.015376428729044772f,0.11875000000000001f,-0.17364817766693036f,0.9809392245139817f,0.08720406070167976f,0.75f,-1.2060416625018976e-16f,0.08854932390098548f,-0.9960717932140626f,-0.07687255859375f,0f,0f,0f,1f], start_interpolation: 0, interpolation_duration: 1 }
$data merge entity $(bone_rightleg) { transformation: [-0.984807753012208f,0.17296605171705348f,0.015376428729045015f,-0.11874999999999998f,0.17364817766693036f,0.9809392245139817f,0.08720406070167976f,0.75f,-1.2060416625018976e-16f,0.08854932390098554f,-0.9960717932140626f,-0.07687255859375003f,0f,0f,0f,1f], start_interpolation: 0, interpolation_duration: 1 }
$data merge entity $(bone_leftarm) { transformation: [-0.9659258262890683f,-0.2588167656128726f,0.0010862529503127395f,0.3125f,-0.25881904510252074f,0.9659173191178859f,-0.004053951200438278f,1.375f,-1.1818337692061843e-16f,-0.004196959114358644f,-0.9999911927283122f,-0.12499999999999996f,0f,0f,0f,1f], start_interpolation: 0, interpolation_duration: 1 }
$data merge entity $(bone_rightarm) { transformation: [-0.9659258262890683f,0.2588167656128726f,-0.0010862529503124945f,-0.3125f,0.25881904510252074f,0.9659173191178859f,-0.004053951200438278f,1.375f,-1.1840021735511553e-16f,-0.00419695911435858f,-0.9999911927283122f,-0.09375000000000004f,0f,0f,0f,1f], start_interpolation: 0, interpolation_duration: 1 }
$data merge entity $(bone_body) { transformation: [-1f,1.0844164608200412e-17f,1.219836133280566e-16f,1.7221595613009655e-17f,0f,0.9960717932140626f,-0.08854932390098551f,1.484375f,-1.2246467991473532e-16f,-0.08854932390098551f,-0.9960717932140626f,-0.140625f,0f,0f,0f,1f], start_interpolation: 0, interpolation_duration: 1 }
$data merge entity $(bone_head) { transformation: [-1f,5.1911034374758504e-17f,1.1091817856763252e-16f,1.9135106236677395e-17f,0f,0.9057156614042358f,-0.42388576372306686f,1.46875f,-1.2246467991473532e-16f,-0.42388576372306686f,-0.9057156614042358f,-0.15625f,0f,0f,0f,1f], start_interpolation: 0, interpolation_duration: 1 }