# This file was generated by Animated Java via MC-Build. It is not recommended to edit this file directly.
$data merge entity $(bone_leftleg) { transformation: [-0.984807753012208f,-0.17297778402052202f,-0.015243878850063938f,0.11875000000000001f,-0.17364817766693033f,0.9810057617133455f,0.08645233298282323f,0.75f,-1.2060416625018976e-16f,0.0877859995703664f,-0.996139356856977f,-0.07755859375f,0f,0f,0f,1f], start_interpolation: 0, interpolation_duration: 1 }
$data merge entity $(bone_rightleg) { transformation: [-0.984807753012208f,0.17297778402052202f,0.015243878850064181f,-0.11874999999999998f,0.17364817766693033f,0.9810057617133455f,0.08645233298282323f,0.75f,-1.2060416625018976e-16f,0.08778599957036645f,-0.996139356856977f,-0.07755859375000003f,0f,0f,0f,1f], start_interpolation: 0, interpolation_duration: 1 }
$data merge entity $(bone_leftarm) { transformation: [-0.9659258262890683f,-0.2588185788948971f,0.0004912500448388387f,0.3125f,-0.25881904510252074f,0.9659240863785302f,-0.0018333701265585783f,1.375f,-1.1829179713786698e-16f,-0.001898044421901547f,-0.999998198712064f,-0.12499999999999996f,0f,0f,0f,1f], start_interpolation: 0, interpolation_duration: 1 }
$data merge entity $(bone_rightarm) { transformation: [-0.9659258262890683f,0.2588185788948971f,-0.0004912500448385937f,-0.3125f,0.25881904510252074f,0.9659240863785302f,-0.0018333701265585783f,1.375f,-1.1829179713786698e-16f,-0.0018980444219014836f,-0.999998198712064f,-0.09375000000000004f,0f,0f,0f,1f], start_interpolation: 0, interpolation_duration: 1 }
$data merge entity $(bone_body) { transformation: [-1f,1.0750684338380016e-17f,1.2199188748795998e-16f,1.7221595613009655e-17f,0f,0.996139356856977f,-0.08778599957036642f,1.484375f,-1.2246467991473532e-16f,-0.08778599957036642f,-0.996139356856977f,-0.140625f,0f,0f,0f,1f], start_interpolation: 0, interpolation_duration: 1 }
$data merge entity $(bone_head) { transformation: [-1f,5.1826021584375265e-17f,1.1095792586991902e-16f,1.9135106236677395e-17f,0f,0.9060402227578781f,-0.423191581609151f,1.46875f,-1.2246467991473532e-16f,-0.423191581609151f,-0.9060402227578781f,-0.15625f,0f,0f,0f,1f], start_interpolation: 0, interpolation_duration: 1 }