# This file was generated by Animated Java via MC-Build. It is not recommended to edit this file directly.
$data merge entity $(bone_leftleg) { transformation: [-0.9975346291570565f,-0.06937102931687628f,0.010598298165787376f,0.11875f,-0.06595190121916544f,0.9783434441776564f,0.19620003047955492f,0.75f,-0.02397937359630738f,0.19501734673130472f,-0.9805066160489744f,1.4542680739874818e-17f,0f,0f,0f,1f], start_interpolation: 0, interpolation_duration: 1 }
$data merge entity $(bone_rightleg) { transformation: [-0.9949836671517368f,0.1000246967103664f,-0.0016006715094323072f,-0.11875f,0.09708387268803778f,0.9693423391803555f,0.22572140159109746f,0.75f,0.0241293134004008f,0.2244337085207029f,-0.9741905802842016f,-1.4542680739874818e-17f,0f,0f,0f,1f], start_interpolation: 0, interpolation_duration: 1 }
$data merge entity $(bone_leftarm) { transformation: [-0.9824071397043578f,-0.16980434640224876f,0.07773477857952353f,0.3125f,-0.17630443819921773f,0.9805545618904452f,-0.08619452550536676f,1.3125f,-0.061586986686804686f,-0.09838310372590514f,-0.9932410623670858f,0.002680555555555599f,0f,0f,0f,1f], start_interpolation: 0, interpolation_duration: 1 }
$data merge entity $(bone_rightarm) { transformation: [-0.9899875821627412f,0.13839676578981497f,-0.027765489055458684f,-0.3125f,0.14053915324307248f,0.9847617338942675f,-0.10243570599784126f,1.3125f,0.013165620733178215f,-0.10531221522917023f,-0.9943520522200551f,0.002680555555555523f,0f,0f,0f,1f], start_interpolation: 0, interpolation_duration: 1 }
$data merge entity $(bone_body) { transformation: [-1f,1.1700172967689567e-18f,1.2245909066355113e-16f,8.379759116387927e-19f,0f,0.999954360300553f,-0.009553916260456225f,1.4375f,-1.2246467991473532e-16f,-0.009553916260456225f,-0.999954360300553f,-0.0068425925925926084f,0f,0f,0f,1f], start_interpolation: 0, interpolation_duration: 1 }
$data merge entity $(bone_head) { transformation: [-1f,3.395060191664792e-17f,1.1766458454486582e-16f,4.664997158974271e-18f,0f,0.9608042467982483f,-0.27722770304291533f,1.4375f,-1.2246467991473532e-16f,-0.27722770304291533f,-0.9608042467982483f,-0.03809259259259261f,0f,0f,0f,1f], start_interpolation: 0, interpolation_duration: 1 }