# This file was generated by Animated Java via MC-Build. It is not recommended to edit this file directly.
$data merge entity $(bone_leftleg) { transformation: [-0.984807753012208f,-0.17298495659243737f,-0.01516226895152404f,0.11875000000000001f,-0.17364817766693033f,0.9810464393900489f,0.08598950024893304f,0.75f,-1.1973680451220136e-16f,0.08731602689552248f,-0.9961806620524113f,-0.07798095703124998f,0f,0f,0f,1f], start_interpolation: 0, interpolation_duration: 1 }
$data merge entity $(bone_rightleg) { transformation: [-0.984807753012208f,0.17298495659243737f,0.015162268951524283f,-0.11874999999999998f,0.17364817766693033f,0.9810464393900489f,0.08598950024893304f,0.75f,-1.2147152798817817e-16f,0.08731602689552254f,-0.9961806620524113f,-0.07798095703125f,0f,0f,0f,1f], start_interpolation: 0, interpolation_duration: 1 }
$data merge entity $(bone_leftarm) { transformation: [-0.9659258262890683f,-0.25881901495111626f,0.00012493003846000375f,0.3125f,-0.25881904510252074f,0.9659257137624949f,-0.0004662452509238109f,1.375f,-1.1829179713786698e-16f,-0.00048269260251077544f,-0.999999883503919f,-0.12499999999999996f,0f,0f,0f,1f], start_interpolation: 0, interpolation_duration: 1 }
$data merge entity $(bone_rightarm) { transformation: [-0.9659258262890683f,0.25881901495111626f,-0.00012493003845975883f,-0.3125f,0.25881904510252074f,0.9659257137624949f,-0.0004662452509238109f,1.375f,-1.1829179713786698e-16f,-0.000482692602510712f,-0.999999883503919f,-0.09375000000000004f,0f,0f,0f,1f], start_interpolation: 0, interpolation_duration: 1 }
$data merge entity $(bone_body) { transformation: [-1f,1.0693129285186585e-17f,1.2199694591549768e-16f,1.7221595613009655e-17f,0f,0.9961806620524113f,-0.08731602689552251f,1.484375f,-1.2246467991473532e-16f,-0.08731602689552251f,-0.9961806620524113f,-0.140625f,0f,0f,0f,1f], start_interpolation: 0, interpolation_duration: 1 }
$data merge entity $(bone_head) { transformation: [-1f,5.17736676097119e-17f,1.109823642244913e-16f,1.9135106236677395e-17f,0f,0.9062397770668371f,-0.4227640789634917f,1.46875f,-1.2246467991473532e-16f,-0.4227640789634917f,-0.9062397770668371f,-0.15625f,0f,0f,0f,1f], start_interpolation: 0, interpolation_duration: 1 }