# This file was generated by Animated Java via MC-Build. It is not recommended to edit this file directly.
$data merge entity $(bone_leftleg) { transformation: [-0.9976734409753371f,-0.0673396681888296f,0.010633638166164553f,0.11875f,-0.0640703359728075f,0.9794418729834894f,0.19128149281863588f,0.75f,-0.023295862739167852f,0.19015516436534824f,-0.9814776188199226f,1.4542680739874818e-17f,0f,0f,0f,1f], start_interpolation: 0, interpolation_duration: 1 }
$data merge entity $(bone_rightleg) { transformation: [-0.9950822745186269f,0.09904005500680127f,-0.0015278884403001002f,-0.11875f,0.09623579709492944f,0.9703290134606105f,0.22181135452014594f,0.75f,0.023450763235762628f,0.2205735096080399f,-0.9750884003837048f,-1.4542680739874818e-17f,0f,0f,0f,1f], start_interpolation: 0, interpolation_duration: 1 }
$data merge entity $(bone_leftarm) { transformation: [-0.983265455202931f,-0.16469376022735552f,0.07787817375071977f,0.3125f,-0.17070862524120825f,0.9822166910444949f,-0.07815968975027952f,1.3125f,-0.0636208289228432f,-0.09014619889810976f,-0.993894387221999f,0.0048359375000000225f,0f,0f,0f,1f], start_interpolation: 0, interpolation_duration: 1 }
$data merge entity $(bone_rightarm) { transformation: [-0.9905352223190173f,0.13463654790762794f,-0.026701560121688537f,-0.3125f,0.1365832618384447f,0.9861063216611553f,-0.09454805638127568f,1.3125f,0.01360095331166174f,-0.09730016622505344f,-0.9951621434327127f,0.004835937499999946f,0f,0f,0f,1f], start_interpolation: 0, interpolation_duration: 1 }
$data merge entity $(bone_body) { transformation: [-1f,6.786247993679196e-19f,1.2246279963727866e-16f,4.860316984116084e-19f,0f,0.9999846463694024f,-0.00554139201474584f,1.4375f,-1.2246467991473532e-16f,-0.00554139201474584f,-0.9999846463694024f,-0.003968750000000021f,0f,0f,0f,1f], start_interpolation: 0, interpolation_duration: 1 }
$data merge entity $(bone_head) { transformation: [-1f,3.3005227234290183e-17f,1.1793325570775805e-16f,4.313052945747087e-18f,0f,0.9629981133324953f,-0.2695081329348977f,1.4375f,-1.2246467991473532e-16f,-0.2695081329348977f,-0.9629981133324953f,-0.03521875000000002f,0f,0f,0f,1f], start_interpolation: 0, interpolation_duration: 1 }