# This file was generated by Animated Java via MC-Build. It is not recommended to edit this file directly.
$data merge entity $(bone_leftleg) { transformation: [-0.9915893156109646f,-0.1294237210501685f,0.00035999403722882726f,0.11875f,-0.12161958791610178f,0.9327414640480052f,0.3394142558595638f,0.75f,-0.04426403733615207f,0.3365157673499298f,-0.9406369295980207f,1.4542680739874818e-17f,0f,0f,0f,1f], start_interpolation: 0, interpolation_duration: 1 }
$data merge entity $(bone_rightleg) { transformation: [-0.9915193929944012f,0.12995877806766526f,-0.00009653586701789953f,-0.11875f,0.12218733661550171f,0.9324797522804855f,0.33992906077258883f,0.75f,0.044266783109057795f,0.33703446053791536f,-0.9404510749226097f,-1.4542680739874818e-17f,0f,0f,0f,1f], start_interpolation: 0, interpolation_duration: 1 }
$data merge entity $(bone_leftarm) { transformation: [-0.9407622327910619f,-0.31878703690909854f,0.11550431356747246f,0.3125f,-0.33906510587442706f,0.8856239477014427f,-0.31734063281602604f,1.3125f,-0.0011293061318910613f,-0.33770556459204126f,-0.9412511228738222f,-0.061305555555555516f,0f,0f,0f,1f], start_interpolation: 0, interpolation_duration: 1 }
$data merge entity $(bone_rightarm) { transformation: [-0.9664962847734186f,0.24151140186673392f,-0.08693200956807477f,-0.3125f,0.2566804887567031f,0.909696642658034f,-0.326446236045572f,1.3125f,0.00024126914210890292f,-0.33782282502084754f,-0.9412096900713118f,-0.0613055555555556f,0f,0f,0f,1f], start_interpolation: 0, interpolation_duration: 1 }
$data merge entity $(bone_body) { transformation: [-1f,1.5714816699659633e-17f,1.214522225515642e-16f,1.1286027399920007e-17f,0f,0.9917326582335736f,-0.1283212164568666f,1.4375f,-1.2246467991473532e-16f,-0.1283212164568666f,-0.9917326582335736f,-0.09215740740740741f,0f,0f,0f,1f], start_interpolation: 0, interpolation_duration: 1 }
$data merge entity $(bone_head) { transformation: [-1f,6.076006023198904e-17f,1.0632879622766186e-16f,1.5113048647255486e-17f,0f,0.8682405106655414f,-0.49614354338159017f,1.4375f,-1.2246467991473532e-16f,-0.49614354338159017f,-0.8682405106655414f,-0.12340740740740741f,0f,0f,0f,1f], start_interpolation: 0, interpolation_duration: 1 }