# This file was generated by Animated Java via MC-Build. It is not recommended to edit this file directly.
$data merge entity $(bone_leftleg) { transformation: [-0.984807753012208f,-0.17298739392508947f,-0.015134435901338502f,0.11875000000000001f,-0.17364817766693033f,0.9810602621904069f,0.0858316511774313f,0.75f,-1.2147152798817817e-16f,0.08715574274765814f,-0.9961946980917455f,-0.07812499999999999f,0f,0f,0f,1f], start_interpolation: 0, interpolation_duration: 1 }
$data merge entity $(bone_rightleg) { transformation: [-0.984807753012208f,0.17298739392508947f,0.015134435901338745f,-0.11874999999999998f,0.17364817766693033f,0.9810602621904069f,0.0858316511774313f,0.75f,-1.1973680451220136e-16f,0.0871557427476582f,-0.9961946980917455f,-0.07812500000000001f,0f,0f,0f,1f], start_interpolation: 0, interpolation_duration: 1 }
$data merge entity $(bone_leftarm) { transformation: [-0.9659258262890683f,-0.25881904510252074f,1.2246467991473532e-16f,0.3125f,-0.25881904510252074f,0.9659258262890683f,0f,1.375f,-1.1829179713786698e-16f,-3.169619151431765e-17f,-1f,-0.12499999999999996f,0f,0f,0f,1f], start_interpolation: 0, interpolation_duration: 1 }
$data merge entity $(bone_rightarm) { transformation: [-0.9659258262890683f,0.25881904510252074f,1.2246467991473532e-16f,-0.3125f,0.25881904510252074f,0.9659258262890683f,0f,1.375f,-1.1829179713786698e-16f,3.169619151431765e-17f,-1f,-0.09375000000000004f,0f,0f,0f,1f], start_interpolation: 0, interpolation_duration: 1 }
$data merge entity $(bone_body) { transformation: [-1f,1.0673500138322974e-17f,1.2199866483456202e-16f,1.7221595613009655e-17f,0f,0.9961946980917455f,-0.08715574274765818f,1.484375f,-1.2246467991473532e-16f,-0.08715574274765818f,-0.9961946980917455f,-0.140625f,0f,0f,0f,1f], start_interpolation: 0, interpolation_duration: 1 }
$data merge entity $(bone_head) { transformation: [-1f,5.175581015019659e-17f,1.1099069304367545e-16f,1.9135106236677395e-17f,0f,0.9063077870366499f,-0.42261826174069944f,1.46875f,-1.2246467991473532e-16f,-0.42261826174069944f,-0.9063077870366499f,-0.15625f,0f,0f,0f,1f], start_interpolation: 0, interpolation_duration: 1 }