# This file was generated by Animated Java via MC-Build. It is not recommended to edit this file directly.
$data merge entity $(bone_leftleg) { transformation: [-0.9978053484717545f,-0.06535357925423142f,0.01064876705640045f,0.11875f,-0.06222938291581471f,0.9804886479456019f,0.1864658551899581f,0.75f,-0.02262720625878271f,0.1853939614131658f,-0.9824037299442914f,1.4542680739874818e-17f,0f,0f,0f,1f], start_interpolation: 0, interpolation_duration: 1 }
$data merge entity $(bone_rightleg) { transformation: [-0.9951775943123137f,0.09807882562831469f,-0.001449048697107115f,-0.11875f,0.0954060283672851f,0.9712780446688747f,0.21798314085127843f,0.75f,0.022786959646621075f,0.21679368973191573f,-0.9759514591220637f,-1.4542680739874818e-17f,0f,0f,0f,1f], start_interpolation: 0, interpolation_duration: 1 }
$data merge entity $(bone_leftarm) { transformation: [-0.9840703126084316f,-0.15970280883790927f,0.07810654704969322f,0.3125f,-0.16522991140888194f,0.9837465143921897f,-0.07029844804140578f,1.3125f,-0.06561018380218694f,-0.08208415358946823f,-0.9944634209014145f,0.006944444444444458f,0f,0f,0f,1f], start_interpolation: 0, interpolation_duration: 1 }
$data merge entity $(bone_rightarm) { transformation: [-0.9910554754815057f,0.13094833252428298f,-0.02572117274224293f,-0.3125f,0.1327113143470147f,0.9873449751385192f,-0.0868193936456876f,1.3125f,0.014026815833051282f,-0.08945632609171261f,-0.9958919691210282f,0.006944444444444382f,0f,0f,0f,1f], start_interpolation: 0, interpolation_duration: 1 }
$data merge entity $(bone_body) { transformation: [-1f,1.9790842144147483e-19f,1.224645200001833e-16f,1.4174152767909413e-19f,0f,0.9999986941985876f,-0.001616044900286894f,1.4375f,-1.2246467991473532e-16f,-0.001616044900286894f,-0.9999986941985876f,-0.0011574074074074264f,0f,0f,0f,1f], start_interpolation: 0, interpolation_duration: 1 }
$data merge entity $(bone_head) { transformation: [-1f,3.2078355170473306e-17f,1.1818873447234954e-16f,3.968762775014573e-18f,0f,0.9650842557595964f,-0.2619396481729059f,1.4375f,-1.2246467991473532e-16f,-0.2619396481729059f,-0.9650842557595964f,-0.032407407407407426f,0f,0f,0f,1f], start_interpolation: 0, interpolation_duration: 1 }
execute on vehicle unless entity @s[tag=aj.transforms_only] at @s run function animated_java:boss_display/animations/idle/zzz/frames/zzz/2