# This file was generated by Animated Java via MC-Build. It is not recommended to edit this file directly.
$data merge entity $(bone_leftleg) { transformation: [-0.9979302954279344f,-0.06341773498488847f,0.010645015570767375f,0.11875f,-0.060433619311879995f,0.9814831096961907f,0.1817654616200834f,0.75f,-0.0219750568595895f,0.1807459439945519f,-0.9832842928703459f,1.4542680739874818e-17f,0f,0f,0f,1f], start_interpolation: 0, interpolation_duration: 1 }
$data merge entity $(bone_rightleg) { transformation: [-0.9952694704067397f,0.09714328768560702f,-0.0013648933728663479f,-0.11875f,0.09459662730283784f,0.9721882082228679f,0.21424650731187564f,0.75f,0.02213954333801624f,0.21310389355908296f,-0.9767786705138187f,-1.4542680739874818e-17f,0f,0f,0f,1f], start_interpolation: 0, interpolation_duration: 1 }
$data merge entity $(bone_leftarm) { transformation: [-0.9848221176372879f,-0.15484445658781784f,0.07841295094836931f,0.3125f,-0.15988237609852055f,0.9851471540025541f,-0.06263154775158564f,1.3125f,-0.06755014748687965f,-0.07421778240213951f,-0.9949516060340872f,0.009000868055555566f,0f,0f,0f,1f], start_interpolation: 0, interpolation_duration: 1 }
$data merge entity $(bone_rightarm) { transformation: [-0.9915481254994943f,0.1273426551107705f,-0.024822630960042415f,-0.3125f,0.1289330792910731f,0.9884798686070285f,-0.07927048898015922f,1.3125f,0.014442156451200934f,-0.0818009630014894f,-0.9965440414598182f,0.00900086805555549f,0f,0f,0f,1f], start_interpolation: 0, interpolation_duration: 1 }
$data merge entity $(bone_body) { transformation: [-1f,-2.7093652586369743e-19f,1.2246438020917564e-16f,-1.9404415139267326e-19f,0f,0.9999975527183846f,0.002212364626701625f,1.4375f,-1.2246467991473532e-16f,0.002212364626701625f,-0.9999975527183846f,0.0015844907407407127f,0f,0f,0f,1f], start_interpolation: 0, interpolation_duration: 1 }
$data merge entity $(bone_head) { transformation: [-1f,3.1172473342366334e-17f,1.1843088588851321e-16f,3.632977095942806e-18f,0f,0.9670615721281385f,-0.25454256169264333f,1.4375f,-1.2246467991473532e-16f,-0.25454256169264333f,-0.9670615721281385f,-0.029665509259259287f,0f,0f,0f,1f], start_interpolation: 0, interpolation_duration: 1 }