# This file was generated by Animated Java via MC-Build. It is not recommended to edit this file directly.
$data merge entity $(bone_leftleg) { transformation: [-0.9980482561950935f,-0.0615370765719723f,0.010623865252729908f,0.11875f,-0.058687623509142965f,0.9824248182295849f,0.1771926617369241f,0.75f,-0.021341067283105468f,0.17622333765294013f,-0.9841188414585282f,1.4542680739874818e-17f,0f,0f,0f,1f], start_interpolation: 0, interpolation_duration: 1 }
$data merge entity $(bone_rightleg) { transformation: [-0.9953577556643751f,0.09623569762836517f,-0.0012762212817239455f,-0.11875f,0.0938096555179681f,0.9730584076232565f,0.21061121500359986f,0.75f,0.021510155052398255f,0.20951378440492707f,-0.9775690703852836f,-1.4542680739874818e-17f,0f,0f,0f,1f], start_interpolation: 0, interpolation_duration: 1 }
$data merge entity $(bone_leftarm) { transformation: [-0.9855215542669901f,-0.15013140206543643f,0.07878977210934524f,0.3125f,-0.15468009913067057f,0.9864224678148834f,-0.05517954261246828f,1.3125f,-0.06943581934493323f,-0.0665678383595378f,-0.9953629437989121f,0.011000000000000076f,0f,0f,0f,1f], start_interpolation: 0, interpolation_duration: 1 }
$data merge entity $(bone_rightarm) { transformation: [-0.992013078924502f,0.12383001058011278f,-0.02400374392587371f,-0.3125f,0.12525833226807076f,0.98951380176029f,-0.07192208508739958f,1.3125f,0.014845923351255296f,-0.07435431800256605f,-0.9971213737325171f,0.011f,0f,0f,0f,1f], start_interpolation: 0, interpolation_duration: 1 }
$data merge entity $(bone_body) { transformation: [-1f,-7.267157747654629e-19f,1.2246252369929864e-16f,-5.204748896376307e-19f,0f,0.9999823931648033f,0.005934084629718795f,1.4375f,-1.2246467991473532e-16f,0.005934084629718795f,-0.9999823931648033f,0.004250000000000045f,0f,0f,0f,1f], start_interpolation: 0, interpolation_duration: 1 }
$data merge entity $(bone_head) { transformation: [-1f,3.029007690341307e-17f,1.1865963537700553e-16f,3.3065463576978483e-18f,0f,0.968929453452383f,-0.2473372479681668f,1.4375f,-1.2246467991473532e-16f,-0.2473372479681668f,-0.968929453452383f,-0.026999999999999955f,0f,0f,0f,1f], start_interpolation: 0, interpolation_duration: 1 }