# This file was generated by Animated Java via MC-Build. It is not recommended to edit this file directly.
$data merge entity $(bone_leftleg) { transformation: [-0.998159233235913f,-0.059716512784815476f,0.010586935662176737f,0.11875f,-0.05699597463409977f,0.9833135350918263f,0.1727598060334777f,0.75f,-0.020726890297465144f,0.1718383828079069f,-0.9849070850656726f,1.4542680739874818e-17f,0f,0f,0f,1f], start_interpolation: 0, interpolation_duration: 1 }
$data merge entity $(bone_rightleg) { transformation: [-0.9954423112138379f,0.09535828996085817f,-0.0011838838598478144f,-0.11875f,0.09304717533963235f,0.9738876641999542f,0.20708703648580434f,0.75f,0.020900435559299355f,0.20603304117276444f,-0.978321806839924f,-1.4542680739874818e-17f,0f,0f,0f,1f], start_interpolation: 0, interpolation_duration: 1 }
$data merge entity $(bone_leftarm) { transformation: [-0.9861695626161555f,-0.1455760687101898f,0.07922879519686445f,0.3125f,-0.14963715480810263f,0.9875769812704486f,-0.04796277687628242f,1.3125f,-0.0712623018881408f,-0.05915500218607236f,-0.9957019483992031f,0.01293663194444451f,0f,0f,0f,1f], start_interpolation: 0, interpolation_duration: 1 }
$data merge entity $(bone_rightarm) { transformation: [-0.9924503552431704f,0.12042083704225422f,-0.023261865439979695f,-0.3125f,0.1216968538440425f,0.9904501500000052f,-0.06479487733940788f,1.3125f,0.015237064749046141f,-0.067136594872022f,-0.9976274402234651f,0.012936631944444433f,0f,0f,0f,1f], start_interpolation: 0, interpolation_duration: 1 }
$data merge entity $(bone_body) { transformation: [-1f,-1.1682362013693704e-18f,1.2245910766781042e-16f,-8.36700237889681e-19f,0f,0.9999544991508672f,0.009539372512815466f,1.4375f,-1.2246467991473532e-16f,0.009539372512815466f,-0.9999544991508672f,0.006832175925925943f,0f,0f,0f,1f], start_interpolation: 0, interpolation_duration: 1 }
$data merge entity $(bone_head) { transformation: [-1f,2.943366648383342e-17f,1.1887496415956153e-16f,2.9903210094457977e-18f,0f,0.9706877463961602f,-0.24034412619480397f,1.4375f,-1.2246467991473532e-16f,-0.24034412619480397f,-0.9706877463961602f,-0.024417824074074057f,0f,0f,0f,1f], start_interpolation: 0, interpolation_duration: 1 }