# This file was generated by Animated Java via MC-Build. It is not recommended to edit this file directly.
$data merge entity $(bone_leftleg) { transformation: [-0.9982632544291343f,-0.057960919445756966f,0.01053597046104265f,0.11875f,-0.05536325229912348f,0.9841492038662146f,0.16847924152357588f,0.75f,-0.02013417868742329f,0.16760333035622618f,-0.9856488921020936f,1.4542680739874818e-17f,0f,0f,0f,1f], start_interpolation: 0, interpolation_duration: 1 }
$data merge entity $(bone_rightleg) { transformation: [-0.9955230056577746f,0.09451327824682237f,-0.0010887796605008255f,-0.11875f,0.09231124969519622f,0.974675105855234f,0.20368375292545945f,0.75f,0.020312025645452644f,0.2026713553049054f,-0.9790361297485661f,-1.4542680739874818e-17f,0f,0f,0f,1f], start_interpolation: 0, interpolation_duration: 1 }
$data merge entity $(bone_leftarm) { transformation: [-0.9867673146097529f,-0.1411906007753128f,0.07972127112987674f,0.3125f,-0.14476760656512927f,0.9886158138491974f,-0.04100137432688053f,1.3125f,-0.07302470066532989f,-0.05199987365364715f,-0.9959735971564425f,0.014805555555555624f,0f,0f,0f,1f], start_interpolation: 0, interpolation_duration: 1 }
$data merge entity $(bone_rightarm) { transformation: [-0.9928600761445363f,0.11712550185495108f,-0.02259393753845306f,-0.3125f,0.11825842754665448f,0.9912928096364326f,-0.05790949729793899f,1.3125f,0.015614528890054165f,-0.06016795142210831f,-0.998066132132139f,0.014805555555555548f,0f,0f,0f,1f], start_interpolation: 0, interpolation_duration: 1 }
$data merge entity $(bone_body) { transformation: [-1f,-1.5943058995124728e-18f,1.2245430174280263e-16f,-1.1418697469827663e-18f,0f,0.9999152557950594f,0.013018495623574818f,1.4375f,-1.2246467991473532e-16f,0.013018495623574818f,-0.9999152557950594f,0.009324074074074096f,0f,0f,0f,1f], start_interpolation: 0, interpolation_duration: 1 }
$data merge entity $(bone_head) { transformation: [-1f,2.860574621766096e-17f,1.190769041835962e-16f,2.6851515003527125e-18f,0f,0.9723367118299103f,-0.23358364417869212f,1.4375f,-1.2246467991473532e-16f,-0.23358364417869212f,-0.9723367118299103f,-0.021925925925925904f,0f,0f,0f,1f], start_interpolation: 0, interpolation_duration: 1 }