# This file was generated by Animated Java via MC-Build. It is not recommended to edit this file directly.
$data merge entity $(bone_leftleg) { transformation: [-0.984807753012208f,-0.1729498971482363f,-0.015557078243046914f,0.11875000000000001f,-0.17364817766693033f,0.9808476074015454f,0.0882285750061629f,0.75f,-1.1973680451220136e-16f,0.08958964299001528f,-0.9959787627599905f,-0.07593749999999998f,0f,0f,0f,1f], start_interpolation: 0, interpolation_duration: 1 }
$data merge entity $(bone_rightleg) { transformation: [-0.984807753012208f,0.1729498971482363f,0.015557078243047157f,-0.11874999999999998f,0.17364817766693033f,0.9808476074015454f,0.0882285750061629f,0.75f,-1.2147152798817817e-16f,0.08958964299001533f,-0.9959787627599905f,-0.0759375f,0f,0f,0f,1f], start_interpolation: 0, interpolation_duration: 1 }
$data merge entity $(bone_leftarm) { transformation: [-0.9659258262890683f,-0.25881209137600625f,0.0018972257004512872f,0.3125f,-0.25881904510252074f,0.9658998746284143f,-0.007080542707509199f,1.375f,-1.1840021735511553e-16f,-0.0073303172094606244f,-0.9999731328638829f,-0.12499999999999996f,0f,0f,0f,1f], start_interpolation: 0, interpolation_duration: 1 }
$data merge entity $(bone_rightarm) { transformation: [-0.9659258262890683f,0.25881209137600625f,-0.0018972257004510422f,-0.3125f,0.25881904510252074f,0.9658998746284143f,-0.007080542707509199f,1.375f,-1.1818337692061843e-16f,-0.00733031720946056f,-0.9999731328638829f,-0.09375000000000004f,0f,0f,0f,1f], start_interpolation: 0, interpolation_duration: 1 }
$data merge entity $(bone_body) { transformation: [-1f,1.0971566952447636e-17f,1.2197222038327634e-16f,1.7221595613009655e-17f,0f,0.9959787627599905f,-0.0895896429900153f,1.484375f,-1.2246467991473532e-16f,-0.0895896429900153f,-0.9959787627599905f,-0.140625f,0f,0f,0f,1f], start_interpolation: 0, interpolation_duration: 1 }
$data merge entity $(bone_head) { transformation: [-1f,5.202685680091181e-17f,1.1086389853345404e-16f,1.9135106236677395e-17f,0f,0.9052724312891015f,-0.42483152560505555f,1.46875f,-1.2246467991473532e-16f,-0.42483152560505555f,-0.9052724312891015f,-0.15625f,0f,0f,0f,1f], start_interpolation: 0, interpolation_duration: 1 }