# This file was generated by Animated Java via MC-Build. It is not recommended to edit this file directly.
$data merge entity $(bone_leftleg) { transformation: [-0.984807753012208f,-0.1729294278558402f,-0.01578298414424732f,0.11875000000000001f,-0.17364817766693036f,0.9807315202757189f,0.0895097510365851f,0.75f,-1.2060416625018976e-16f,0.09089058322581611f,-0.9958608848031291f,-0.07476806640624999f,0f,0f,0f,1f], start_interpolation: 0, interpolation_duration: 1 }
$data merge entity $(bone_rightleg) { transformation: [-0.984807753012208f,0.1729294278558402f,0.01578298414424756f,-0.11874999999999998f,0.17364817766693036f,0.9807315202757189f,0.0895097510365851f,0.75f,-1.2060416625018976e-16f,0.09089058322581617f,-0.9958608848031291f,-0.07476806640625001f,0f,0f,0f,1f], start_interpolation: 0, interpolation_duration: 1 }
$data merge entity $(bone_leftarm) { transformation: [-0.9659258262890683f,-0.25880266923379985f,0.002911443841300153f,0.3125f,-0.2588190451025207f,0.9658647107149839f,-0.010865656339115216f,1.375f,-1.1829179713786698e-16f,-0.011248955192407838f,-0.9999367285018984f,-0.12499999999999996f,0f,0f,0f,1f], start_interpolation: 0, interpolation_duration: 1 }
$data merge entity $(bone_rightarm) { transformation: [-0.9659258262890683f,0.25880266923379985f,-0.0029114438412999083f,-0.3125f,0.2588190451025207f,0.9658647107149839f,-0.010865656339115216f,1.375f,-1.1829179713786698e-16f,-0.011248955192407775f,-0.9999367285018984f,-0.09375000000000004f,0f,0f,0f,1f], start_interpolation: 0, interpolation_duration: 1 }
$data merge entity $(bone_body) { transformation: [-1f,1.1130886182013185e-17f,1.219577844970203e-16f,1.7221595613009655e-17f,0f,0.9958608848031291f,-0.09089058322581614f,1.484375f,-1.2246467991473532e-16f,-0.09089058322581614f,-0.9958608848031291f,-0.140625f,0f,0f,0f,1f], start_interpolation: 0, interpolation_duration: 1 }
$data merge entity $(bone_head) { transformation: [-1f,5.217163054139752e-17f,1.1079584285193418e-16f,1.9135106236677395e-17f,0f,0.9047167144769787f,-0.4260136929090203f,1.46875f,-1.2246467991473532e-16f,-0.4260136929090203f,-0.9047167144769787f,-0.15625f,0f,0f,0f,1f], start_interpolation: 0, interpolation_duration: 1 }