# This file was generated by Animated Java via MC-Build. It is not recommended to edit this file directly.
$data merge entity $(bone_leftleg) { transformation: [-0.9984506500354555f,-0.0546639840332179f,0.010399437167100555f,0.11875f,-0.05229290648195297f,0.9856619527493597f,0.16042433367163642f,0.75f,-0.019019762759984554f,0.15963196344070604f,-0.9869933560427947f,1.4542680739874818e-17f,0f,0f,0f,1f], start_interpolation: 0, interpolation_duration: 1 }
$data merge entity $(bone_rightleg) { transformation: [-0.9956723177688509f,0.09292920034495802f,-0.0008940649030987048f,-0.11875f,0.09092731604640653f,0.9761215143277f,0.19727902185279295f,0.75f,0.0192056977327355f,0.1963439660133321f,-0.9803469733644075f,-1.4542680739874818e-17f,0f,0f,0f,1f], start_interpolation: 0, interpolation_duration: 1 }
$data merge entity $(bone_leftarm) { transformation: [-0.9878177348596774f,-0.13297645676398798f,0.08082935508335733f,0.3125f,-0.1356048701164362f,0.9903694099950592f,-0.027924020963012903f,1.3125f,-0.07633768333792094f,-0.03854469733353152f,-0.996336722403659f,0.018319444444444468f,0f,0f,0f,1f], start_interpolation: 0, interpolation_duration: 1 }
$data merge entity $(bone_rightarm) { transformation: [-0.993597778317934f,0.11091739578788022f,-0.0214659319224768f,-0.3125f,0.1117898690011551f,0.9927148891414679f,-0.04494634652057693f,1.3125f,0.016324218522497807f,-0.04705826376395464f,-0.998758749499173f,0.01831944444444439f,0f,0f,0f,1f], start_interpolation: 0, interpolation_duration: 1 }
$data merge entity $(bone_body) { transformation: [-1f,-2.39533181959349e-18f,1.2244125208479622e-16f,-1.7156394510277277e-18f,0f,0.9998086972508694f,0.019559368638053135f,1.4375f,-1.2246467991473532e-16f,0.019559368638053135f,-0.9998086972508694f,0.014009259259259263f,0f,0f,0f,1f], start_interpolation: 0, interpolation_duration: 1 }
$data merge entity $(bone_head) { transformation: [-1f,2.7045399065087355e-17f,1.1944096540144318e-16f,2.1113817963077512e-18f,0f,0.9753094972738477f,-0.22084244276731393f,1.4375f,-1.2246467991473532e-16f,-0.22084244276731393f,-0.9753094972738477f,-0.017240740740740737f,0f,0f,0f,1f], start_interpolation: 0, interpolation_duration: 1 }