# This file was generated by Animated Java via MC-Build. It is not recommended to edit this file directly.
$data merge entity $(bone_leftleg) { transformation: [-0.998534179707905f,-0.05313223324656027f,0.010317836269992397f,0.11875f,-0.050864442243349246f,0.9863396309573284f,0.15667463393362144f,0.75f,-0.018501364012803057f,0.15592016608891365f,-0.9875963757206034f,1.4542680739874818e-17f,0f,0f,0f,1f], start_interpolation: 0, interpolation_duration: 1 }
$data merge entity $(bone_rightleg) { transformation: [-0.9957407019058869f,0.09219446981336267f,-0.0007964319208766438f,-0.11875f,0.09028343588396505f,0.9767791545029212f,0.1942971552379096f,0.75f,0.01869106131169673f,0.19339768112464875f,-0.9809423944160284f,-1.4542680739874818e-17f,0f,0f,0f,1f], start_interpolation: 0, interpolation_duration: 1 }
$data merge entity $(bone_leftarm) { transformation: [-0.9882736562567584f,-0.12917071475221015f,0.0814254677561121f,0.3125f,-0.1313397154240566f,0.9910966549998675f,-0.021847187471189248f,1.3125f,-0.07787849190390324f,-0.032285397604437494f,-0.9964399598572395f,0.019953993055555574f,0f,0f,0f,1f], start_interpolation: 0, interpolation_duration: 1 }
$data merge entity $(bone_rightarm) { transformation: [-0.9939264038936737f,0.10802491529366837f,-0.020998126554183462f,-0.3125f,0.10877930217151663f,0.9933041434573421f,-0.03890940772555898f,1.3125f,0.016654340637431757f,-0.04095724925177084f,-0.9990220901820243f,0.019953993055555497f,0f,0f,0f,1f], start_interpolation: 0, interpolation_duration: 1 }
$data merge entity $(bone_body) { transformation: [-1f,-2.7679105828388402e-18f,1.224333961696072e-16f,-1.982538747647454e-18f,0f,0.9997445488352241f,0.0226017051182918f,1.4375f,-1.2246467991473532e-16f,0.0226017051182918f,-0.9997445488352241f,0.01618865740740738f,0f,0f,0f,1f], start_interpolation: 0, interpolation_duration: 1 }
$data merge entity $(bone_head) { transformation: [-1f,2.631798164778212e-17f,1.1960335141042487e-16f,1.844482499688025e-18f,0f,0.9766354796639928f,-0.21490262879146643f,1.4375f,-1.2246467991473532e-16f,-0.21490262879146643f,-0.9766354796639928f,-0.01506134259259262f,0f,0f,0f,1f], start_interpolation: 0, interpolation_duration: 1 }