# This file was generated by Animated Java via MC-Build. It is not recommended to edit this file directly.
$data merge entity $(bone_leftleg) { transformation: [-0.984807753012208f,-0.17287587111632385f,-0.01635918068907993f,0.11875000000000001f,-0.1736481776669303f,0.9804277849125822f,0.09277752402582082f,0.75f,-1.2233888972616657e-16f,0.0942087668806875f,-0.9955524638324292f,-0.07178466796874998f,0f,0f,0f,1f], start_interpolation: 0, interpolation_duration: 1 }
$data merge entity $(bone_rightleg) { transformation: [-0.984807753012208f,0.17287587111632385f,0.016359180689080172f,-0.11874999999999998f,0.1736481776669303f,0.9804277849125822f,0.09277752402582082f,0.75f,-1.1886944277421296e-16f,0.09420876688068755f,-0.9955524638324292f,-0.07178466796875001f,0f,0f,0f,1f], start_interpolation: 0, interpolation_duration: 1 }
$data merge entity $(bone_leftarm) { transformation: [-0.9659258262890683f,-0.2587606291996756f,0.005498625643618802f,0.3125f,-0.25881904510252074f,0.9657078151716801f,-0.020521150273786034f,1.375f,-1.1829179713786698e-16f,-0.021245058073066564f,-0.9997742982831035f,-0.12499999999999996f,0f,0f,0f,1f], start_interpolation: 0, interpolation_duration: 1 }
$data merge entity $(bone_rightarm) { transformation: [-0.9659258262890683f,0.2587606291996756f,-0.005498625643618558f,-0.3125f,0.25881904510252074f,0.9657078151716801f,-0.020521150273786034f,1.375f,-1.1829179713786698e-16f,-0.0212450580730665f,-0.9997742982831035f,-0.09375000000000004f,0f,0f,0f,1f], start_interpolation: 0, interpolation_duration: 1 }
$data merge entity $(bone_body) { transformation: [-1f,1.1537246481205315e-17f,1.2192001382156456e-16f,1.7221595613009655e-17f,0f,0.9955524638324292f,-0.09420876688068752f,1.484375f,-1.2246467991473532e-16f,-0.09420876688068752f,-0.9955524638324292f,-0.140625f,0f,0f,0f,1f], start_interpolation: 0, interpolation_duration: 1 }
$data merge entity $(bone_head) { transformation: [-1f,5.2540565984095846e-17f,1.1062136661915476e-16f,1.9135106236677395e-17f,0f,0.9032920079174964f,-0.42902627941931204f,1.46875f,-1.2246467991473532e-16f,-0.42902627941931204f,-0.9032920079174964f,-0.15625f,0f,0f,0f,1f], start_interpolation: 0, interpolation_duration: 1 }