# This file was generated by Animated Java via MC-Build. It is not recommended to edit this file directly.
$data merge entity $(bone_leftleg) { transformation: [-0.9986110570016276f,-0.05168463905986157f,0.010230098696685381f,0.11875f,-0.049513222563360576f,0.9869654065026431f,0.15312650704062816f,0.75f,-0.018011041765628462f,0.15240729789719473f,-0.9881536408485234f,1.4542680739874818e-17f,0f,0f,0f,1f], start_interpolation: 0, interpolation_duration: 1 }
$data merge entity $(bone_rightleg) { transformation: [-0.9958047558047503f,0.09150081067226831f,-0.0006999735419405713f,-0.11875f,0.08967436570827536f,0.9773922969769634f,0.19147534030499563f,0.75f,0.01820429760963595f,0.1906092848116615f,-0.9814971747754176f,-1.4542680739874818e-17f,0f,0f,0f,1f], start_interpolation: 0, interpolation_duration: 1 }
$data merge entity $(bone_leftarm) { transformation: [-0.988685763635942f,-0.1255807374332436f,0.08203620645383974f,0.3125f,-0.12730401785931966f,0.9917330030440341f,-0.016103965664884867f,1.3125f,-0.07933566550101098f,-0.02636530028246413f,-0.996499233878545f,0.021500000000000002f,0f,0f,0f,1f], start_interpolation: 0, interpolation_duration: 1 }
$data merge entity $(bone_rightarm) { transformation: [-0.9942287344588603f,0.10528684398920012f,-0.020588930499831126f,-0.3125f,0.1059309151394668f,0.9938192342549717f,-0.03319594617685794f,1.3125f,0.016966578737274272f,-0.03518536780617191f,-0.9992367712901163f,0.021499999999999925f,0f,0f,0f,1f], start_interpolation: 0, interpolation_duration: 1 }
$data merge entity $(bone_body) { transformation: [-1f,-3.1202836436188984e-18f,1.224249225305123e-16f,-2.2349804084439147e-18f,0f,0.9996753563210985f,0.025479049516900394f,1.4375f,-1.2246467991473532e-16f,0.025479049516900394f,-0.9996753563210985f,0.01824999999999996f,0f,0f,0f,1f], start_interpolation: 0, interpolation_duration: 1 }
$data merge entity $(bone_head) { transformation: [-1f,2.5629070136929703e-17f,1.1975286464437882e-16f,1.592040838891564e-18f,0f,0.9778563478690789f,-0.2092772394030153f,1.4375f,-1.2246467991473532e-16f,-0.2092772394030153f,-0.9778563478690789f,-0.01300000000000004f,0f,0f,0f,1f], start_interpolation: 0, interpolation_duration: 1 }