# This file was generated by Animated Java via MC-Build. It is not recommended to edit this file directly.
$data merge entity $(bone_leftleg) { transformation: [-0.984807753012208f,-0.1728429157159931f,-0.016703774838039098f,0.11875000000000001f,-0.17364817766693033f,0.9802408855498278f,0.09473181455795958f,0.75f,-1.2233888972616657e-16f,0.09619320549437756f,-0.9953626812457439f,-0.06999999999999999f,0f,0f,0f,1f], start_interpolation: 0, interpolation_duration: 1 }
$data merge entity $(bone_rightleg) { transformation: [-0.984807753012208f,0.1728429157159931f,0.01670377483803934f,-0.11874999999999998f,0.17364817766693033f,0.9802408855498278f,0.09473181455795958f,0.75f,-1.1886944277421296e-16f,0.09619320549437761f,-0.9953626812457439f,-0.07000000000000002f,0f,0f,0f,1f], start_interpolation: 0, interpolation_duration: 1 }
$data merge entity $(bone_leftarm) { transformation: [-0.9659258262890683f,-0.25872311755588f,0.007046030793783938f,0.3125f,-0.2588190451025207f,0.9655678198111597f,-0.02629614491409607f,1.375f,-1.1829179713786698e-16f,-0.027223772466175442f,-0.9996293644209887f,-0.12499999999999996f,0f,0f,0f,1f], start_interpolation: 0, interpolation_duration: 1 }
$data merge entity $(bone_rightarm) { transformation: [-0.9659258262890683f,0.25872311755588f,-0.007046030793783693f,-0.3125f,0.2588190451025207f,0.9655678198111597f,-0.02629614491409607f,1.375f,-1.1829179713786698e-16f,-0.02722377246617538f,-0.9996293644209887f,-0.09375000000000004f,0f,0f,0f,1f], start_interpolation: 0, interpolation_duration: 1 }
$data merge entity $(bone_body) { transformation: [-1f,1.1780270120841309e-17f,1.2189677215783275e-16f,1.7221595613009655e-17f,0f,0.9953626812457439f,-0.09619320549437758f,1.484375f,-1.2246467991473532e-16f,-0.09619320549437758f,-0.9953626812457439f,-0.140625f,0f,0f,0f,1f], start_interpolation: 0, interpolation_duration: 1 }
$data merge entity $(bone_head) { transformation: [-1f,5.2760984387777643e-17f,1.1051640761919137e-16f,1.9135106236677395e-17f,0f,0.9024349526421593f,-0.43082613227350036f,1.46875f,-1.2246467991473532e-16f,-0.43082613227350036f,-0.9024349526421593f,-0.15625f,0f,0f,0f,1f], start_interpolation: 0, interpolation_duration: 1 }