# This file was generated by Animated Java via MC-Build. It is not recommended to edit this file directly.
$data merge entity $(bone_leftleg) { transformation: [-0.9986813881481178f,-0.050325927667339156f,0.010138341628204067f,0.11875f,-0.04824382566729751f,0.9875397816011949f,0.1497922329096129f,0.75f,-0.01755044875585334f,0.1491056027099118f,-0.9886655152218985f,1.4542680739874818e-17f,0f,0f,0f,1f], start_interpolation: 0, interpolation_duration: 1 }
$data merge entity $(bone_rightleg) { transformation: [-0.9958643711154169f,0.09085035738572907f,-0.0006057274803289292f,-0.11875f,0.08910216974096562f,0.9779603987237033f,0.18882336157273352f,0.75f,0.017747047369837964f,0.18798848659176023f,-0.9820108814155739f,-1.4542680739874818e-17f,0f,0f,0f,1f], start_interpolation: 0, interpolation_duration: 1 }
$data merge entity $(bone_leftarm) { transformation: [-0.9890559464113763f,-0.12221740789431841f,0.08265131623810043f,0.3125f,-0.12351172956571325f,0.9922852795057606f,-0.010713390493241885f,1.3125f,-0.08070432161899885f,-0.020804549593018497f,-0.9965209396637127f,0.022952256944444496f,0f,0f,0f,1f], start_interpolation: 0, interpolation_duration: 1 }
$data merge entity $(bone_rightarm) { transformation: [-0.9945052080305562f,0.10271307509771457f,-0.02023401601440914f,-0.3125f,0.10325448029799927f,0.9942656684143987f,-0.02782611922024214f,1.3125f,0.01725988118412746f,-0.02976247329171918f,-0.9994079705931255f,0.02295225694444442f,0f,0f,0f,1f], start_interpolation: 0, interpolation_duration: 1 }
$data merge entity $(bone_body) { transformation: [-1f,-3.4512652795895978e-18f,1.2241603895972323e-16f,-2.4721139842510424e-18f,0f,0.9996028164606647f,0.028181719676175228f,1.4375f,-1.2246467991473532e-16f,0.028181719676175228f,-0.9996028164606647f,0.02018634259259261f,0f,0f,0f,1f], start_interpolation: 0, interpolation_duration: 1 }
$data merge entity $(bone_head) { transformation: [-1f,2.4981160313524664e-17f,1.1988969703860526e-16f,1.3549072630844365e-18f,0f,0.9789736691597704f,-0.2039866542003582f,1.4375f,-1.2246467991473532e-16f,-0.2039866542003582f,-0.9789736691597704f,-0.01106365740740739f,0f,0f,0f,1f], start_interpolation: 0, interpolation_duration: 1 }