# This file was generated by Animated Java via MC-Build. It is not recommended to edit this file directly.
$data merge entity $(bone_leftleg) { transformation: [-0.984807753012208f,-0.17280592267795053f,-0.017082233298605243f,0.11875000000000001f,-0.1736481776669303f,0.9800310876057247f,0.09687815914484887f,0.75f,-1.1886944277421296e-16f,0.09837266090618185f,-0.9951496468301827f,-0.06803955078124997f,0f,0f,0f,1f], start_interpolation: 0, interpolation_duration: 1 }
$data merge entity $(bone_rightleg) { transformation: [-0.984807753012208f,0.17280592267795053f,0.017082233298605486f,-0.11874999999999998f,0.1736481776669303f,0.9800310876057247f,0.09687815914484887f,0.75f,-1.2233888972616657e-16f,0.09837266090618191f,-0.9951496468301827f,-0.06803955078125f,0f,0f,0f,1f], start_interpolation: 0, interpolation_duration: 1 }
$data merge entity $(bone_leftarm) { transformation: [-0.9659258262890683f,-0.2586712457324771f,0.00874555538482777f,0.3125f,-0.2588190451025207f,0.965374231530739f,-0.03263885703658437f,1.375f,-1.1829179713786698e-16f,-0.03379023124578586f,-0.9994289470854626f,-0.12499999999999996f,0f,0f,0f,1f], start_interpolation: 0, interpolation_duration: 1 }
$data merge entity $(bone_rightarm) { transformation: [-0.9659258262890683f,0.2586712457324771f,-0.008745555384827524f,-0.3125f,0.2588190451025207f,0.965374231530739f,-0.03263885703658437f,1.375f,-1.1829179713786698e-16f,-0.03379023124578579f,-0.9994289470854626f,-0.09375000000000004f,0f,0f,0f,1f], start_interpolation: 0, interpolation_duration: 1 }
$data merge entity $(bone_body) { transformation: [-1f,1.2047176430236362e-17f,1.2187068296632023e-16f,1.7221595613009655e-17f,0f,0.9951496468301827f,-0.0983726609061819f,1.484375f,-1.2246467991473532e-16f,-0.0983726609061819f,-0.9951496468301827f,-0.140625f,0f,0f,0f,1f], start_interpolation: 0, interpolation_duration: 1 }
$data merge entity $(bone_head) { transformation: [-1f,5.3002871248137006e-17f,1.1040060446425095e-16f,1.9135106236677395e-17f,0f,0.9014893481215658f,-0.43280128837996124f,1.46875f,-1.2246467991473532e-16f,-0.43280128837996124f,-0.9014893481215658f,-0.15625f,0f,0f,0f,1f], start_interpolation: 0, interpolation_duration: 1 }