# This file was generated by Animated Java via MC-Build. It is not recommended to edit this file directly.
$data merge entity $(bone_leftleg) { transformation: [-0.9987452836469167f,-0.04906080303017505f,0.01004470004899053f,0.11875f,-0.04706082886034102f,0.9880632882643778f,0.1466840712932479f,0.75f,-0.01712123768941713f,0.14602731248030043f,-0.9891323911538653f,1.4542680739874818e-17f,0f,0f,0f,1f], start_interpolation: 0, interpolation_duration: 1 }
$data merge entity $(bone_rightleg) { transformation: [-0.9959194407447525f,0.09024523584212807f,-0.0005147372709430758f,-0.11875f,0.08856891211113688f,0.9784829348241568f,0.18635099695294f,0.75f,0.01732095130496952f,0.1855449909474886f,-0.9824830995901086f,-1.4542680739874818e-17f,0f,0f,0f,1f], start_interpolation: 0, interpolation_duration: 1 }
$data merge entity $(bone_leftarm) { transformation: [-0.9893861340906409f,-0.1190914228480557f,0.08326049887672993f,0.3125f,-0.11997677388183829f,0.9927603681041715f,-0.005694317393360753f,1.3125f,-0.0819795791528756f,-0.015623204719124767f,-0.9965115473872953f,0.024305555555555605f,0f,0f,0f,1f], start_interpolation: 0, interpolation_duration: 1 }
$data merge entity $(bone_rightarm) { transformation: [-0.9947562802436831f,0.10031340125365858f,-0.019928985038720037f,-0.3125f,0.10075976350393613f,0.9946490429761279f,-0.022819977329167348f,1.3125f,0.0175331963538283f,-0.024708355582582598f,-0.9995409367254664f,0.024305555555555528f,0f,0f,0f,1f], start_interpolation: 0, interpolation_duration: 1 }
$data merge entity $(bone_body) { transformation: [-1f,-3.7596708165155206e-18f,1.2240695528428938e-16f,-2.693089025902746e-18f,0f,0.9995286426218063f,0.03070004199686922f,1.4375f,-1.2246467991473532e-16f,0.03070004199686922f,-0.9995286426218063f,0.021990740740740755f,0f,0f,0f,1f], start_interpolation: 0, interpolation_duration: 1 }
$data merge entity $(bone_head) { transformation: [-1f,2.4376741911898336e-17f,1.200140503456961e-16f,1.1339322214327326e-18f,0f,0.9799890909710012f,-0.19905120340714053f,1.4375f,-1.2246467991473532e-16f,-0.19905120340714053f,-0.9799890909710012f,-0.009259259259259245f,0f,0f,0f,1f], start_interpolation: 0, interpolation_duration: 1 }