# This file was generated by Animated Java via MC-Build. It is not recommended to edit this file directly.
$data merge entity $(bone_leftleg) { transformation: [-0.9988028539133664f,-0.04789395094519706f,0.009951305310030295f,0.11875f,-0.045968808350966006f,0.9885364571547914f,0.14381426053992483f,0.75f,-0.01672506123476196f,0.14318464421407864f,-0.9895546624557843f,1.4542680739874818e-17f,0f,0f,0f,1f], start_interpolation: 0, interpolation_duration: 1 }
$data merge entity $(bone_rightleg) { transformation: [-0.9959698575764596f,0.08968756645955643f,-0.00042804402730119606f,-0.11875f,0.0880766567344786f,0.9789593802604051f,0.18406801552317692f,0.75f,0.016927650091004543f,0.18328849451814022f,-0.9829134155355039f,-1.4542680739874818e-17f,0f,0f,0f,1f], start_interpolation: 0, interpolation_duration: 1 }
$data merge entity $(bone_leftarm) { transformation: [-0.9896782568404272f,-0.11621332687308758f,0.08385350675065555f,0.3125f,-0.11671304470579003f,0.9931651071296619f,-0.0010654462123610578f,1.3125f,-0.08315655796626985f,-0.010841247032333256f,-0.9964775231935672f,0.025554687500000044f,0f,0f,0f,1f], start_interpolation: 0, interpolation_duration: 1 }
$data merge entity $(bone_rightarm) { transformation: [-0.9949824069089355f,0.09809751843871348f,-0.019669438676987547f,-0.3125f,0.09845652291732138f,0.9949749571321713f,-0.018197466166060012f,1.3125f,0.017785472631686616f,-0.02004274322542198f,-0.9996409182337762f,0.025554687499999968f,0f,0f,0f,1f], start_interpolation: 0, interpolation_duration: 1 }
$data merge entity $(bone_body) { transformation: [-1f,-4.044316498374171e-18f,1.2239788123443786e-16f,-2.8970550842329595e-18f,0f,0.9994545473817923f,0.03302435037751278f,1.4375f,-1.2246467991473532e-16f,0.03302435037751278f,-0.9994545473817923f,0.023656250000000018f,0f,0f,0f,1f], start_interpolation: 0, interpolation_duration: 1 }
$data merge entity $(bone_head) { transformation: [-1f,2.3818297413148475e-17f,1.2012612761159571e-16f,9.299661631025193e-19f,0f,0.9809042712987305f,-0.19449115801986092f,1.4375f,-1.2246467991473532e-16f,-0.19449115801986092f,-0.9809042712987305f,-0.0075937499999999825f,0f,0f,0f,1f], start_interpolation: 0, interpolation_duration: 1 }