# This file was generated by Animated Java via MC-Build. It is not recommended to edit this file directly.
$data merge entity $(bone_leftleg) { transformation: [-0.9988994322252032f,-0.04587374526178937f,0.00977362756724582f,0.11875f,-0.0440759946028322f,0.9893336992339022f,0.13883853305164912f,0.75f,-0.016038422613769625f,0.13825494948036837f,-0.9902668013945751f,1.4542680739874818e-17f,0f,0f,0f,1f], start_interpolation: 0, interpolation_duration: 1 }
$data merge entity $(bone_rightleg) { transformation: [-0.9960562960988301f,0.08872305905979261f,-0.0002716485825242323f,-0.11875f,0.0872234065948064f,0.9797717824635922f,0.1801092213911115f,0.75f,0.01624599470260032f,0.17937522983731027f,-0.9836465801175416f,-1.4542680739874818e-17f,0f,0f,0f,1f], start_interpolation: 0, interpolation_duration: 1 }
$data merge entity $(bone_leftarm) { transformation: [-0.9901557801873524f,-0.11124245764818655f,0.08495084801205326f,0.3125f,-0.11105469438737628f,0.9937900115960931f,0.00694749640974658f,1.3125f,-0.08519616080611851f,-0.002555086735985572f,-0.9963609214113476f,0.027719618055555627f,0f,0f,0f,1f], start_interpolation: 0, interpolation_duration: 1 }
$data merge entity $(bone_rightarm) { transformation: [-0.9953615364244577f,0.09425546534047934f,-0.019269640894233386f,-0.3125f,0.0944634582044311f,0.9954762524846639f,-0.01018262260664588f,1.3125f,0.018222702071940787f,-0.011955667799808271f,-0.999762469357926f,0.02771961805555555f,0f,0f,0f,1f], start_interpolation: 0, interpolation_duration: 1 }
$data merge entity $(bone_body) { transformation: [-1f,-4.5375969056820225e-18f,1.2238058686303202e-16f,-3.2505584542646155e-18f,0f,0.9993133281223463f,0.03705229057750589f,1.4375f,-1.2246467991473532e-16f,0.03705229057750589f,-0.9993133281223463f,0.0265428240740741f,0f,0f,0f,1f], start_interpolation: 0, interpolation_duration: 1 }
$data merge entity $(bone_head) { transformation: [-1f,2.2849217131657507e-17f,1.2031421820836032e-16f,5.764627930708631e-19f,0f,0.9824401475766545f,-0.18657801700511545f,1.4375f,-1.2246467991473532e-16f,-0.18657801700511545f,-0.9824401475766545f,-0.004707175925925899f,0f,0f,0f,1f], start_interpolation: 0, interpolation_duration: 1 }