# This file was generated by Animated Java via MC-Build. It is not recommended to edit this file directly.
$data merge entity $(bone_leftleg) { transformation: [-0.984807753012208f,-0.17261900812997671f,-0.018877702171313984f,0.11875000000000001f,-0.17364817766693036f,0.9789710425279786f,0.10706076912033147f,0.75f,-1.2060416625018976e-16f,0.10871235405374013f,-0.9940732488484408f,-0.05873291015624999f,0f,0f,0f,1f], start_interpolation: 0, interpolation_duration: 1 }
$data merge entity $(bone_rightleg) { transformation: [-0.984807753012208f,0.17261900812997671f,0.018877702171314226f,-0.11874999999999998f,0.17364817766693036f,0.9789710425279786f,0.10706076912033147f,0.75f,-1.2060416625018976e-16f,0.10871235405374019f,-0.9940732488484408f,-0.05873291015625002f,0f,0f,0f,1f], start_interpolation: 0, interpolation_duration: 1 }
$data merge entity $(bone_leftarm) { transformation: [-0.9659258262890683f,-0.25827275941668615f,0.016807136908802055f,0.3125f,-0.25881904510252074f,0.963887060354086f,-0.06272508887341495f,1.375f,-1.1829179713786698e-16f,-0.06493779042475205f,-0.9978893141900814f,-0.12499999999999996f,0f,0f,0f,1f], start_interpolation: 0, interpolation_duration: 1 }
$data merge entity $(bone_rightarm) { transformation: [-0.9659258262890683f,0.25827275941668615f,-0.016807136908801812f,-0.3125f,0.25881904510252074f,0.963887060354086f,-0.06272508887341495f,1.375f,-1.1829179713786698e-16f,-0.06493779042475199f,-0.9978893141900814f,-0.09375000000000004f,0f,0f,0f,1f], start_interpolation: 0, interpolation_duration: 1 }
$data merge entity $(bone_body) { transformation: [-1f,1.3313423641968668e-17f,1.2173886223202535e-16f,1.7221595613009655e-17f,0f,0.9940732488484408f,-0.10871235405374016f,1.484375f,-1.2246467991473532e-16f,-0.10871235405374016f,-0.9940732488484408f,-0.140625f,0f,0f,0f,1f], start_interpolation: 0, interpolation_duration: 1 }
$data merge entity $(bone_head) { transformation: [-1f,5.4147669062655754e-17f,1.0984365144012506e-16f,1.9135106236677395e-17f,0f,0.8969414815488228f,-0.44214927193992154f,1.46875f,-1.2246467991473532e-16f,-0.44214927193992154f,-0.8969414815488228f,-0.15625f,0f,0f,0f,1f], start_interpolation: 0, interpolation_duration: 1 }