# This file was generated by Animated Java via MC-Build. It is not recommended to edit this file directly.
$data merge entity $(bone_leftleg) { transformation: [-0.984807753012208f,-0.17256303013933783f,-0.019382730359156667f,0.11875f,-0.1736481776669303f,0.9786535755673698f,0.10992492630043815f,0.75f,-1.2060416625018976e-16f,0.11162069547504411f,-0.9937508844482441f,-0.05611328124999997f,0f,0f,0f,1f], start_interpolation: 0, interpolation_duration: 1 }
$data merge entity $(bone_rightleg) { transformation: [-0.984807753012208f,0.17256303013933783f,0.01938273035915691f,-0.11875f,0.1736481776669303f,0.9786535755673698f,0.10992492630043815f,0.75f,-1.2060416625018976e-16f,0.11162069547504416f,-0.9937508844482441f,-0.05611328125f,0f,0f,0f,1f], start_interpolation: 0, interpolation_duration: 1 }
$data merge entity $(bone_leftarm) { transformation: [-0.9659258262890683f,-0.258115269157649f,0.019073697477288088f,0.3125f,-0.2588190451025208f,0.963299298705662f,-0.07118400807343701f,1.375f,-1.1829179713786698e-16f,-0.07369510798454841f,-0.9972808185557094f,-0.12499999999999996f,0f,0f,0f,1f], start_interpolation: 0, interpolation_duration: 1 }
$data merge entity $(bone_rightarm) { transformation: [-0.9659258262890683f,0.258115269157649f,-0.019073697477287845f,-0.3125f,0.2588190451025208f,0.963299298705662f,-0.07118400807343701f,1.375f,-1.1829179713786698e-16f,-0.07369510798454836f,-0.9972808185557094f,-0.09375000000000004f,0f,0f,0f,1f], start_interpolation: 0, interpolation_duration: 1 }
$data merge entity $(bone_body) { transformation: [-1f,1.3669592743211425e-17f,1.2169938397893934e-16f,1.7221595613009655e-17f,0f,0.9937508844482441f,-0.11162069547504413f,1.484375f,-1.2246467991473532e-16f,-0.11162069547504413f,-0.9937508844482441f,-0.140625f,0f,0f,0f,1f], start_interpolation: 0, interpolation_duration: 1 }
$data merge entity $(bone_head) { transformation: [-1f,5.446885618106681e-17f,1.0968473700996341e-16f,1.9135106236677395e-17f,0f,0.8956438467509995f,-0.44477196379388856f,1.46875f,-1.2246467991473532e-16f,-0.44477196379388856f,-0.8956438467509995f,-0.15625f,0f,0f,0f,1f], start_interpolation: 0, interpolation_duration: 1 }