# This file was generated by Animated Java via MC-Build. It is not recommended to edit this file directly.
$data merge entity $(bone_leftleg) { transformation: [-0.9989386182091861f,-0.04502971694952194f,0.009693381338208174f,0.11875f,-0.043284346869978486f,0.989658523861201f,0.1367569795838878f,0.75f,-0.01575126554792883f,0.13619225653580477f,-0.9905572002127511f,1.4542680739874818e-17f,0f,0f,0f,1f], start_interpolation: 0, interpolation_duration: 1 }
$data merge entity $(bone_rightleg) { transformation: [-0.9960920909472041f,0.08832046627032504f,-0.00020393680202393088f,-0.11875f,0.08686653747328675f,0.980106511105741f,0.17845288329285725f,0.75f,0.015960921647226792f,0.17773779037088433f,-0.983948437091216f,-1.4542680739874818e-17f,0f,0f,0f,1f], start_interpolation: 0, interpolation_duration: 1 }
$data merge entity $(bone_leftarm) { transformation: [-0.9903446600974459f,-0.10917038407716953f,0.08543583239436192f,0.3125f,-0.10868771565394411f,0.9940226356276085f,0.01029467463643802f,1.3125f,-0.08604902487769167f,0.0009094505957005754f,-0.9962904888722026f,0.028625000000000022f,0f,0f,0f,1f], start_interpolation: 0, interpolation_duration: 1 }
$data merge entity $(bone_rightarm) { transformation: [-0.9955152815258483f,0.0926482684013717f,-0.019121260699502762f,-0.3125f,0.09279310267356454f,0.9956619884334142f,-0.006829706072232422f,1.3125f,0.018405552008137947f,-0.008573397870574208f,-0.9997938450021727f,0.028624999999999946f,0f,0f,0f,1f], start_interpolation: 0, interpolation_duration: 1 }
$data merge entity $(bone_body) { transformation: [-1f,-4.743867193866954e-18f,1.2237276474226415e-16f,-3.398394867633908e-18f,0f,0.9992494556590916f,0.03873661530140624f,1.4375f,-1.2246467991473532e-16f,0.03873661530140624f,-0.9992494556590916f,0.027750000000000025f,0f,0f,0f,1f], start_interpolation: 0, interpolation_duration: 1 }
$data merge entity $(bone_head) { transformation: [-1f,2.2443500281894057e-17f,1.2039056076667803e-16f,4.286263797015706e-19f,0f,0.9830635318730154f,-0.1832650875135598f,1.4375f,-1.2246467991473532e-16f,-0.1832650875135598f,-0.9830635318730154f,-0.0034999999999999754f,0f,0f,0f,1f], start_interpolation: 0, interpolation_duration: 1 }