# This file was generated by Animated Java via MC-Build. It is not recommended to edit this file directly.
$data merge entity $(bone_leftleg) { transformation: [-0.9989718244845216f,-0.04430262349809163f,0.009621405159983118f,0.11875f,-0.0426019661535682f,0.9899344398812702f,0.13496250300289406f,0.75f,-0.01550375328481593f,0.13441384708482343f,-0.9908039923950354f,1.4542680739874818e-17f,0f,0f,0f,1f], start_interpolation: 0, interpolation_duration: 1 }
$data merge entity $(bone_rightleg) { transformation: [-0.9961227762670047f,0.08797382409910388f,-0.00014448354484986658f,-0.11875f,0.08655892162477051f,0.9803926495636416f,0.17702487330524896f,0.75f,0.015715205670675834f,0.17632600192530462f,-0.9842063672603251f,-1.4542680739874818e-17f,0f,0f,0f,1f], start_interpolation: 0, interpolation_duration: 1 }
$data merge entity $(bone_leftarm) { transformation: [-0.9905023401768647f,-0.10738769593665443f,0.08586615669500583f,0.3125f,-0.10664725018337387f,0.9942095904968526f,0.013177791636133156f,1.3125f,-0.08678408916661798f,0.003895243958615939f,-0.9962195284885874f,0.029405381944444486f,0f,0f,0f,1f], start_interpolation: 0, interpolation_duration: 1 }
$data merge entity $(bone_rightarm) { transformation: [-0.9956455240783104f,0.09126282979973947f,-0.019002270384623f,-0.3125f,0.09135315867710707f,0.9958107664403603f,-0.003939269117188414f,1.3125f,0.018563156588841053f,-0.005658033086340319f,-0.9998116802073539f,0.02940538194444441f,0f,0f,0f,1f], start_interpolation: 0, interpolation_duration: 1 }
$data merge entity $(bone_body) { transformation: [-1f,-4.921648336542507e-18f,1.2236574358973996e-16f,-3.5258205010174035e-18f,0f,0.9991921235978876f,0.04018830849816576f,1.4375f,-1.2246467991473532e-16f,0.04018830849816576f,-0.9991921235978876f,0.028790509259259217f,0f,0f,0f,1f], start_interpolation: 0, interpolation_duration: 1 }
$data merge entity $(bone_head) { transformation: [-1f,2.2093593198836643e-17f,1.204552654149369e-16f,3.0120074631807527e-19f,0f,0.9835918854220054f,-0.18040787935116528f,1.4375f,-1.2246467991473532e-16f,-0.18040787935116528f,-0.9835918854220054f,-0.002459490740740783f,0f,0f,0f,1f], start_interpolation: 0, interpolation_duration: 1 }