# This file was generated by Animated Java via MC-Build. It is not recommended to edit this file directly.
$data merge entity $(bone_leftleg) { transformation: [-0.9989990875145045f,-0.043697139445687004f,0.009559453407577145f,0.11875f,-0.042033420862581806f,0.9901614469261296f,0.1334672265080176f,0.75f,-0.015297538226019444f,0.13293182096630432f,-0.9910071222240564f,1.4542680739874818e-17f,0f,0f,0f,1f], start_interpolation: 0, interpolation_duration: 1 }
$data merge entity $(bone_rightleg) { transformation: [-0.9961482231933264f,0.08768528131254326f,-0.00009418024682945284f,-0.11875f,0.08630261998375348f,0.9806293649219598f,0.17583488401535538f,0.75f,0.015510487185081414f,0.1751494792852488f,-0.9844196689894954f,-1.4542680739874818e-17f,0f,0f,0f,1f], start_interpolation: 0, interpolation_duration: 1 }
$data merge entity $(bone_leftarm) { transformation: [-0.9906300889984974f,-0.10590483801563463f,0.0862333581377382f,0.3125f,-0.10494705203782914f,0.9943557857110666f,0.015578436747520186f,1.3125f,-0.08739647040583741f,0.006382531457775415f,-0.9961531610414094f,0.030055555555555596f,0f,0f,0f,1f], start_interpolation: 0, interpolation_duration: 1 }
$data merge entity $(bone_rightarm) { transformation: [-0.995752426017941f,0.09010848790015445f,-0.018909428540614708f,-0.3125f,0.09015333099128374f,0.9959267209304896f,-0.0015308323940894824f,1.3125f,0.018694464168863844f,-0.0032290780403195197f,-0.9998200288374146f,0.03005555555555552f,0f,0f,0f,1f], start_interpolation: 0, interpolation_duration: 1 }
$data merge entity $(bone_body) { transformation: [-1f,-5.0697584128490954e-18f,1.2235969669892912e-16f,-3.631984905249052e-18f,0f,0.9991427469873003f,0.04139771905155722f,1.4375f,-1.2246467991473532e-16f,0.04139771905155722f,-0.9991427469873003f,0.029657407407407438f,0f,0f,0f,1f], start_interpolation: 0, interpolation_duration: 1 }
$data merge entity $(bone_head) { transformation: [-1f,2.180192626373629e-17f,1.2050839737466093e-16f,1.9503634208642659e-19f,0f,0.9840257407977839f,-0.17802623808689688f,1.4375f,-1.2246467991473532e-16f,-0.17802623808689688f,-0.9840257407977839f,-0.0015925925925925621f,0f,0f,0f,1f], start_interpolation: 0, interpolation_duration: 1 }