# This file was generated by Animated Java via MC-Build. It is not recommended to edit this file directly.
$data merge entity $(bone_leftleg) { transformation: [-0.999020412619812f,-0.043217955733379956f,0.009509125678434253f,0.11875f,-0.041583277391954235f,0.9903393221081831f,0.13228324961100735f,0.75f,-0.015134272704178263f,0.13175824599823688f,-0.9911663424477163f,1.4542680739874818e-17f,0f,0f,0f,1f], start_interpolation: 0, interpolation_duration: 1 }
$data merge entity $(bone_rightleg) { transformation: [-0.996168293699749f,0.08745700501759379f,-0.00005385799032438849f,-0.11875f,0.08609969247447283f,0.9808156943668184f,0.17489258600505928f,0.75f,0.015348406533961639f,0.17421781182499227f,-0.9845875179280813f,-1.4542680739874818e-17f,0f,0f,0f,1f], start_interpolation: 0, interpolation_duration: 1 }
$data merge entity $(bone_leftarm) { transformation: [-0.990728895245155f,-0.10473238870110742f,0.0865296647588275f,0.3125f,-0.10360085060782993f,0.9944653731115466f,0.017478141647397825f,1.3125f,-0.08788128287439272f,0.008351553093439885f,-0.9960959450179879f,0.030570312500000012f,0f,0f,0f,1f], start_interpolation: 0, interpolation_duration: 1 }
$data merge entity $(bone_rightarm) { transformation: [-0.99583602496904f,0.08919454283659094f,-0.018839981476451974f,-0.3125f,0.08920331083318488f,0.9960133673072107f,0.0003761405982541655f,1.3125f,0.018798423079069967f,-0.0013060143655404856f,-0.9998224410445173f,0.030570312499999936f,0f,0f,0f,1f], start_interpolation: 0, interpolation_duration: 1 }
$data merge entity $(bone_body) { transformation: [-1f,-5.18701520495287e-18f,1.2235478208832772e-16f,-3.7160376311627505e-18f,0f,0.9991026161462708f,0.042355193420374526f,1.4375f,-1.2246467991473532e-16f,0.042355193420374526f,-0.9991026161462708f,0.030343750000000003f,0f,0f,0f,1f], start_interpolation: 0, interpolation_duration: 1 }
$data merge entity $(bone_head) { transformation: [-1f,2.1570916340765812e-17f,1.2054996223491013e-16f,1.1098361617272857e-19f,0f,0.9843651436384899f,-0.17613989891439985f,1.4375f,-1.2246467991473532e-16f,-0.17613989891439985f,-0.9843651436384899f,-0.0009062499999999973f,0f,0f,0f,1f], start_interpolation: 0, interpolation_duration: 1 }