# This file was generated by Animated Java via MC-Build. It is not recommended to edit this file directly.
$data merge entity $(bone_leftleg) { transformation: [-0.9990450784031928f,-0.04265737528269506f,0.009448791052284088f,0.11875f,-0.041056450350906756f,0.9905454153410864f,0.13089747144745773f,0.75f,-0.014943199220445949f,0.1303845408042909f,-0.9913508825417529f,1.4542680739874818e-17f,0f,0f,0f,1f], start_interpolation: 0, interpolation_duration: 1 }
$data merge entity $(bone_rightleg) { transformation: [-0.9961916968796857f,0.08719003974433868f,-0.000006111713279556525f,-0.11875f,0.08586219356709952f,0.981032543517194f,0.1737896207373466f,0.75f,0.015158719728866687f,0.1731272524173057f,-0.9847828022902391f,-1.4542680739874818e-17f,0f,0f,0f,1f], start_interpolation: 0, interpolation_duration: 1 }
$data merge entity $(bone_leftarm) { transformation: [-0.9908419089548823f,-0.1033620259987728f,0.08688269701196945f,0.3125f,-0.10202523768281814f,0.9945867222455939f,0.019700325086919965f,1.3125f,-0.08844864235481024f,0.010655679902985082f,-0.996023741760906f,0.031172743055555573f,0f,0f,0f,1f], start_interpolation: 0, interpolation_duration: 1 }
$data merge entity $(bone_rightarm) { transformation: [-0.9959326977507891f,0.08812492054541671f,-0.018763260103174598f,-0.3125f,0.08809138334045993f,0.9961089830651018f,0.002608071734637751f,1.3125f,0.01892008805475094f,0.000944582380139844f,-0.9998205529154357f,0.031172743055555497f,0f,0f,0f,1f], start_interpolation: 0, interpolation_duration: 1 }
$data merge entity $(bone_body) { transformation: [-1f,-5.3242371638955376e-18f,1.223488877155864e-16f,-3.814406251372042e-18f,0f,0.9990544849402331f,0.043475695748378056f,1.4375f,-1.2246467991473532e-16f,0.043475695748378056f,-0.9990544849402331f,0.03114699074074076f,0f,0f,0f,1f], start_interpolation: 0, interpolation_duration: 1 }
$data merge entity $(bone_head) { transformation: [-1f,2.130046014166301e-17f,1.205980440321152e-16f,1.2614995963436838e-20f,0f,0.984757761307834f,-0.17393145645334818f,1.4375f,-1.2246467991473532e-16f,-0.17393145645334818f,-0.984757761307834f,-0.0001030092592592402f,0f,0f,0f,1f], start_interpolation: 0, interpolation_duration: 1 }