# This file was generated by Animated Java via MC-Build. It is not recommended to edit this file directly.
$data merge entity $(bone_leftleg) { transformation: [-0.991760706245884f,-0.12810186715334695f,0.0007830571446396381f,0.11875f,-0.1203799173538964f,0.9340332681540828f,0.3362893538000755f,0.75f,-0.04381069554954134f,0.33342430267337975f,-0.941758385862444f,1.4542680739874818e-17f,0f,0f,0f,1f], start_interpolation: 0, interpolation_duration: 1 }
$data merge entity $(bone_rightleg) { transformation: [-0.991608173807275f,0.12927948805191247f,-0.0002088244158440943f,-0.11875f,0.12162780854742943f,0.9334627865570109f,0.3374224389414111f,0.75f,0.04381672998468828f,0.3345654496242191f,-0.9413533099167353f,-1.4542680739874818e-17f,0f,0f,0f,1f], start_interpolation: 0, interpolation_duration: 1 }
$data merge entity $(bone_leftarm) { transformation: [-0.9420294681541261f,-0.3156509896320726f,0.11377580530827941f,0.3125f,-0.33552097039346757f,0.8887009866029408f,-0.31246797409844324f,1.3125f,-0.00248184517650962f,-0.3325282080594859f,-0.9430900441046269f,-0.059874999999999956f,0f,0f,0f,1f], start_interpolation: 0, interpolation_duration: 1 }
$data merge entity $(bone_rightarm) { transformation: [-0.9671732028090687f,0.2394627104213512f,-0.08505060896729716f,-0.3125f,0.2541175212832295f,0.9120912614318704f,-0.3217356309091157f,1.3125f,0.0005302310019104565f,-0.3327869305385646f,-0.9430018969852633f,-0.05987500000000004f,0f,0f,0f,1f], start_interpolation: 0, interpolation_duration: 1 }
$data merge entity $(bone_body) { transformation: [-1f,1.5391304550178096e-17f,1.2149364415829433e-16f,1.1052437362304863e-17f,0f,0.9920708913205255f,-0.12567953928344175f,1.4375f,-1.2246467991473532e-16f,-0.12567953928344175f,-0.9920708913205255f,-0.09025f,0f,0f,0f,1f], start_interpolation: 0, interpolation_duration: 1 }
$data merge entity $(bone_head) { transformation: [-1f,6.019284210895087e-17f,1.0665092397848922e-16f,1.4879458609640342e-17f,0f,0.8708708833660754f,-0.4915118559151869f,1.4375f,-1.2246467991473532e-16f,-0.4915118559151869f,-0.8708708833660754f,-0.1215f,0f,0f,0f,1f], start_interpolation: 0, interpolation_duration: 1 }