# This file was generated by Animated Java via MC-Build. It is not recommended to edit this file directly.
$data merge entity $(bone_leftleg) { transformation: [-0.9990482188567168f,-0.04258550245556017f,0.009440941681271443f,0.11875f,-0.04098888780119821f,0.9905716830668211f,0.1307197451917117f,0.75f,-0.014918695520804598f,0.13020835490387217f,-0.9913744079999165f,1.4542680739874818e-17f,0f,0f,0f,1f], start_interpolation: 0, interpolation_duration: 1 }
$data merge entity $(bone_rightleg) { transformation: [-0.9961946914620406f,0.08715581852548163f,5.475257050181684e-8f,-0.11875f,0.08583173553730941f,0.9810602578250041f,0.17364816063232585f,0.75f,0.01513439385978374f,0.17298738050357887f,-0.9848077560158668f,-1.4542680739874818e-17f,0f,0f,0f,1f], start_interpolation: 0, interpolation_duration: 1 }
$data merge entity $(bone_leftarm) { transformation: [-0.990856197544896f,-0.103186427938153f,0.08692845837948861f,0.3125f,-0.10182316825103718f,0.9946017461844618f,0.019985216889997978f,1.3125f,-0.08852139963981083f,0.010951144971355473f,-0.9960140733090197f,0.03125000000000004f,0f,0f,0f,1f], start_interpolation: 0, interpolation_duration: 1 }
$data merge entity $(bone_rightarm) { transformation: [-0.9959450043857005f,0.08798774975613495f,-0.01875377647352005f,-0.3125f,0.08794877975581848f,0.9961207934301441f,0.0028943108960012703f,1.3125f,0.01893569060344818f,0.0012332027213521012f,-0.9998199432059848f,0.031249999999999962f,0f,0f,0f,1f], start_interpolation: 0, interpolation_duration: 1 }
$data merge entity $(bone_body) { transformation: [-1f,-5.341834311772723e-18f,1.223481206754078e-16f,-3.827021247335479e-18f,0f,0.9990482215818578f,0.043619387365336f,1.4375f,-1.2246467991473532e-16f,0.043619387365336f,-0.9990482215818578f,0.03125f,0f,0f,0f,1f], start_interpolation: 0, interpolation_duration: 1 }
$data merge entity $(bone_head) { transformation: [-1f,2.1265768495757713e-17f,1.2060416625018976e-16f,0f,0f,0.984807753012208f,-0.17364817766693033f,1.4375f,-1.2246467991473532e-16f,-0.17364817766693033f,-0.984807753012208f,0f,0f,0f,0f,1f], start_interpolation: 0, interpolation_duration: 1 }
execute on vehicle unless entity @s[tag=aj.transforms_only] at @s run function animated_java:boss_display/animations/idle/zzz/frames/zzz/3