# This file was generated by Animated Java via MC-Build. It is not recommended to edit this file directly.
$data merge entity $(bone_leftleg) { transformation: [-0.9990450784031928f,-0.04265737528269509f,0.009448791052284085f,0.11875f,-0.041056450350906784f,0.9905454153410864f,0.13089747144745773f,0.75f,-0.014943199220445952f,0.1303845408042909f,-0.9913508825417529f,1.4542680739874818e-17f,0f,0f,0f,1f], start_interpolation: 0, interpolation_duration: 1 }
$data merge entity $(bone_rightleg) { transformation: [-0.9961916968796857f,0.0871900397443387f,-0.000006111713279542647f,-0.11875f,0.08586219356709954f,0.981032543517194f,0.17378962073734663f,0.75f,0.015158719728866676f,0.17312725241730573f,-0.9847828022902391f,-1.4542680739874818e-17f,0f,0f,0f,1f], start_interpolation: 0, interpolation_duration: 1 }
$data merge entity $(bone_leftarm) { transformation: [-0.9908419089548823f,-0.1033620259987729f,0.08688269701196945f,0.3125f,-0.10202523768281824f,0.9945867222455939f,0.019700325086920007f,1.3125f,-0.08844864235481024f,0.010655679902985113f,-0.996023741760906f,0.031172743055555594f,0f,0f,0f,1f], start_interpolation: 0, interpolation_duration: 1 }
$data merge entity $(bone_rightarm) { transformation: [-0.9959326977507891f,0.08812492054541678f,-0.018763260103174598f,-0.3125f,0.08809138334046f,0.9961089830651018f,0.0026080717346377395f,1.3125f,0.01892008805475094f,0.0009445823801398314f,-0.9998205529154357f,0.031172743055555518f,0f,0f,0f,1f], start_interpolation: 0, interpolation_duration: 1 }
$data merge entity $(bone_body) { transformation: [-1f,-5.324237163895534e-18f,1.223488877155864e-16f,-3.81440625137204e-18f,0f,0.9990544849402331f,0.04347569574837802f,1.4375f,-1.2246467991473532e-16f,0.04347569574837802f,-0.9990544849402331f,0.031146990740740742f,0f,0f,0f,1f], start_interpolation: 0, interpolation_duration: 1 }
$data merge entity $(bone_head) { transformation: [-1f,2.1300460141663015e-17f,1.205980440321152e-16f,1.2614995963439081e-20f,0f,0.984757761307834f,-0.17393145645334823f,1.4375f,-1.2246467991473532e-16f,-0.17393145645334823f,-0.984757761307834f,-0.00010300925925925853f,0f,0f,0f,1f], start_interpolation: 0, interpolation_duration: 1 }