# This file was generated by Animated Java via MC-Build. It is not recommended to edit this file directly.
$data merge entity $(bone_leftleg) { transformation: [-0.999035767980363f,-0.042869786405810434f,0.009471837699540806f,0.11875f,-0.041256099948203076f,0.9904675773996006f,0.13142264773329668f,0.75f,-0.015015608976998884f,0.13090515472542133f,-0.9912811770397758f,1.4542680739874818e-17f,0f,0f,0f,1f], start_interpolation: 0, interpolation_duration: 1 }
$data merge entity $(bone_rightleg) { transformation: [-0.996182838833153f,0.08729118526506369f,-0.000024276340876191988f,-0.11875f,0.08595219785751665f,0.9809505201393595f,0.17420762532616763f,0.75f,0.015230603986142888f,0.1735405601389497f,-0.984708943134405f,-1.4542680739874818e-17f,0f,0f,0f,1f], start_interpolation: 0, interpolation_duration: 1 }
$data merge entity $(bone_leftarm) { transformation: [-0.9907994136662504f,-0.10388111479368332f,0.08674811737344047f,0.3125f,-0.1026223516143168f,0.9945416109847156f,0.01885833950999377f,1.3125f,-0.0882336377339286f,0.00978253592624368f,-0.9960517693187888f,0.03094444444444448f,0f,0f,0f,1f], start_interpolation: 0, interpolation_duration: 1 }
$data merge entity $(bone_rightarm) { transformation: [-0.9958962102166811f,0.08853026801823452f,-0.018791756721281135f,-0.3125f,0.088512774749548f,0.9960734828501626f,0.0017622340601147182f,1.3125f,0.01887398161989227f,0.00009169169216394148f,-0.9998218663394223f,0.030944444444444403f,0f,0f,0f,1f], start_interpolation: 0, interpolation_duration: 1 }
$data merge entity $(bone_body) { transformation: [-1f,-5.272235961075738e-18f,1.223511395720911e-16f,-3.777128229592438e-18f,0f,0.9990728727440167f,0.04305107370342595f,1.4375f,-1.2246467991473532e-16f,0.04305107370342595f,-0.9990728727440167f,0.03084259259259259f,0f,0f,0f,1f], start_interpolation: 0, interpolation_duration: 1 }
$data merge entity $(bone_head) { transformation: [-1f,2.1402965593649853e-17f,1.2057989422128224e-16f,4.989301774304062e-20f,0f,0.9846095568553698f,-0.1747684769890505f,1.4375f,-1.2246467991473532e-16f,-0.1747684769890505f,-0.9846095568553698f,-0.0004074074074074099f,0f,0f,0f,1f], start_interpolation: 0, interpolation_duration: 1 }