# This file was generated by Animated Java via MC-Build. It is not recommended to edit this file directly.
$data merge entity $(bone_leftleg) { transformation: [-0.984807753012208f,-0.17193357375748508f,-0.024342058705566563f,0.11875f,-0.17364817766693033f,0.9750837510327255f,0.13805067498894738f,0.75f,-1.2060416625018976e-16f,0.14018032917256695f,-0.9901259896160037f,-0.030339355468749968f,0f,0f,0f,1f], start_interpolation: 0, interpolation_duration: 1 }
$data merge entity $(bone_rightleg) { transformation: [-0.984807753012208f,0.17193357375748503f,0.024342058705566806f,-0.11875f,0.17364817766693033f,0.9750837510327255f,0.13805067498894738f,0.75f,-1.2060416625018976e-16f,0.140180329172567f,-0.9901259896160037f,-0.030339355468749996f,0f,0f,0f,1f], start_interpolation: 0, interpolation_duration: 1 }
$data merge entity $(bone_leftarm) { transformation: [-0.9659258262890683f,-0.2555078092935647f,0.04126811720667728f,0.3125f,-0.2588190451025208f,0.9535681260142028f,-0.15401471014802662f,1.375f,-1.1829179713786698e-16f,-0.15944776084901507f,-0.9872063672607847f,-0.12499999999999996f,0f,0f,0f,1f], start_interpolation: 0, interpolation_duration: 1 }
$data merge entity $(bone_rightarm) { transformation: [-0.9659258262890683f,0.2555078092935647f,-0.041268117206677044f,-0.3125f,0.2588190451025208f,0.9535681260142028f,-0.15401471014802662f,1.375f,-1.1829179713786698e-16f,-0.15944776084901502f,-0.9872063672607847f,-0.09375000000000004f,0f,0f,0f,1f], start_interpolation: 0, interpolation_duration: 1 }
$data merge entity $(bone_body) { transformation: [-1f,1.7167139142460646e-17f,1.2125546239358444e-16f,1.7221595613009655e-17f,0f,0.9901259896160037f,-0.14018032917256695f,1.484375f,-1.2246467991473532e-16f,-0.14018032917256695f,-0.9901259896160037f,-0.140625f,0f,0f,0f,1f], start_interpolation: 0, interpolation_duration: 1 }
$data merge entity $(bone_head) { transformation: [-1f,5.760364459904918e-17f,1.0807135585123844e-16f,1.9135106236677395e-17f,0f,0.882469589815463f,-0.47036945378173595f,1.46875f,-1.2246467991473532e-16f,-0.47036945378173595f,-0.882469589815463f,-0.15625f,0f,0f,0f,1f], start_interpolation: 0, interpolation_duration: 1 }