# This file was generated by Animated Java via MC-Build. It is not recommended to edit this file directly.
$data merge entity $(bone_leftleg) { transformation: [-0.999020412619812f,-0.04321795573337997f,0.009509125678434255f,0.11875f,-0.04158327739195425f,0.9903393221081831f,0.13228324961100746f,0.75f,-0.015134272704178272f,0.131758245998237f,-0.9911663424477163f,1.4542680739874818e-17f,0f,0f,0f,1f], start_interpolation: 0, interpolation_duration: 1 }
$data merge entity $(bone_rightleg) { transformation: [-0.996168293699749f,0.0874570050175938f,-0.00005385799032437461f,-0.11875f,0.08609969247447284f,0.9808156943668184f,0.17489258600505933f,0.75f,0.015348406533961632f,0.17421781182499232f,-0.9845875179280813f,-1.4542680739874818e-17f,0f,0f,0f,1f], start_interpolation: 0, interpolation_duration: 1 }
$data merge entity $(bone_leftarm) { transformation: [-0.9907288952451548f,-0.10473238870110754f,0.08652966475882748f,0.3125f,-0.10360085060783006f,0.9944653731115466f,0.01747814164739786f,1.3125f,-0.0878812828743927f,0.008351553093439911f,-0.9960959450179879f,0.030570312500000037f,0f,0f,0f,1f], start_interpolation: 0, interpolation_duration: 1 }
$data merge entity $(bone_rightarm) { transformation: [-0.99583602496904f,0.08919454283659095f,-0.018839981476451967f,-0.3125f,0.08920331083318489f,0.9960133673072107f,0.0003761405982542177f,1.3125f,0.018798423079069967f,-0.0013060143655404333f,-0.9998224410445173f,0.03057031249999996f,0f,0f,0f,1f], start_interpolation: 0, interpolation_duration: 1 }
$data merge entity $(bone_body) { transformation: [-1f,-5.1870152049528646e-18f,1.2235478208832772e-16f,-3.71603763116275e-18f,0f,0.9991026161462708f,0.042355193420374485f,1.4375f,-1.2246467991473532e-16f,0.042355193420374485f,-0.9991026161462708f,0.03034375f,0f,0f,0f,1f], start_interpolation: 0, interpolation_duration: 1 }
$data merge entity $(bone_head) { transformation: [-1f,2.1570916340765824e-17f,1.2054996223491013e-16f,1.109836161727291e-19f,0f,0.9843651436384899f,-0.17613989891439993f,1.4375f,-1.2246467991473532e-16f,-0.17613989891439993f,-0.9843651436384899f,-0.0009062500000000017f,0f,0f,0f,1f], start_interpolation: 0, interpolation_duration: 1 }