# This file was generated by Animated Java via MC-Build. It is not recommended to edit this file directly.
$data merge entity $(bone_leftleg) { transformation: [-0.984807753012208f,-0.17185550610676545f,-0.02488723825243201f,0.11875f,-0.17364817766693036f,0.974641007384499f,0.14114254184151276f,0.75f,-1.1886944277421296e-16f,0.1433198930550693f,-0.9896764159333512f,-0.027499999999999983f,0f,0f,0f,1f], start_interpolation: 0, interpolation_duration: 1 }
$data merge entity $(bone_rightleg) { transformation: [-0.984807753012208f,0.1718555061067654f,0.02488723825243225f,-0.11875f,0.17364817766693036f,0.974641007384499f,0.14114254184151276f,0.75f,-1.2233888972616657e-16f,0.14331989305506934f,-0.9896764159333512f,-0.02750000000000001f,0f,0f,0f,1f], start_interpolation: 0, interpolation_duration: 1 }
$data merge entity $(bone_leftarm) { transformation: [-0.9659258262890683f,-0.25510359292692425f,0.04369731094191912f,0.3125f,-0.2588190451025207f,0.9520595699966501f,-0.16308058458937716f,1.375f,-1.217612440898206e-16f,-0.16883344471273387f,-0.985644595148998f,-0.12499999999999996f,0f,0f,0f,1f], start_interpolation: 0, interpolation_duration: 1 }
$data merge entity $(bone_rightarm) { transformation: [-0.9659258262890683f,0.25510359292692425f,-0.043697310941918886f,-0.3125f,0.2588190451025207f,0.9520595699966501f,-0.16308058458937716f,1.375f,-1.1482235018591337e-16f,-0.16883344471273382f,-0.985644595148998f,-0.09375000000000004f,0f,0f,0f,1f], start_interpolation: 0, interpolation_duration: 1 }
$data merge entity $(bone_body) { transformation: [-1f,1.7551624828403158e-17f,1.212004054964403e-16f,1.7221595613009655e-17f,0f,0.9896764159333512f,-0.1433198930550693f,1.484375f,-1.2246467991473532e-16f,-0.1433198930550693f,-0.9896764159333512f,-0.140625f,0f,0f,0f,1f], start_interpolation: 0, interpolation_duration: 1 }
$data merge entity $(bone_head) { transformation: [-1f,5.794611239307487e-17f,1.0788811744185599e-16f,1.9135106236677395e-17f,0f,0.8809733346543012f,-0.47316591553923304f,1.46875f,-1.2246467991473532e-16f,-0.47316591553923304f,-0.8809733346543012f,-0.15625f,0f,0f,0f,1f], start_interpolation: 0, interpolation_duration: 1 }