# This file was generated by Animated Java via MC-Build. It is not recommended to edit this file directly.
$data merge entity $(bone_leftleg) { transformation: [-0.9989990875145045f,-0.043697139445687004f,0.009559453407577152f,0.11875f,-0.042033420862581806f,0.9901614469261296f,0.1334672265080176f,0.75f,-0.01529753822601945f,0.13293182096630432f,-0.9910071222240564f,1.4542680739874818e-17f,0f,0f,0f,1f], start_interpolation: 0, interpolation_duration: 1 }
$data merge entity $(bone_rightleg) { transformation: [-0.9961482231933264f,0.08768528131254326f,-0.00009418024682944417f,-0.11875f,0.08630261998375348f,0.9806293649219598f,0.1758348840153554f,0.75f,0.015510487185081408f,0.17514947928524882f,-0.9844196689894954f,-1.4542680739874818e-17f,0f,0f,0f,1f], start_interpolation: 0, interpolation_duration: 1 }
$data merge entity $(bone_leftarm) { transformation: [-0.9906300889984974f,-0.10590483801563481f,0.0862333581377382f,0.3125f,-0.10494705203782932f,0.9943557857110666f,0.01557843674752024f,1.3125f,-0.08739647040583741f,0.006382531457775452f,-0.9961531610414094f,0.030055555555555596f,0f,0f,0f,1f], start_interpolation: 0, interpolation_duration: 1 }
$data merge entity $(bone_rightarm) { transformation: [-0.995752426017941f,0.0901084879001545f,-0.01890942854061471f,-0.3125f,0.09015333099128378f,0.9959267209304896f,-0.0015308323940895184f,1.3125f,0.01869446416886384f,-0.003229078040319557f,-0.9998200288374146f,0.03005555555555552f,0f,0f,0f,1f], start_interpolation: 0, interpolation_duration: 1 }
$data merge entity $(bone_body) { transformation: [-1f,-5.0697584128490954e-18f,1.2235969669892912e-16f,-3.6319849052490485e-18f,0f,0.9991427469873003f,0.04139771905155722f,1.4375f,-1.2246467991473532e-16f,0.04139771905155722f,-0.9991427469873003f,0.029657407407407407f,0f,0f,0f,1f], start_interpolation: 0, interpolation_duration: 1 }
$data merge entity $(bone_head) { transformation: [-1f,2.180192626373629e-17f,1.2050839737466093e-16f,1.9503634208643027e-19f,0f,0.9840257407977839f,-0.17802623808689688f,1.4375f,-1.2246467991473532e-16f,-0.17802623808689688f,-0.9840257407977839f,-0.001592592592592592f,0f,0f,0f,1f], start_interpolation: 0, interpolation_duration: 1 }