# This file was generated by Animated Java via MC-Build. It is not recommended to edit this file directly.
$data merge entity $(bone_leftleg) { transformation: [-0.9989386182091861f,-0.04502971694952193f,0.00969338133820817f,0.11875f,-0.04328434686997848f,0.989658523861201f,0.1367569795838878f,0.75f,-0.015751265547928828f,0.13619225653580477f,-0.9905572002127511f,1.4542680739874818e-17f,0f,0f,0f,1f], start_interpolation: 0, interpolation_duration: 1 }
$data merge entity $(bone_rightleg) { transformation: [-0.9960920909472041f,0.08832046627032507f,-0.00020393680202391873f,-0.11875f,0.08686653747328678f,0.980106511105741f,0.17845288329285725f,0.75f,0.015960921647226782f,0.17773779037088433f,-0.983948437091216f,-1.4542680739874818e-17f,0f,0f,0f,1f], start_interpolation: 0, interpolation_duration: 1 }
$data merge entity $(bone_leftarm) { transformation: [-0.9903446600974459f,-0.10917038407716964f,0.08543583239436192f,0.3125f,-0.10868771565394422f,0.9940226356276085f,0.010294674636438069f,1.3125f,-0.0860490248776917f,0.0009094505957006127f,-0.9962904888722026f,0.028625000000000043f,0f,0f,0f,1f], start_interpolation: 0, interpolation_duration: 1 }
$data merge entity $(bone_rightarm) { transformation: [-0.9955152815258483f,0.09264826840137173f,-0.019121260699502766f,-0.3125f,0.09279310267356457f,0.9956619884334142f,-0.006829706072232417f,1.3125f,0.01840555200813795f,-0.008573397870574205f,-0.9997938450021727f,0.028624999999999966f,0f,0f,0f,1f], start_interpolation: 0, interpolation_duration: 1 }
$data merge entity $(bone_body) { transformation: [-1f,-4.743867193866958e-18f,1.2237276474226415e-16f,-3.398394867633906e-18f,0f,0.9992494556590916f,0.03873661530140628f,1.4375f,-1.2246467991473532e-16f,0.03873661530140628f,-0.9992494556590916f,0.027750000000000007f,0f,0f,0f,1f], start_interpolation: 0, interpolation_duration: 1 }
$data merge entity $(bone_head) { transformation: [-1f,2.2443500281894057e-17f,1.2039056076667803e-16f,4.286263797015726e-19f,0f,0.9830635318730154f,-0.1832650875135598f,1.4375f,-1.2246467991473532e-16f,-0.1832650875135598f,-0.9830635318730154f,-0.0034999999999999914f,0f,0f,0f,1f], start_interpolation: 0, interpolation_duration: 1 }