# This file was generated by Animated Java via MC-Build. It is not recommended to edit this file directly.
$data merge entity $(bone_leftleg) { transformation: [-0.984807753012208f,-0.1716230669108565f,-0.0264426267824792f,0.11875f,-0.17364817766693033f,0.973322779198574f,0.1499635885344113f,0.75f,-1.1886944277421296e-16f,0.1522770186117252f,-0.9883378519528251f,-0.019392089843749988f,0f,0f,0f,1f], start_interpolation: 0, interpolation_duration: 1 }
$data merge entity $(bone_rightleg) { transformation: [-0.984807753012208f,0.17162306691085644f,0.026442626782479443f,-0.11875f,0.17364817766693033f,0.973322779198574f,0.1499635885344113f,0.75f,-1.2233888972616657e-16f,0.15227701861172527f,-0.9883378519528251f,-0.019392089843750016f,0f,0f,0f,1f], start_interpolation: 0, interpolation_duration: 1 }
$data merge entity $(bone_leftarm) { transformation: [-0.9659258262890683f,-0.2538223356731638f,0.05061146136203191f,0.3125f,-0.25881904510252074f,0.9472778528280497f,-0.1888845452484118f,1.375f,-1.1482235018591337e-16f,-0.1955476705432713f,-0.980694197262888f,-0.12499999999999996f,0f,0f,0f,1f], start_interpolation: 0, interpolation_duration: 1 }
$data merge entity $(bone_rightarm) { transformation: [-0.9659258262890683f,0.2538223356731638f,-0.05061146136203167f,-0.3125f,0.25881904510252074f,0.9472778528280497f,-0.1888845452484118f,1.375f,-1.217612440898206e-16f,-0.19554767054327124f,-0.980694197262888f,-0.09375000000000004f,0f,0f,0f,1f], start_interpolation: 0, interpolation_duration: 1 }
$data merge entity $(bone_body) { transformation: [-1f,1.864855634265512e-17f,1.210364786870198e-16f,1.7221595613009655e-17f,0f,0.9883378519528251f,-0.1522770186117252f,1.484375f,-1.2246467991473532e-16f,-0.1522770186117252f,-0.9883378519528251f,-0.140625f,0f,0f,0f,1f], start_interpolation: 0, interpolation_duration: 1 }
$data merge entity $(bone_head) { transformation: [-1f,5.892082457167202e-17f,1.0735890395497165e-16f,1.9135106236677395e-17f,0f,0.8766519785926775f,-0.4811250444838054f,1.46875f,-1.2246467991473532e-16f,-0.4811250444838054f,-0.8766519785926775f,-0.15625f,0f,0f,0f,1f], start_interpolation: 0, interpolation_duration: 1 }