# This file was generated by Animated Java via MC-Build. It is not recommended to edit this file directly.
$data merge entity $(bone_leftleg) { transformation: [-0.9988994322252032f,-0.045873745261789396f,0.009773627567245823f,0.11875f,-0.04407599460283223f,0.9893336992339021f,0.1388385330516492f,0.75f,-0.016038422613769636f,0.13825494948036846f,-0.9902668013945751f,1.4542680739874818e-17f,0f,0f,0f,1f], start_interpolation: 0, interpolation_duration: 1 }
$data merge entity $(bone_rightleg) { transformation: [-0.9960562960988301f,0.08872305905979261f,-0.000271648582524234f,-0.11875f,0.0872234065948064f,0.9797717824635922f,0.18010922139111152f,0.75f,0.016245994702600325f,0.1793752298373103f,-0.9836465801175416f,-1.4542680739874818e-17f,0f,0f,0f,1f], start_interpolation: 0, interpolation_duration: 1 }
$data merge entity $(bone_leftarm) { transformation: [-0.9901557801873524f,-0.11124245764818666f,0.08495084801205327f,0.3125f,-0.11105469438737639f,0.9937900115960931f,0.006947496409746562f,1.3125f,-0.08519616080611853f,-0.002555086735985602f,-0.9963609214113476f,0.027719618055555593f,0f,0f,0f,1f], start_interpolation: 0, interpolation_duration: 1 }
$data merge entity $(bone_rightarm) { transformation: [-0.9953615364244577f,0.09425546534047943f,-0.019269640894233386f,-0.3125f,0.0944634582044312f,0.9954762524846639f,-0.010182622606645911f,1.3125f,0.01822270207194078f,-0.011955667799808303f,-0.999762469357926f,0.027719618055555516f,0f,0f,0f,1f], start_interpolation: 0, interpolation_duration: 1 }
$data merge entity $(bone_body) { transformation: [-1f,-4.537596905682023e-18f,1.2238058686303202e-16f,-3.2505584542646124e-18f,0f,0.9993133281223463f,0.0370522905775059f,1.4375f,-1.2246467991473532e-16f,0.0370522905775059f,-0.9993133281223463f,0.026542824074074073f,0f,0f,0f,1f], start_interpolation: 0, interpolation_duration: 1 }
$data merge entity $(bone_head) { transformation: [-1f,2.2849217131657507e-17f,1.2031421820836032e-16f,5.764627930708666e-19f,0f,0.9824401475766545f,-0.18657801700511545f,1.4375f,-1.2246467991473532e-16f,-0.18657801700511545f,-0.9824401475766545f,-0.004707175925925928f,0f,0f,0f,1f], start_interpolation: 0, interpolation_duration: 1 }