# This file was generated by Animated Java via MC-Build. It is not recommended to edit this file directly.
$data merge entity $(bone_leftleg) { transformation: [-0.9988542046904859f,-0.0468300436994936f,0.009860262635469333f,0.11875f,-0.04497233908719891f,0.9889597848097016f,0.141195016718632f,0.75f,-0.01636357201722516f,0.14058979705601787f,-0.9899326959316905f,1.4542680739874818e-17f,0f,0f,0f,1f], start_interpolation: 0, interpolation_duration: 1 }
$data merge entity $(bone_rightleg) { transformation: [-0.9960155131214679f,0.08917946756892557f,-0.0003466778073961216f,-0.11875f,0.08762746719013999f,0.979389190727233f,0.18198417535735545f,0.75f,0.016568784361567727f,0.1812286833003504f,-0.9833013982162342f,-1.4542680739874818e-17f,0f,0f,0f,1f], start_interpolation: 0, interpolation_duration: 1 }
$data merge entity $(bone_leftarm) { transformation: [-0.9899342039479821f,-0.11359355134841227f,0.08442024014376255f,0.3125f,-0.11373440643269996f,0.993506181647903f,0.0031546506629390875f,1.3125f,-0.08423037841109544f,-0.006478589310906247f,-0.9964252461842104f,0.026694444444444482f,0f,0f,0f,1f], start_interpolation: 0, interpolation_duration: 1 }
$data merge entity $(bone_rightarm) { transformation: [-0.9951840256216765f,0.09607503212162373f,-0.01945105010695692f,-0.3125f,0.09635450793589266f,0.9952489197530299f,-0.013978430915486525f,1.3125f,0.018015658407795662f,-0.015785307512240606f,-0.9997130889004493f,0.026694444444444406f,0f,0f,0f,1f], start_interpolation: 0, interpolation_duration: 1 }
$data merge entity $(bone_body) { transformation: [-1f,-4.3040193315672976e-18f,1.2238902419830004e-16f,-3.0831617100756052e-18f,0f,0.999382224193229f,0.03514498494230274f,1.4375f,-1.2246467991473532e-16f,0.03514498494230274f,-0.999382224193229f,0.025175925925925928f,0f,0f,0f,1f], start_interpolation: 0, interpolation_duration: 1 }
$data merge entity $(bone_head) { transformation: [-1f,2.3308300925366322e-17f,1.2022612417686577e-16f,7.4385953725987355e-19f,0f,0.9817208052196916f,-0.19032672066423126f,1.4375f,-1.2246467991473532e-16f,-0.19032672066423126f,-0.9817208052196916f,-0.006074074074074072f,0f,0f,0f,1f], start_interpolation: 0, interpolation_duration: 1 }