# This file was generated by Animated Java via MC-Build. It is not recommended to edit this file directly.
$data merge entity $(bone_leftleg) { transformation: [-0.9988028539133664f,-0.047893950945197085f,0.009951305310030308f,0.11875f,-0.04596880835096602f,0.9885364571547914f,0.1438142605399249f,0.75f,-0.016725061234761977f,0.14318464421407873f,-0.9895546624557843f,1.4542680739874818e-17f,0f,0f,0f,1f], start_interpolation: 0, interpolation_duration: 1 }
$data merge entity $(bone_rightleg) { transformation: [-0.9959698575764596f,0.08968756645955646f,-0.0004280440273011839f,-0.11875f,0.08807665673447863f,0.9789593802604051f,0.184068015523177f,0.75f,0.016927650091004543f,0.1832884945181403f,-0.9829134155355039f,-1.4542680739874818e-17f,0f,0f,0f,1f], start_interpolation: 0, interpolation_duration: 1 }
$data merge entity $(bone_leftarm) { transformation: [-0.9896782568404272f,-0.11621332687308772f,0.08385350675065555f,0.3125f,-0.11671304470579016f,0.9931651071296619f,-0.001065446212361136f,1.3125f,-0.08315655796626982f,-0.010841247032333343f,-0.9964775231935672f,0.025554687500000027f,0f,0f,0f,1f], start_interpolation: 0, interpolation_duration: 1 }
$data merge entity $(bone_rightarm) { transformation: [-0.9949824069089355f,0.09809751843871359f,-0.019669438676987543f,-0.3125f,0.09845652291732149f,0.9949749571321712f,-0.018197466166060085f,1.3125f,0.017785472631686606f,-0.020042743225422054f,-0.9996409182337762f,0.02555468749999995f,0f,0f,0f,1f], start_interpolation: 0, interpolation_duration: 1 }
$data merge entity $(bone_body) { transformation: [-1f,-4.044316498374165e-18f,1.2239788123443786e-16f,-2.897055084232956e-18f,0f,0.9994545473817923f,0.03302435037751273f,1.4375f,-1.2246467991473532e-16f,0.03302435037751273f,-0.9994545473817923f,0.02365624999999999f,0f,0f,0f,1f], start_interpolation: 0, interpolation_duration: 1 }
$data merge entity $(bone_head) { transformation: [-1f,2.3818297413148485e-17f,1.2012612761159571e-16f,9.299661631025227e-19f,0f,0.9809042712987305f,-0.194491158019861f,1.4375f,-1.2246467991473532e-16f,-0.194491158019861f,-0.9809042712987305f,-0.007593750000000012f,0f,0f,0f,1f], start_interpolation: 0, interpolation_duration: 1 }