# This file was generated by Animated Java via MC-Build. It is not recommended to edit this file directly.
$data merge entity $(bone_leftleg) { transformation: [-0.984807753012208f,-0.17121933617808496f,-0.028941812759081465f,0.11875f,-0.17364817766693036f,0.971033108433786f,0.1641371765273593f,0.75f,-1.2233888972616657e-16f,0.16666925704566887f,-0.9860128593258025f,-0.0063403320312499884f,0f,0f,0f,1f], start_interpolation: 0, interpolation_duration: 1 }
$data merge entity $(bone_rightleg) { transformation: [-0.984807753012208f,0.1712193361780849f,0.028941812759081708f,-0.11875f,0.17364817766693036f,0.971033108433786f,0.1641371765273593f,0.75f,-1.1886944277421296e-16f,0.16666925704566893f,-0.9860128593258025f,-0.006340332031250018f,0f,0f,0f,1f], start_interpolation: 0, interpolation_duration: 1 }
$data merge entity $(bone_leftarm) { transformation: [-0.9659258262890683f,-0.25136672360923346f,0.06166091444132096f,0.3125f,-0.25881904510252074f,0.9381133838417827f,-0.23012166553616692f,1.375f,-1.1829179713786698e-16f,-0.23823947892588956f,-0.9712064408152988f,-0.12499999999999996f,0f,0f,0f,1f], start_interpolation: 0, interpolation_duration: 1 }
$data merge entity $(bone_rightarm) { transformation: [-0.9659258262890683f,0.25136672360923357f,-0.06166091444132073f,-0.3125f,0.25881904510252074f,0.9381133838417827f,-0.23012166553616692f,1.375f,-1.1829179713786698e-16f,-0.2382394789258895f,-0.9712064408152988f,-0.09375000000000004f,0f,0f,0f,1f], start_interpolation: 0, interpolation_duration: 1 }
$data merge entity $(bone_body) { transformation: [-1f,2.0411097215724582e-17f,1.2075174920914734e-16f,1.7221595613009655e-17f,0f,0.9860128593258025f,-0.16666925704566887f,1.484375f,-1.2246467991473532e-16f,-0.16666925704566887f,-0.9860128593258025f,-0.140625f,0f,0f,0f,1f], start_interpolation: 0, interpolation_duration: 1 }
$data merge entity $(bone_head) { transformation: [-1f,6.047968800709796e-17f,1.0648852128367014e-16f,1.9135106236677395e-17f,0f,0.8695447647257282f,-0.4938541304252482f,1.46875f,-1.2246467991473532e-16f,-0.4938541304252482f,-0.8695447647257282f,-0.15625f,0f,0f,0f,1f], start_interpolation: 0, interpolation_duration: 1 }