# This file was generated by Animated Java via MC-Build. It is not recommended to edit this file directly.
$data merge entity $(bone_leftleg) { transformation: [-0.9918682710360758f,-0.12726444235734796f,0.0010462425048532774f,0.11875f,-0.11959520818916658f,0.9348444773239388f,0.33430942163678495f,0.75f,-0.04352377614701661f,0.33146578243976405f,-0.9424627928897243f,1.4542680739874818e-17f,0f,0f,0f,1f], start_interpolation: 0, interpolation_duration: 1 }
$data merge entity $(bone_rightleg) { transformation: [-0.9916640950105099f,0.1288497007273856f,-0.00027800980106331124f,-0.11875f,0.12127364530451791f,0.9340812155155033f,0.3358347596298421f,0.75f,0.04353189200506109f,0.3330015577193942f,-0.9419208761541049f,-1.4542680739874818e-17f,0f,0f,0f,1f], start_interpolation: 0, interpolation_duration: 1 }
$data merge entity $(bone_leftarm) { transformation: [-0.9428236974682064f,-0.3136585201544919f,0.1127022991197349f,0.3125f,-0.3332751629737222f,0.890626402047693f,-0.30937400944555754f,1.3125f,-0.003337849190556988f,-0.3292460245926673f,-0.9442382718639961f,-0.05896961805555551f,0f,0f,0f,1f], start_interpolation: 0, interpolation_duration: 1 }
$data merge entity $(bone_rightarm) { transformation: [-0.9675980630262647f,0.23815837647676605f,-0.08387238008886864f,-0.3125f,0.25249451459329203f,0.9135906260630992f,-0.3187454910581989f,1.3125f,0.0007131115750815328f,-0.3295948356445918f,-0.9441222038424348f,-0.058969618055555596f,0f,0f,0f,1f], start_interpolation: 0, interpolation_duration: 1 }
$data merge entity $(bone_body) { transformation: [-1f,1.5186500925459793e-17f,1.2151941415370463e-16f,1.0904600948935569e-17f,0f,0.9922813193021136f,-0.12400719077560343f,1.4375f,-1.2246467991473532e-16f,-0.12400719077560343f,-0.9922813193021136f,-0.08904282407407407f,0f,0f,0f,1f], start_interpolation: 0, interpolation_duration: 1 }
$data merge entity $(bone_head) { transformation: [-1f,5.983297292013145e-17f,1.0685323194998546e-16f,1.4731622196271047e-17f,0f,0.8725228533188576f,-0.48857330098596186f,1.4375f,-1.2246467991473532e-16f,-0.48857330098596186f,-0.8725228533188576f,-0.12029282407407407f,0f,0f,0f,1f], start_interpolation: 0, interpolation_duration: 1 }