# This file was generated by Animated Java via MC-Build. It is not recommended to edit this file directly.
$data merge entity $(bone_leftleg) { transformation: [-0.9987452836469167f,-0.04906080303017508f,0.010044700048990537f,0.11875f,-0.047060828860341034f,0.9880632882643778f,0.14668407129324795f,0.75f,-0.017121237689417142f,0.1460273124803005f,-0.9891323911538653f,1.4542680739874818e-17f,0f,0f,0f,1f], start_interpolation: 0, interpolation_duration: 1 }
$data merge entity $(bone_rightleg) { transformation: [-0.9959194407447525f,0.09024523584212808f,-0.0005147372709430741f,-0.11875f,0.08856891211113689f,0.9784829348241568f,0.18635099695294008f,0.75f,0.017320951304969526f,0.1855449909474887f,-0.9824830995901086f,-1.4542680739874818e-17f,0f,0f,0f,1f], start_interpolation: 0, interpolation_duration: 1 }
$data merge entity $(bone_leftarm) { transformation: [-0.9893861340906409f,-0.11909142284805578f,0.08326049887672991f,0.3125f,-0.11997677388183837f,0.9927603681041713f,-0.005694317393360833f,1.3125f,-0.08197957915287556f,-0.01562320471912485f,-0.9965115473872953f,0.024305555555555587f,0f,0f,0f,1f], start_interpolation: 0, interpolation_duration: 1 }
$data merge entity $(bone_rightarm) { transformation: [-0.9947562802436831f,0.10031340125365867f,-0.01992898503872004f,-0.3125f,0.10075976350393623f,0.9946490429761279f,-0.022819977329167466f,1.3125f,0.01753319635382829f,-0.024708355582582723f,-0.9995409367254664f,0.02430555555555551f,0f,0f,0f,1f], start_interpolation: 0, interpolation_duration: 1 }
$data merge entity $(bone_body) { transformation: [-1f,-3.759670816515518e-18f,1.2240695528428938e-16f,-2.6930890259027435e-18f,0f,0.9995286426218063f,0.030700041996869203f,1.4375f,-1.2246467991473532e-16f,0.030700041996869203f,-0.9995286426218063f,0.021990740740740734f,0f,0f,0f,1f], start_interpolation: 0, interpolation_duration: 1 }
$data merge entity $(bone_head) { transformation: [-1f,2.4376741911898336e-17f,1.200140503456961e-16f,1.1339322214327355e-18f,0f,0.9799890909710012f,-0.19905120340714053f,1.4375f,-1.2246467991473532e-16f,-0.19905120340714053f,-0.9799890909710012f,-0.009259259259259267f,0f,0f,0f,1f], start_interpolation: 0, interpolation_duration: 1 }