# This file was generated by Animated Java via MC-Build. It is not recommended to edit this file directly.
$data merge entity $(bone_leftleg) { transformation: [-0.984807753012208f,-0.17133891096090775f,-0.02822529358174906f,0.11875f,-0.17364817766693033f,0.9717112507256936f,0.16007359434354654f,0.75f,-1.2233888972616657e-16f,0.1625429875566406f,-0.9867014630556508f,-0.010085449218749987f,0f,0f,0f,1f], start_interpolation: 0, interpolation_duration: 1 }
$data merge entity $(bone_rightleg) { transformation: [-0.984807753012208f,0.1713389109609077f,0.028225293581749304f,-0.11875f,0.17364817766693033f,0.9717112507256936f,0.16007359434354654f,0.75f,-1.1886944277421296e-16f,0.16254298755664065f,-0.9867014630556508f,-0.010085449218750014f,0f,0f,0f,1f], start_interpolation: 0, interpolation_duration: 1 }
$data merge entity $(bone_leftarm) { transformation: [-0.9659258262890683f,-0.2521207530649579f,0.05850148700451288f,0.3125f,-0.2588190451025207f,0.9409274600809499f,-0.21833052181917204f,1.375f,-1.1829179713786698e-16f,-0.22603238869589276f,-0.9741197869155666f,-0.12499999999999996f,0f,0f,0f,1f], start_interpolation: 0, interpolation_duration: 1 }
$data merge entity $(bone_rightarm) { transformation: [-0.9659258262890683f,0.2521207530649579f,-0.058501487004512645f,-0.3125f,0.2588190451025207f,0.9409274600809499f,-0.21833052181917204f,1.375f,-1.1829179713786698e-16f,-0.2260323886958927f,-0.9741197869155666f,-0.09375000000000004f,0f,0f,0f,1f], start_interpolation: 0, interpolation_duration: 1 }
$data merge entity $(bone_body) { transformation: [-1f,1.99057749435088e-17f,1.208360788445113e-16f,1.7221595613009655e-17f,0f,0.9867014630556508f,-0.16254298755664062f,1.484375f,-1.2246467991473532e-16f,-0.16254298755664062f,-0.9867014630556508f,-0.140625f,0f,0f,0f,1f], start_interpolation: 0, interpolation_duration: 1 }
$data merge entity $(bone_head) { transformation: [-1f,6.003368283075183e-17f,1.067405956157041e-16f,1.9135106236677395e-17f,0f,0.87160310785135f,-0.4902122217814117f,1.46875f,-1.2246467991473532e-16f,-0.4902122217814117f,-0.87160310785135f,-0.15625f,0f,0f,0f,1f], start_interpolation: 0, interpolation_duration: 1 }