# This file was generated by Animated Java via MC-Build. It is not recommended to edit this file directly.
$data merge entity $(bone_leftleg) { transformation: [-0.9986813881481178f,-0.05032592766733919f,0.010138341628204066f,0.11875f,-0.048243825667297534f,0.9875397816011948f,0.149792232909613f,0.75f,-0.017550448755853352f,0.14910560270991188f,-0.9886655152218985f,1.4542680739874818e-17f,0f,0f,0f,1f], start_interpolation: 0, interpolation_duration: 1 }
$data merge entity $(bone_rightleg) { transformation: [-0.9958643711154169f,0.0908503573857291f,-0.0006057274803289292f,-0.11875f,0.08910216974096564f,0.9779603987237033f,0.18882336157273352f,0.75f,0.01774704736983797f,0.18798848659176023f,-0.9820108814155739f,-1.4542680739874818e-17f,0f,0f,0f,1f], start_interpolation: 0, interpolation_duration: 1 }
$data merge entity $(bone_leftarm) { transformation: [-0.9890559464113763f,-0.12221740789431858f,0.08265131623810043f,0.3125f,-0.12351172956571342f,0.9922852795057606f,-0.01071339049324195f,1.3125f,-0.08070432161899882f,-0.020804549593018577f,-0.9965209396637127f,0.02295225694444448f,0f,0f,0f,1f], start_interpolation: 0, interpolation_duration: 1 }
$data merge entity $(bone_rightarm) { transformation: [-0.9945052080305562f,0.10271307509771464f,-0.02023401601440915f,-0.3125f,0.10325448029799937f,0.9942656684143987f,-0.02782611922024221f,1.3125f,0.017259881184127458f,-0.02976247329171925f,-0.9994079705931255f,0.022952256944444405f,0f,0f,0f,1f], start_interpolation: 0, interpolation_duration: 1 }
$data merge entity $(bone_body) { transformation: [-1f,-3.4512652795895962e-18f,1.2241603895972323e-16f,-2.4721139842510397e-18f,0f,0.9996028164606647f,0.028181719676175217f,1.4375f,-1.2246467991473532e-16f,0.028181719676175217f,-0.9996028164606647f,0.02018634259259259f,0f,0f,0f,1f], start_interpolation: 0, interpolation_duration: 1 }
$data merge entity $(bone_head) { transformation: [-1f,2.498116031352467e-17f,1.1988969703860526e-16f,1.354907263084439e-18f,0f,0.9789736691597704f,-0.20398665420035825f,1.4375f,-1.2246467991473532e-16f,-0.20398665420035825f,-0.9789736691597704f,-0.011063657407407411f,0f,0f,0f,1f], start_interpolation: 0, interpolation_duration: 1 }