# This file was generated by Animated Java via MC-Build. It is not recommended to edit this file directly.
$data merge entity $(bone_leftleg) { transformation: [-0.984807753012208f,-0.17127669123437128f,-0.028600430885769097f,0.11875f,-0.17364817766693033f,0.9713583851217656f,0.16220110371569582f,0.75f,-1.1886944277421296e-16f,0.1647033171901573f,-0.986343153931003f,-0.008125000000000021f,0f,0f,0f,1f], start_interpolation: 0, interpolation_duration: 1 }
$data merge entity $(bone_rightleg) { transformation: [-0.984807753012208f,0.17127669123437123f,0.02860043088576934f,-0.11875f,0.17364817766693033f,0.9713583851217656f,0.16220110371569582f,0.75f,-1.2233888972616657e-16f,0.16470331719015735f,-0.986343153931003f,-0.008125000000000049f,0f,0f,0f,1f], start_interpolation: 0, interpolation_duration: 1 }
$data merge entity $(bone_leftarm) { transformation: [-0.9659258262890683f,-0.2517309880670572f,0.06015652711521633f,0.3125f,-0.2588190451025207f,0.9394728373057726f,-0.22450721560088177f,1.375f,-1.217612440898206e-16f,-0.23242697264178389f,-0.9726138506049435f,-0.12499999999999996f,0f,0f,0f,1f], start_interpolation: 0, interpolation_duration: 1 }
$data merge entity $(bone_rightarm) { transformation: [-0.9659258262890683f,0.2517309880670573f,-0.060156527115216095f,-0.3125f,0.2588190451025207f,0.9394728373057726f,-0.22450721560088177f,1.375f,-1.1482235018591337e-16f,-0.23242697264178383f,-0.9726138506049435f,-0.09375000000000004f,0f,0f,0f,1f], start_interpolation: 0, interpolation_duration: 1 }
$data merge entity $(bone_body) { transformation: [-1f,2.017033902058774e-17f,1.2079219863225079e-16f,1.7221595613009655e-17f,0f,0.986343153931003f,-0.16470331719015732f,1.484375f,-1.2246467991473532e-16f,-0.16470331719015732f,-0.986343153931003f,-0.140625f,0f,0f,0f,1f], start_interpolation: 0, interpolation_duration: 1 }
$data merge entity $(bone_head) { transformation: [-1f,6.026728382522141e-17f,1.0660887546048303e-16f,1.9135106236677395e-17f,0f,0.8705275311600723f,-0.4921197186583254f,1.46875f,-1.2246467991473532e-16f,-0.4921197186583254f,-0.8705275311600723f,-0.15625f,0f,0f,0f,1f], start_interpolation: 0, interpolation_duration: 1 }