# This file was generated by Animated Java via MC-Build. It is not recommended to edit this file directly.
$data merge entity $(bone_leftleg) { transformation: [-0.9986110570016276f,-0.05168463905986156f,0.010230098696685381f,0.11875f,-0.04951322256336056f,0.9869654065026432f,0.15312650704062805f,0.75f,-0.01801104176562845f,0.15240729789719462f,-0.9881536408485234f,1.4542680739874818e-17f,0f,0f,0f,1f], start_interpolation: 0, interpolation_duration: 1 }
$data merge entity $(bone_rightleg) { transformation: [-0.9958047558047503f,0.0915008106722683f,-0.0006999735419405626f,-0.11875f,0.08967436570827535f,0.9773922969769634f,0.19147534030499558f,0.75f,0.018204297609635933f,0.19060928481166145f,-0.9814971747754176f,-1.4542680739874818e-17f,0f,0f,0f,1f], start_interpolation: 0, interpolation_duration: 1 }
$data merge entity $(bone_leftarm) { transformation: [-0.988685763635942f,-0.1255807374332436f,0.08203620645383976f,0.3125f,-0.12730401785931966f,0.9917330030440341f,-0.016103965664884746f,1.3125f,-0.07933566550101102f,-0.026365300282464015f,-0.996499233878545f,0.021500000000000043f,0f,0f,0f,1f], start_interpolation: 0, interpolation_duration: 1 }
$data merge entity $(bone_rightarm) { transformation: [-0.9942287344588603f,0.10528684398920012f,-0.020588930499831123f,-0.3125f,0.1059309151394668f,0.9938192342549717f,-0.033195946176857824f,1.3125f,0.016966578737274283f,-0.03518536780617179f,-0.9992367712901163f,0.021499999999999967f,0f,0f,0f,1f], start_interpolation: 0, interpolation_duration: 1 }
$data merge entity $(bone_body) { transformation: [-1f,-3.1202836436189096e-18f,1.224249225305123e-16f,-2.2349804084439204e-18f,0f,0.9996753563210985f,0.025479049516900484f,1.4375f,-1.2246467991473532e-16f,0.025479049516900484f,-0.9996753563210985f,0.018250000000000006f,0f,0f,0f,1f], start_interpolation: 0, interpolation_duration: 1 }
$data merge entity $(bone_head) { transformation: [-1f,2.562907013692968e-17f,1.1975286464437882e-16f,1.5920408388915585e-18f,0f,0.9778563478690789f,-0.2092772394030151f,1.4375f,-1.2246467991473532e-16f,-0.2092772394030151f,-0.9778563478690789f,-0.012999999999999994f,0f,0f,0f,1f], start_interpolation: 0, interpolation_duration: 1 }