# This file was generated by Animated Java via MC-Build. It is not recommended to edit this file directly.
$data merge entity $(bone_leftleg) { transformation: [-0.998534179707905f,-0.053132233246560245f,0.010317836269992397f,0.11875f,-0.05086444224334922f,0.9863396309573284f,0.15667463393362138f,0.75f,-0.01850136401280305f,0.1559201660889136f,-0.9875963757206034f,1.4542680739874818e-17f,0f,0f,0f,1f], start_interpolation: 0, interpolation_duration: 1 }
$data merge entity $(bone_rightleg) { transformation: [-0.9957407019058869f,0.09219446981336267f,-0.0007964319208766334f,-0.11875f,0.09028343588396505f,0.9767791545029212f,0.1942971552379096f,0.75f,0.01869106131169672f,0.19339768112464875f,-0.9809423944160284f,-1.4542680739874818e-17f,0f,0f,0f,1f], start_interpolation: 0, interpolation_duration: 1 }
$data merge entity $(bone_leftarm) { transformation: [-0.9882736562567584f,-0.12917071475221018f,0.08142546775611212f,0.3125f,-0.13133971542405662f,0.9910966549998675f,-0.021847187471189182f,1.3125f,-0.07787849190390325f,-0.03228539760443743f,-0.9964399598572395f,0.0199539930555556f,0f,0f,0f,1f], start_interpolation: 0, interpolation_duration: 1 }
$data merge entity $(bone_rightarm) { transformation: [-0.9939264038936737f,0.10802491529366834f,-0.02099812655418346f,-0.3125f,0.1087793021715166f,0.9933041434573421f,-0.03890940772555886f,1.3125f,0.016654340637431767f,-0.04095724925177071f,-0.9990220901820243f,0.019953993055555525f,0f,0f,0f,1f], start_interpolation: 0, interpolation_duration: 1 }
$data merge entity $(bone_body) { transformation: [-1f,-2.7679105828388437e-18f,1.224333961696072e-16f,-1.982538747647459e-18f,0f,0.9997445488352241f,0.022601705118291827f,1.4375f,-1.2246467991473532e-16f,0.022601705118291827f,-0.9997445488352241f,0.016188657407407422f,0f,0f,0f,1f], start_interpolation: 0, interpolation_duration: 1 }
$data merge entity $(bone_head) { transformation: [-1f,2.6317981647782108e-17f,1.1960335141042487e-16f,1.84448249968802e-18f,0f,0.9766354796639928f,-0.21490262879146635f,1.4375f,-1.2246467991473532e-16f,-0.21490262879146635f,-0.9766354796639928f,-0.01506134259259258f,0f,0f,0f,1f], start_interpolation: 0, interpolation_duration: 1 }