# This file was generated by Animated Java via MC-Build. It is not recommended to edit this file directly.
$data merge entity $(bone_leftleg) { transformation: [-0.984807753012208f,-0.1711675256839968f,-0.02924667089198524f,0.11875f,-0.17364817766693033f,0.9707392765205984f,0.1658661129140591f,0.75f,-1.1886944277421296e-16f,0.16842486506298138f,-0.9857144945817305f,-0.004746093749999971f,0f,0f,0f,1f], start_interpolation: 0, interpolation_duration: 1 }
$data merge entity $(bone_rightleg) { transformation: [-0.984807753012208f,0.17116752568399674f,0.029246670891985484f,-0.11875f,0.17364817766693033f,0.9707392765205984f,0.1658661129140591f,0.75f,-1.2233888972616657e-16f,0.16842486506298143f,-0.9857144945817305f,-0.00474609375f,0f,0f,0f,1f], start_interpolation: 0, interpolation_duration: 1 }
$data merge entity $(bone_leftarm) { transformation: [-0.9659258262890683f,-0.251033724300192f,0.06300291558139062f,0.3125f,-0.2588190451025207f,0.9368706135015549f,-0.23513008197472224f,1.375f,-1.1829179713786698e-16f,-0.2434245731663002f,-0.9699198302843408f,-0.12499999999999996f,0f,0f,0f,1f], start_interpolation: 0, interpolation_duration: 1 }
$data merge entity $(bone_rightarm) { transformation: [-0.9659258262890683f,0.2510337243001921f,-0.06300291558139037f,-0.3125f,0.2588190451025207f,0.9368706135015549f,-0.23513008197472224f,1.375f,-1.1829179713786698e-16f,-0.24342457316630015f,-0.9699198302843408f,-0.09375000000000004f,0f,0f,0f,1f], start_interpolation: 0, interpolation_duration: 1 }
$data merge entity $(bone_body) { transformation: [-1f,2.0626097189620506e-17f,1.2071521006626672e-16f,1.7221595613009655e-17f,0f,0.9857144945817305f,-0.1684248650629814f,1.484375f,-1.2246467991473532e-16f,-0.1684248650629814f,-0.9857144945817305f,-0.140625f,0f,0f,0f,1f], start_interpolation: 0, interpolation_duration: 1 }
$data merge entity $(bone_head) { transformation: [-1f,6.06692247731521e-17f,1.0638065139884848e-16f,1.9135106236677395e-17f,0f,0.8686639402717162f,-0.49540181557157853f,1.46875f,-1.2246467991473532e-16f,-0.49540181557157853f,-0.8686639402717162f,-0.15625f,0f,0f,0f,1f], start_interpolation: 0, interpolation_duration: 1 }