# This file was generated by Animated Java via MC-Build. It is not recommended to edit this file directly.
$data merge entity $(bone_leftleg) { transformation: [-0.9984506500354555f,-0.05466398403321792f,0.010399437167100557f,0.11875f,-0.05229290648195299f,0.9856619527493597f,0.16042433367163642f,0.75f,-0.01901976275998456f,0.15963196344070604f,-0.9869933560427947f,1.4542680739874818e-17f,0f,0f,0f,1f], start_interpolation: 0, interpolation_duration: 1 }
$data merge entity $(bone_rightleg) { transformation: [-0.9956723177688509f,0.09292920034495802f,-0.0008940649030986944f,-0.11875f,0.09092731604640653f,0.9761215143276999f,0.197279021852793f,0.75f,0.019205697732735498f,0.19634396601333215f,-0.9803469733644075f,-1.4542680739874818e-17f,0f,0f,0f,1f], start_interpolation: 0, interpolation_duration: 1 }
$data merge entity $(bone_leftarm) { transformation: [-0.9878177348596773f,-0.13297645676398803f,0.08082935508335733f,0.3125f,-0.13560487011643627f,0.9903694099950592f,-0.02792402096301294f,1.3125f,-0.07633768333792094f,-0.038544697333531566f,-0.996336722403659f,0.01831944444444448f,0f,0f,0f,1f], start_interpolation: 0, interpolation_duration: 1 }
$data merge entity $(bone_rightarm) { transformation: [-0.9935977783179339f,0.11091739578788026f,-0.021465931922476807f,-0.3125f,0.11178986900115515f,0.9927148891414679f,-0.044946346520576996f,1.3125f,0.016324218522497807f,-0.04705826376395471f,-0.998758749499173f,0.018319444444444402f,0f,0f,0f,1f], start_interpolation: 0, interpolation_duration: 1 }
$data merge entity $(bone_body) { transformation: [-1f,-2.3953318195934876e-18f,1.2244125208479622e-16f,-1.7156394510277264e-18f,0f,0.9998086972508694f,0.019559368638053118f,1.4375f,-1.2246467991473532e-16f,0.019559368638053118f,-0.9998086972508694f,0.014009259259259253f,0f,0f,0f,1f], start_interpolation: 0, interpolation_duration: 1 }
$data merge entity $(bone_head) { transformation: [-1f,2.7045399065087362e-17f,1.1944096540144318e-16f,2.1113817963077524e-18f,0f,0.9753094972738477f,-0.220842442767314f,1.4375f,-1.2246467991473532e-16f,-0.220842442767314f,-0.9753094972738477f,-0.017240740740740747f,0f,0f,0f,1f], start_interpolation: 0, interpolation_duration: 1 }