# This file was generated by Animated Java via MC-Build. It is not recommended to edit this file directly.
$data merge entity $(bone_leftleg) { transformation: [-0.9983603701369694f,-0.05627513954767578f,0.010472822392417147f,0.11875f,-0.05379403632531437f,0.9849319289665018f,0.16436330782189992f,0.75f,-0.019564585244882002f,0.1635304374458024f,-0.9863442720637557f,1.4542680739874818e-17f,0f,0f,0f,1f], start_interpolation: 0, interpolation_duration: 1 }
$data merge entity $(bone_rightleg) { transformation: [-0.9955997142109942f,0.09370285641132128f,-0.000991848449087144f,-0.11875f,0.09160394200050087f,0.9754199548059852f,0.20041115132711212f,0.75f,0.01974656610541494f,0.19943842775816567f,-0.9797113792645237f,-1.4542680739874818e-17f,0f,0f,0f,1f], start_interpolation: 0, interpolation_duration: 1 }
$data merge entity $(bone_leftarm) { transformation: [-0.9873161874431547f,-0.13698686480980315f,0.08025798952312489f,0.3125f,-0.14008550225582383f,0.9895446007576191f,-0.034315232320033334f,1.3125f,-0.0747181241095284f,-0.045122965117831024f,-0.996183276284303f,0.016601562500000038f,0f,0f,0f,1f], start_interpolation: 0, interpolation_duration: 1 }
$data merge entity $(bone_rightarm) { transformation: [-0.9932424538229104f,0.11395429012696807f,-0.021996538034480328f,-0.3125f,0.11495283797012833f,0.9920461380835888f,-0.051286498769661445f,1.3125f,0.015977264047920593f,-0.0534684923585456f,-0.998441709544652f,0.016601562499999962f,0f,0f,0f,1f], start_interpolation: 0, interpolation_duration: 1 }
$data merge entity $(bone_body) { transformation: [-1f,-2.003734226488505e-18f,1.224482865366771e-16f,-1.4351329677508044e-18f,0f,0.9998661379095618f,0.01636173162648678f,1.4375f,-1.2246467991473532e-16f,0.01636173162648678f,-0.9998661379095618f,0.01171875f,0f,0f,0f,1f], start_interpolation: 0, interpolation_duration: 1 }
$data merge entity $(bone_head) { transformation: [-1f,2.780882186873876e-17f,1.19265532543528e-16f,2.3918882795846743e-18f,0f,0.9738769792773336f,-0.2270762630343732f,1.4375f,-1.2246467991473532e-16f,-0.2270762630343732f,-0.9738769792773336f,-0.01953125f,0f,0f,0f,1f], start_interpolation: 0, interpolation_duration: 1 }