# This file was generated by Animated Java via MC-Build. It is not recommended to edit this file directly.
$data merge entity $(bone_leftleg) { transformation: [-0.984807753012208f,-0.17112193737643064f,-0.02951223738693422f,0.11875f,-0.17364817766693036f,0.9704807323807112f,0.1673722153487628f,0.75f,-1.2233888972616657e-16f,0.16995420155540544f,-0.985451961981742f,-0.0033569335937499853f,0f,0f,0f,1f], start_interpolation: 0, interpolation_duration: 1 }
$data merge entity $(bone_rightleg) { transformation: [-0.984807753012208f,0.17112193737643058f,0.029512237386934464f,-0.11875f,0.17364817766693036f,0.9704807323807112f,0.1673722153487628f,0.75f,-1.1886944277421296e-16f,0.1699542015554055f,-0.985451961981742f,-0.0033569335937500147f,0f,0f,0f,1f], start_interpolation: 0, interpolation_duration: 1 }
$data merge entity $(bone_leftarm) { transformation: [-0.9659258262890683f,-0.25073771924034943f,0.06417082092297378f,0.3125f,-0.25881904510252074f,0.9357659075789247f,-0.23948876404794164f,1.375f,-1.1135290323395976e-16f,-0.24793701289468467f,-0.968776154556284f,-0.12499999999999996f,0f,0f,0f,1f], start_interpolation: 0, interpolation_duration: 1 }
$data merge entity $(bone_rightarm) { transformation: [-0.9659258262890683f,0.25073771924034954f,-0.06417082092297353f,-0.3125f,0.25881904510252074f,0.9357659075789247f,-0.23948876404794164f,1.375f,-1.2523069104177421e-16f,-0.24793701289468462f,-0.968776154556284f,-0.09375000000000004f,0f,0f,0f,1f], start_interpolation: 0, interpolation_duration: 1 }
$data merge entity $(bone_body) { transformation: [-1f,2.0813386893647146e-17f,1.2068305909544196e-16f,1.7221595613009655e-17f,0f,0.985451961981742f,-0.1699542015554055f,1.484375f,-1.2246467991473532e-16f,-0.1699542015554055f,-0.985451961981742f,-0.140625f,0f,0f,0f,1f], start_interpolation: 0, interpolation_duration: 1 }
$data merge entity $(bone_head) { transformation: [-1f,6.083422324632556e-17f,1.0628638251739872e-16f,1.9135106236677395e-17f,0f,0.8678941764384591f,-0.4967491303507323f,1.46875f,-1.2246467991473532e-16f,-0.4967491303507323f,-0.8678941764384591f,-0.15625f,0f,0f,0f,1f], start_interpolation: 0, interpolation_duration: 1 }