# This file was generated by Animated Java via MC-Build. It is not recommended to edit this file directly.
$data merge entity $(bone_leftleg) { transformation: [-0.9982632544291343f,-0.057960919445756987f,0.01053597046104265f,0.11875f,-0.0553632522991235f,0.9841492038662146f,0.16847924152357593f,0.75f,-0.020134178687423298f,0.16760333035622624f,-0.9856488921020936f,1.4542680739874818e-17f,0f,0f,0f,1f], start_interpolation: 0, interpolation_duration: 1 }
$data merge entity $(bone_rightleg) { transformation: [-0.9955230056577746f,0.0945132782468224f,-0.0010887796605008168f,-0.11875f,0.09231124969519625f,0.974675105855234f,0.20368375292545948f,0.75f,0.02031202564545264f,0.20267135530490543f,-0.9790361297485661f,-1.4542680739874818e-17f,0f,0f,0f,1f], start_interpolation: 0, interpolation_duration: 1 }
$data merge entity $(bone_leftarm) { transformation: [-0.9867673146097529f,-0.1411906007753129f,0.07972127112987676f,0.3125f,-0.14476760656512935f,0.9886158138491974f,-0.04100137432688053f,1.3125f,-0.07302470066532987f,-0.051999873653647166f,-0.9959735971564425f,0.0148055555555556f,0f,0f,0f,1f], start_interpolation: 0, interpolation_duration: 1 }
$data merge entity $(bone_rightarm) { transformation: [-0.9928600761445363f,0.11712550185495108f,-0.022593937538453058f,-0.3125f,0.11825842754665448f,0.9912928096364326f,-0.05790949729793899f,1.3125f,0.015614528890054161f,-0.06016795142210831f,-0.998066132132139f,0.014805555555555523f,0f,0f,0f,1f], start_interpolation: 0, interpolation_duration: 1 }
$data merge entity $(bone_body) { transformation: [-1f,-1.5943058995124709e-18f,1.2245430174280263e-16f,-1.1418697469827646e-18f,0f,0.9999152557950594f,0.013018495623574803f,1.4375f,-1.2246467991473532e-16f,0.013018495623574803f,-0.9999152557950594f,0.009324074074074082f,0f,0f,0f,1f], start_interpolation: 0, interpolation_duration: 1 }
$data merge entity $(bone_head) { transformation: [-1f,2.860574621766096e-17f,1.190769041835962e-16f,2.6851515003527144e-18f,0f,0.9723367118299103f,-0.23358364417869215f,1.4375f,-1.2246467991473532e-16f,-0.23358364417869215f,-0.9723367118299103f,-0.021925925925925918f,0f,0f,0f,1f], start_interpolation: 0, interpolation_duration: 1 }