# This file was generated by Animated Java via MC-Build. It is not recommended to edit this file directly.
$data merge entity $(bone_leftleg) { transformation: [-0.984807753012208f,-0.17108324044497022f,-0.02973574357392668f,0.11875f,-0.17364817766693036f,0.9702612711768446f,0.16863978192362522f,0.75f,-1.2060416625018976e-16f,0.17124132238785764f,-0.9852291152350593f,-0.002187499999999994f,0f,0f,0f,1f], start_interpolation: 0, interpolation_duration: 1 }
$data merge entity $(bone_rightleg) { transformation: [-0.984807753012208f,0.17108324044497017f,0.029735743573926922f,-0.11875f,0.17364817766693036f,0.9702612711768446f,0.16863978192362522f,0.75f,-1.2060416625018976e-16f,0.1712413223878577f,-0.9852291152350593f,-0.0021875000000000236f,0f,0f,0f,1f], start_interpolation: 0, interpolation_duration: 1 }
$data merge entity $(bone_leftarm) { transformation: [-0.9659258262890683f,-0.2504843213601054f,0.06515291904855926f,0.3125f,-0.25881904510252074f,0.9348202138153237f,-0.24315400415064486f,1.375f,-1.2523069104177421e-16f,-0.2517315486684972f,-0.9677971003288655f,-0.12499999999999996f,0f,0f,0f,1f], start_interpolation: 0, interpolation_duration: 1 }
$data merge entity $(bone_rightarm) { transformation: [-0.9659258262890683f,0.2504843213601055f,-0.06515291904855901f,-0.3125f,0.25881904510252074f,0.9348202138153237f,-0.24315400415064486f,1.375f,-1.1135290323395976e-16f,-0.25173154866849706f,-0.9677971003288655f,-0.09375000000000004f,0f,0f,0f,1f], start_interpolation: 0, interpolation_duration: 1 }
$data merge entity $(bone_body) { transformation: [-1f,2.0971013734404988e-17f,1.2065576823993942e-16f,1.7221595613009655e-17f,0f,0.9852291152350593f,-0.17124132238785766f,1.484375f,-1.2246467991473532e-16f,-0.17124132238785766f,-0.9852291152350593f,-0.140625f,0f,0f,0f,1f], start_interpolation: 0, interpolation_duration: 1 }
$data merge entity $(bone_head) { transformation: [-1f,6.097301000311305e-17f,1.0620682594720008e-16f,1.9135106236677395e-17f,0f,0.8672445477434425f,-0.4978824102228074f,1.46875f,-1.2246467991473532e-16f,-0.4978824102228074f,-0.8672445477434425f,-0.15625f,0f,0f,0f,1f], start_interpolation: 0, interpolation_duration: 1 }