# This file was generated by Animated Java via MC-Build. It is not recommended to edit this file directly.
$data merge entity $(bone_leftleg) { transformation: [-0.998159233235913f,-0.0597165127848155f,0.010586935662176746f,0.11875f,-0.05699597463409979f,0.9833135350918263f,0.17275980603347774f,0.75f,-0.020726890297465158f,0.17183838280790692f,-0.9849070850656726f,1.4542680739874818e-17f,0f,0f,0f,1f], start_interpolation: 0, interpolation_duration: 1 }
$data merge entity $(bone_rightleg) { transformation: [-0.9954423112138379f,0.09535828996085817f,-0.0011838838598478144f,-0.11875f,0.09304717533963235f,0.9738876641999542f,0.20708703648580443f,0.75f,0.020900435559299362f,0.20603304117276453f,-0.978321806839924f,-1.4542680739874818e-17f,0f,0f,0f,1f], start_interpolation: 0, interpolation_duration: 1 }
$data merge entity $(bone_leftarm) { transformation: [-0.9861695626161555f,-0.1455760687101899f,0.07922879519686445f,0.3125f,-0.14963715480810275f,0.9875769812704486f,-0.04796277687628246f,1.3125f,-0.0712623018881408f,-0.05915500218607241f,-0.9957019483992031f,0.012936631944444468f,0f,0f,0f,1f], start_interpolation: 0, interpolation_duration: 1 }
$data merge entity $(bone_rightarm) { transformation: [-0.9924503552431704f,0.12042083704225429f,-0.023261865439979705f,-0.3125f,0.12169685384404257f,0.9904501500000052f,-0.06479487733940792f,1.3125f,0.01523706474904614f,-0.06713659487202205f,-0.9976274402234651f,0.012936631944444391f,0f,0f,0f,1f], start_interpolation: 0, interpolation_duration: 1 }
$data merge entity $(bone_body) { transformation: [-1f,-1.1682362013693667e-18f,1.2245910766781042e-16f,-8.367002378896767e-19f,0f,0.9999544991508672f,0.009539372512815435f,1.4375f,-1.2246467991473532e-16f,0.009539372512815435f,-0.9999544991508672f,0.006832175925925908f,0f,0f,0f,1f], start_interpolation: 0, interpolation_duration: 1 }
$data merge entity $(bone_head) { transformation: [-1f,2.9433666483833426e-17f,1.1887496415956153e-16f,2.990321009445802e-18f,0f,0.9706877463961602f,-0.240344126194804f,1.4375f,-1.2246467991473532e-16f,-0.240344126194804f,-0.9706877463961602f,-0.024417824074074092f,0f,0f,0f,1f], start_interpolation: 0, interpolation_duration: 1 }