# This file was generated by Animated Java via MC-Build. It is not recommended to edit this file directly.
$data merge entity $(bone_leftleg) { transformation: [-0.9980482561950935f,-0.06153707657197235f,0.01062386525272991f,0.11875f,-0.058687623509143f,0.9824248182295849f,0.17719266173692425f,0.75f,-0.021341067283105485f,0.17622333765294027f,-0.9841188414585282f,1.4542680739874818e-17f,0f,0f,0f,1f], start_interpolation: 0, interpolation_duration: 1 }
$data merge entity $(bone_rightleg) { transformation: [-0.9953577556643751f,0.0962356976283652f,-0.0012762212817239403f,-0.11875f,0.09380965551796813f,0.9730584076232565f,0.21061121500359997f,0.75f,0.021510155052398266f,0.20951378440492718f,-0.9775690703852835f,-1.4542680739874818e-17f,0f,0f,0f,1f], start_interpolation: 0, interpolation_duration: 1 }
$data merge entity $(bone_leftarm) { transformation: [-0.98552155426699f,-0.1501314020654366f,0.07878977210934522f,0.3125f,-0.15468009913067074f,0.9864224678148834f,-0.05517954261246838f,1.3125f,-0.06943581934493319f,-0.06656783835953792f,-0.9953629437989121f,0.01100000000000003f,0f,0f,0f,1f], start_interpolation: 0, interpolation_duration: 1 }
$data merge entity $(bone_rightarm) { transformation: [-0.992013078924502f,0.12383001058011286f,-0.02400374392587373f,-0.3125f,0.12525833226807084f,0.9895138017602899f,-0.07192208508739974f,1.3125f,0.014845923351255291f,-0.0743543180025662f,-0.9971213737325171f,0.010999999999999954f,0f,0f,0f,1f], start_interpolation: 0, interpolation_duration: 1 }
$data merge entity $(bone_body) { transformation: [-1f,-7.267157747654554e-19f,1.2246252369929864e-16f,-5.204748896376243e-19f,0f,0.9999823931648033f,0.005934084629718734f,1.4375f,-1.2246467991473532e-16f,0.005934084629718734f,-0.9999823931648033f,0.004249999999999993f,0f,0f,0f,1f], start_interpolation: 0, interpolation_duration: 1 }
$data merge entity $(bone_head) { transformation: [-1f,3.029007690341308e-17f,1.186596353770055e-16f,3.3065463576978544e-18f,0f,0.9689294534523829f,-0.24733724796816695f,1.4375f,-1.2246467991473532e-16f,-0.24733724796816695f,-0.9689294534523829f,-0.027000000000000007f,0f,0f,0f,1f], start_interpolation: 0, interpolation_duration: 1 }