# This file was generated by Animated Java via MC-Build. It is not recommended to edit this file directly.
$data merge entity $(bone_leftleg) { transformation: [-0.9979302954279344f,-0.06341773498488845f,0.010645015570767377f,0.11875f,-0.06043361931187998f,0.9814831096961907f,0.18176546162008336f,0.75f,-0.021975056859589497f,0.18074594399455188f,-0.9832842928703459f,1.4542680739874818e-17f,0f,0f,0f,1f], start_interpolation: 0, interpolation_duration: 1 }
$data merge entity $(bone_rightleg) { transformation: [-0.9952694704067397f,0.09714328768560702f,-0.0013648933728663375f,-0.11875f,0.09459662730283784f,0.9721882082228679f,0.21424650731187564f,0.75f,0.022139543338016227f,0.21310389355908296f,-0.9767786705138187f,-1.4542680739874818e-17f,0f,0f,0f,1f], start_interpolation: 0, interpolation_duration: 1 }
$data merge entity $(bone_leftarm) { transformation: [-0.9848221176372879f,-0.15484445658781784f,0.07841295094836932f,0.3125f,-0.15988237609852055f,0.9851471540025541f,-0.06263154775158555f,1.3125f,-0.0675501474868797f,-0.07421778240213943f,-0.9949516060340872f,0.009000868055555594f,0f,0f,0f,1f], start_interpolation: 0, interpolation_duration: 1 }
$data merge entity $(bone_rightarm) { transformation: [-0.9915481254994943f,0.12734265511077048f,-0.024822630960042405f,-0.3125f,0.12893307929107306f,0.9884798686070285f,-0.07927048898015915f,1.3125f,0.014442156451200935f,-0.08180096300148933f,-0.9965440414598182f,0.009000868055555517f,0f,0f,0f,1f], start_interpolation: 0, interpolation_duration: 1 }
$data merge entity $(bone_body) { transformation: [-1f,-2.709365258637012e-19f,1.2246438020917564e-16f,-1.940441513926775e-19f,0f,0.9999975527183846f,0.002212364626701656f,1.4375f,-1.2246467991473532e-16f,0.002212364626701656f,-0.9999975527183846f,0.0015844907407407474f,0f,0f,0f,1f], start_interpolation: 0, interpolation_duration: 1 }
$data merge entity $(bone_head) { transformation: [-1f,3.117247334236632e-17f,1.1843088588851321e-16f,3.632977095942801e-18f,0f,0.9670615721281386f,-0.2545425616926432f,1.4375f,-1.2246467991473532e-16f,-0.2545425616926432f,-0.9670615721281386f,-0.029665509259259253f,0f,0f,0f,1f], start_interpolation: 0, interpolation_duration: 1 }