# This file was generated by Animated Java via MC-Build. It is not recommended to edit this file directly.
$data merge entity $(bone_leftleg) { transformation: [-0.984807753012208f,-0.1710149211037498f,-0.03012617411693747f,0.11875f,-0.1736481776669303f,0.9698738129390532f,0.17085402356402576f,0.75f,-1.2233888972616657e-16f,0.17348972227466591f,-0.9848356798294116f,-0.00014404296874999322f,0f,0f,0f,1f], start_interpolation: 0, interpolation_duration: 1 }
$data merge entity $(bone_rightleg) { transformation: [-0.984807753012208f,0.17101492110374975f,0.03012617411693771f,-0.11875f,0.1736481776669303f,0.9698738129390532f,0.17085402356402576f,0.75f,-1.1886944277421296e-16f,0.17348972227466597f,-0.9848356798294116f,-0.00014404296875002233f,0f,0f,0f,1f], start_interpolation: 0, interpolation_duration: 1 }
$data merge entity $(bone_leftarm) { transformation: [-0.9659258262890683f,-0.25003230514923847f,0.06686661715339538f,0.3125f,-0.2588190451025207f,0.9331332663505236f,-0.2495496125467278f,1.375f,-1.1135290323395976e-16f,-0.25835276970019255f,-0.9660506438009548f,-0.12499999999999996f,0f,0f,0f,1f], start_interpolation: 0, interpolation_duration: 1 }
$data merge entity $(bone_rightarm) { transformation: [-0.9659258262890683f,0.2500323051492386f,-0.06686661715339513f,-0.3125f,0.2588190451025207f,0.9331332663505236f,-0.2495496125467278f,1.375f,-1.2523069104177421e-16f,-0.25835276970019244f,-0.9660506438009548f,-0.09375000000000004f,0f,0f,0f,1f], start_interpolation: 0, interpolation_duration: 1 }
$data merge entity $(bone_body) { transformation: [-1f,2.124636330686329e-17f,1.2060758629891965e-16f,1.7221595613009655e-17f,0f,0.9848356798294116f,-0.17348972227466591f,1.484375f,-1.2246467991473532e-16f,-0.17348972227466591f,-0.9848356798294116f,-0.140625f,0f,0f,0f,1f], start_interpolation: 0, interpolation_duration: 1 }
$data merge entity $(bone_head) { transformation: [-1f,6.121527477011537e-17f,1.0606737463253181e-16f,1.9135106236677395e-17f,0f,0.8661058413444599f,-0.49986065217118786f,1.46875f,-1.2246467991473532e-16f,-0.49986065217118786f,-0.8661058413444599f,-0.15625f,0f,0f,0f,1f], start_interpolation: 0, interpolation_duration: 1 }