# This file was generated by Animated Java via MC-Build. It is not recommended to edit this file directly.
$data merge entity $(bone_leftleg) { transformation: [-0.9919892194660406f,-0.1263154500871f,0.00133997479413264f,0.11875f,-0.1187065473034231f,0.9357570628185019f,0.3320654679616512f,0.75f,-0.04319888992156783f,0.32924630059361876f,-0.943255389306078f,1.4542680739874818e-17f,0f,0f,0f,1f], start_interpolation: 0, interpolation_duration: 1 }
$data merge entity $(bone_rightleg) { transformation: [-0.9917271651605171f,0.12836317286742227f,-0.0003545900348690114f,-0.11875f,0.12087258109807468f,0.9347779841849889f,0.33403583553525806f,0.75f,0.0432093626587331f,0.33122955202465987f,-0.9425603083326654f,-1.4542680739874818e-17f,0f,0f,0f,1f], start_interpolation: 0, interpolation_duration: 1 }
$data merge entity $(bone_leftarm) { transformation: [-0.943715713279008f,-0.31139537569476455f,0.11150593036340918f,0.3125f,-0.33072964990349407f,0.8927859312588048f,-0.30586137320861706f,1.3125f,-0.00430710865956183f,-0.3255245012933207f,-0.945523795508463f,-0.0579444444444444f,0f,0f,0f,1f], start_interpolation: 0, interpolation_duration: 1 }
$data merge entity $(bone_rightarm) { transformation: [-0.9680758096953953f,0.23667430363100805f,-0.0825499889968625f,-0.3125f,0.2506558994608044f,0.9152732013919489f,-0.3153515290580151f,1.3125f,0.000920189165249149f,-0.32597582857400703f,-0.9453776559858974f,-0.057944444444444486f,0f,0f,0f,1f], start_interpolation: 0, interpolation_duration: 1 }
$data merge entity $(bone_body) { transformation: [-1f,1.4954547546755668e-17f,1.215481770093258e-16f,1.0737204204746564e-17f,0f,0.9925161858419292f,-0.12211314770240372f,1.4375f,-1.2246467991473532e-16f,-0.12211314770240372f,-0.9925161858419292f,-0.08767592592592593f,0f,0f,0f,1f], start_interpolation: 0, interpolation_duration: 1 }
$data merge entity $(bone_head) { transformation: [-1f,5.94246685791028e-17f,1.0708084138109099e-16f,1.4564225452082044e-17f,0f,0.8743814253680722f,-0.48523924302481797f,1.4375f,-1.2246467991473532e-16f,-0.48523924302481797f,-0.8743814253680722f,-0.11892592592592593f,0f,0f,0f,1f], start_interpolation: 0, interpolation_duration: 1 }