# This file was generated by Animated Java via MC-Build. It is not recommended to edit this file directly.
$data merge entity $(bone_leftleg) { transformation: [-0.984807753012208f,-0.17127669123437128f,-0.02860043088576911f,0.11875f,-0.17364817766693033f,0.9713583851217655f,0.16220110371569588f,0.75f,-1.1886944277421296e-16f,0.16470331719015735f,-0.986343153931003f,-0.008124999999999981f,0f,0f,0f,1f], start_interpolation: 0, interpolation_duration: 1 }
$data merge entity $(bone_rightleg) { transformation: [-0.984807753012208f,0.17127669123437123f,0.028600430885769353f,-0.11875f,0.17364817766693033f,0.9713583851217655f,0.16220110371569588f,0.75f,-1.2233888972616657e-16f,0.1647033171901574f,-0.986343153931003f,-0.008125000000000009f,0f,0f,0f,1f], start_interpolation: 0, interpolation_duration: 1 }
$data merge entity $(bone_leftarm) { transformation: [-0.9659258262890683f,-0.2517309880670572f,0.060156527115216345f,0.3125f,-0.2588190451025207f,0.9394728373057725f,-0.22450721560088183f,1.375f,-1.217612440898206e-16f,-0.232426972641784f,-0.9726138506049435f,-0.12499999999999996f,0f,0f,0f,1f], start_interpolation: 0, interpolation_duration: 1 }
$data merge entity $(bone_rightarm) { transformation: [-0.9659258262890683f,0.2517309880670573f,-0.06015652711521611f,-0.3125f,0.2588190451025207f,0.9394728373057725f,-0.22450721560088183f,1.375f,-1.1482235018591337e-16f,-0.23242697264178394f,-0.9726138506049435f,-0.09375000000000004f,0f,0f,0f,1f], start_interpolation: 0, interpolation_duration: 1 }
$data merge entity $(bone_body) { transformation: [-1f,2.0170339020587746e-17f,1.2079219863225079e-16f,1.7221595613009655e-17f,0f,0.986343153931003f,-0.16470331719015738f,1.484375f,-1.2246467991473532e-16f,-0.16470331719015738f,-0.986343153931003f,-0.140625f,0f,0f,0f,1f], start_interpolation: 0, interpolation_duration: 1 }
$data merge entity $(bone_head) { transformation: [-1f,6.026728382522142e-17f,1.0660887546048302e-16f,1.9135106236677395e-17f,0f,0.8705275311600722f,-0.49211971865832543f,1.46875f,-1.2246467991473532e-16f,-0.49211971865832543f,-0.8705275311600722f,-0.15625f,0f,0f,0f,1f], start_interpolation: 0, interpolation_duration: 1 }