# This file was generated by Animated Java via MC-Build. It is not recommended to edit this file directly.
$data merge entity $(bone_leftleg) { transformation: [-0.9976734409753371f,-0.0673396681888296f,0.010633638166164552f,0.11875f,-0.0640703359728075f,0.9794418729834894f,0.19128149281863582f,0.75f,-0.02329586273916785f,0.19015516436534818f,-0.9814776188199226f,1.4542680739874818e-17f,0f,0f,0f,1f], start_interpolation: 0, interpolation_duration: 1 }
$data merge entity $(bone_rightleg) { transformation: [-0.9950822745186269f,0.09904005500680127f,-0.0015278884403000933f,-0.11875f,0.09623579709492944f,0.9703290134606105f,0.22181135452014591f,0.75f,0.023450763235762614f,0.22057350960803987f,-0.9750884003837048f,-1.4542680739874818e-17f,0f,0f,0f,1f], start_interpolation: 0, interpolation_duration: 1 }
$data merge entity $(bone_leftarm) { transformation: [-0.983265455202931f,-0.16469376022735552f,0.07787817375071979f,0.3125f,-0.17070862524120825f,0.9822166910444949f,-0.07815968975027937f,1.3125f,-0.06362082892284324f,-0.09014619889810961f,-0.993894387221999f,0.004835937500000057f,0f,0f,0f,1f], start_interpolation: 0, interpolation_duration: 1 }
$data merge entity $(bone_rightarm) { transformation: [-0.9905352223190173f,0.13463654790762788f,-0.026701560121688516f,-0.3125f,0.13658326183844463f,0.9861063216611554f,-0.09454805638127552f,1.3125f,0.013600953311661747f,-0.09730016622505328f,-0.9951621434327127f,0.004835937499999981f,0f,0f,0f,1f], start_interpolation: 0, interpolation_duration: 1 }
$data merge entity $(bone_body) { transformation: [-1f,6.786247993679139e-19f,1.2246279963727866e-16f,4.860316984116033e-19f,0f,0.9999846463694024f,-0.005541392014745794f,1.4375f,-1.2246467991473532e-16f,-0.005541392014745794f,-0.9999846463694024f,-0.003968749999999979f,0f,0f,0f,1f], start_interpolation: 0, interpolation_duration: 1 }
$data merge entity $(bone_head) { transformation: [-1f,3.300522723429018e-17f,1.1793325570775805e-16f,4.313052945747082e-18f,0f,0.9629981133324953f,-0.26950813293489767f,1.4375f,-1.2246467991473532e-16f,-0.26950813293489767f,-0.9629981133324953f,-0.03521874999999998f,0f,0f,0f,1f], start_interpolation: 0, interpolation_duration: 1 }