# This file was generated by Animated Java via MC-Build. It is not recommended to edit this file directly.
$data merge entity $(bone_leftleg) { transformation: [-0.9975346291570565f,-0.06937102931687625f,0.010598298165787383f,0.11875f,-0.06595190121916542f,0.9783434441776564f,0.1962000304795549f,0.75f,-0.02397937359630738f,0.1950173467313047f,-0.9805066160489744f,1.4542680739874818e-17f,0f,0f,0f,1f], start_interpolation: 0, interpolation_duration: 1 }
$data merge entity $(bone_rightleg) { transformation: [-0.9949836671517368f,0.10002469671036639f,-0.0016006715094323003f,-0.11875f,0.09708387268803777f,0.9693423391803555f,0.22572140159109744f,0.75f,0.024129313400400792f,0.22443370852070288f,-0.9741905802842016f,-1.4542680739874818e-17f,0f,0f,0f,1f], start_interpolation: 0, interpolation_duration: 1 }
$data merge entity $(bone_leftarm) { transformation: [-0.9824071397043578f,-0.16980434640224884f,0.0777347785795235f,0.3125f,-0.17630443819921776f,0.9805545618904452f,-0.08619452550536663f,1.3125f,-0.061586986686804686f,-0.09838310372590502f,-0.9932410623670858f,0.002680555555555613f,0f,0f,0f,1f], start_interpolation: 0, interpolation_duration: 1 }
$data merge entity $(bone_rightarm) { transformation: [-0.9899875821627412f,0.13839676578981494f,-0.027765489055458673f,-0.3125f,0.14053915324307245f,0.9847617338942675f,-0.1024357059978412f,1.3125f,0.013165620733178217f,-0.10531221522917017f,-0.9943520522200551f,0.0026805555555555367f,0f,0f,0f,1f], start_interpolation: 0, interpolation_duration: 1 }
$data merge entity $(bone_body) { transformation: [-1f,1.1700172967689528e-18f,1.2245909066355113e-16f,8.379759116387867e-19f,0f,0.999954360300553f,-0.009553916260456194f,1.4375f,-1.2246467991473532e-16f,-0.009553916260456194f,-0.999954360300553f,-0.00684259259259256f,0f,0f,0f,1f], start_interpolation: 0, interpolation_duration: 1 }
$data merge entity $(bone_head) { transformation: [-1f,3.3950601916647916e-17f,1.1766458454486582e-16f,4.664997158974266e-18f,0f,0.9608042467982483f,-0.2772277030429153f,1.4375f,-1.2246467991473532e-16f,-0.2772277030429153f,-0.9608042467982483f,-0.03809259259259256f,0f,0f,0f,1f], start_interpolation: 0, interpolation_duration: 1 }