# This file was generated by Animated Java via MC-Build. It is not recommended to edit this file directly.
$data merge entity $(bone_leftleg) { transformation: [-0.9973890020256637f,-0.07144266060946083f,0.010541578785551918f,0.11875f,-0.06786950279321893f,0.9771942563530608f,0.20120913483534916f,0.75f,-0.024676086173699697f,0.19996832648104515f,-0.9794915819829787f,1.4542680739874818e-17f,0f,0f,0f,1f], start_interpolation: 0, interpolation_duration: 1 }
$data merge entity $(bone_rightleg) { transformation: [-0.994881937978893f,0.1010304485311513f,-0.0016667192194209737f,-0.11875f,0.09794819527309172f,0.9683193837418302f,0.22970355267732862f,0.75f,0.024820969483609834f,0.22836466350868817f,-0.9732592151808568f,-1.4542680739874818e-17f,0f,0f,0f,1f], start_interpolation: 0, interpolation_duration: 1 }
$data merge entity $(bone_leftarm) { transformation: [-0.9814952585502327f,-0.1750213517333984f,0.07768258415388889f,0.3125f,-0.18200327778554254f,0.97875780374666f,-0.09438203473295738f,1.3125f,-0.05951356415751461f,-0.10677400452558007f,-0.9925006033443208f,0.0004835069444444584f,0f,0f,0f,1f], start_interpolation: 0, interpolation_duration: 1 }
$data merge entity $(bone_rightarm) { transformation: [-0.9894129026662897f,0.14221842848793773f,-0.028914125196668725f,-0.3125f,0.1445692293048586f,0.9833097074966805f,-0.11046156381742923f,1.3125f,0.012721869975223893f,-0.11347218928536684f,-0.9934597205136801f,0.00048350694444438183f,0f,0f,0f,1f], start_interpolation: 0, interpolation_duration: 1 }
$data merge entity $(bone_body) { transformation: [-1f,1.6708896845501656e-18f,1.2245328070035788e-16f,1.1967237181945763e-18f,0f,0.9999069183507818f,-0.01364384968558693f,1.4375f,-1.2246467991473532e-16f,-0.01364384968558693f,-0.9999069183507818f,-0.009771990740740776f,0f,0f,0f,1f], start_interpolation: 0, interpolation_duration: 1 }
$data merge entity $(bone_head) { transformation: [-1f,3.491200126753591e-17f,1.173829203679741e-16f,5.023744965530055e-18f,0f,0.9585042842532284f,-0.2850781244995945f,1.4375f,-1.2246467991473532e-16f,-0.2850781244995945f,-0.9585042842532284f,-0.041021990740740776f,0f,0f,0f,1f], start_interpolation: 0, interpolation_duration: 1 }