# This file was generated by Animated Java via MC-Build. It is not recommended to edit this file directly.
$data merge entity $(bone_leftleg) { transformation: [-0.9972366833637126f,-0.07354953274617355f,0.010462484722187238f,0.11875f,-0.06981856656188994f,0.9759954541607534f,0.20629648862932104f,0.75f,-0.02538434787394395f,0.20499595042430518f,-0.9784335926329647f,1.4542680739874818e-17f,0f,0f,0f,1f], start_interpolation: 0, interpolation_duration: 1 }
$data merge entity $(bone_rightleg) { transformation: [-0.9947772629915127f,0.10205498499561368f,-0.0017254195605352237f,-0.11875f,0.09882670600337524f,0.9672616546318811f,0.23374809872877716f,0.75f,0.025524090887576095f,0.23235677635124136f,-0.9722956593896848f,-1.4542680739874818e-17f,0f,0f,0f,1f], start_interpolation: 0, interpolation_duration: 1 }
$data merge entity $(bone_leftarm) { transformation: [-0.9805300199875779f,-0.1803313286110711f,0.07772703406489853f,0.3125f,-0.18779108534006375f,0.9768249497152796f,-0.10270114838959879f,1.3125f,-0.057405471602983205f,-0.11529800317051192f,-0.9916708033893766f,-0.0017499999999999773f,0f,0f,0f,1f], start_interpolation: 0, interpolation_duration: 1 }
$data merge entity $(bone_rightarm) { transformation: [-0.9888116708200239f,0.14609097632373877f,-0.030148072689469865f,-0.3125f,0.14866374229190527f,0.9817494473401507f,-0.11860486657416185f,1.3125f,0.012270752946691653f,-0.12175980159348795f,-0.9924837426064146f,-0.0017500000000000536f,0f,0f,0f,1f], start_interpolation: 0, interpolation_duration: 1 }
$data merge entity $(bone_body) { transformation: [-1f,2.1800449638784528e-18f,1.2244527443137216e-16f,1.5614246689128784e-18f,0f,0.999841542203216f,-0.017801418052913583f,1.4375f,-1.2246467991473532e-16f,-0.017801418052913583f,-0.999841542203216f,-0.012750000000000025f,0f,0f,0f,1f], start_interpolation: 0, interpolation_duration: 1 }
$data merge entity $(bone_head) { transformation: [-1f,3.5886959188767444e-17f,1.1708853055189615e-16f,5.388445916248357e-18f,0f,0.9561004089784724f,-0.29303926008505754f,1.4375f,-1.2246467991473532e-16f,-0.29303926008505754f,-0.9561004089784724f,-0.044000000000000025f,0f,0f,0f,1f], start_interpolation: 0, interpolation_duration: 1 }