# This file was generated by Animated Java via MC-Build. It is not recommended to edit this file directly.
$data merge entity $(bone_leftleg) { transformation: [-0.9970778334736469f,-0.07568659187657142f,0.010360202971359608f,0.11875f,-0.07179452045342608f,0.9747484447110677f,0.2114497963257881f,0.75f,-0.026102506170117827f,0.21008809900483177f,-0.9773339500028508f,1.4542680739874818e-17f,0f,0f,0f,1f], start_interpolation: 0, interpolation_duration: 1 }
$data merge entity $(bone_rightleg) { transformation: [-0.9946698289185081f,0.10309595744995116f,-0.0017762310389638637f,-0.11875f,0.09971734715803963f,0.9661708121442288f,0.23784535403560925f,0.75f,0.02623703708479525f,0.23640047656051616f,-0.9713014118011833f,-1.4542680739874818e-17f,0f,0f,0f,1f], start_interpolation: 0, interpolation_duration: 1 }
$data merge entity $(bone_leftarm) { transformation: [-0.9795119634831987f,-0.1857206211819955f,0.0778727440190896f,0.3125f,-0.19365382336389556f,0.9747554407080753f,-0.11113067761221913f,1.3125f,-0.05526762243695739f,-0.12393418284629774f,-0.9907501240133086f,-0.004014756944444416f,0f,0f,0f,1f], start_interpolation: 0, interpolation_duration: 1 }
$data merge entity $(bone_rightarm) { transformation: [-0.9881845198182077f,0.15000386944843203f,-0.03146734723735135f,-0.3125f,0.15281295830110894f,0.9800809014663157f,-0.12684489093470652f,1.3125f,0.011813321587166576f,-0.13015477606093376f,-0.9914233100455155f,-0.004014756944444493f,0f,0f,0f,1f], start_interpolation: 0, interpolation_duration: 1 }
$data merge entity $(bone_body) { transformation: [-1f,2.6962855347978573e-18f,1.2243499447026335e-16f,1.931228314627627e-18f,0f,0.9997575999505111f,-0.022016842216671096f,1.4375f,-1.2246467991473532e-16f,-0.022016842216671096f,-0.9997575999505111f,-0.015769675925925937f,0f,0f,0f,1f], start_interpolation: 0, interpolation_duration: 1 }
$data merge entity $(bone_head) { transformation: [-1f,3.6873023652654163e-17f,1.1678175351196514e-16f,5.758249561963106e-18f,0f,0.9535953843448833f,-0.3010910874737647f,1.4375f,-1.2246467991473532e-16f,-0.3010910874737647f,-0.9535953843448833f,-0.04701967592592594f,0f,0f,0f,1f], start_interpolation: 0, interpolation_duration: 1 }