# This file was generated by Animated Java via MC-Build. It is not recommended to edit this file directly.
$data merge entity $(bone_leftleg) { transformation: [-0.9969126506866178f,-0.0778487628259149f,0.010234110975363277f,0.11875f,-0.07379279479317898f,0.9734549084627293f,0.21665678993844406f,0.75f,-0.026828908617261674f,0.21523269109569243f,-0.9761941908995939f,1.4542680739874818e-17f,0f,0f,0f,1f], start_interpolation: 0, interpolation_duration: 1 }
$data merge entity $(bone_rightleg) { transformation: [-0.9945598336700152f,0.10415099438413454f,-0.0018186860827736793f,-0.11875f,0.10061806223704946f,0.9650486756047093f,0.24198565921404883f,0.75f,0.026958167629364947f,0.24048622430898717f,-0.9702781215278816f,-1.4542680739874818e-17f,0f,0f,0f,1f], start_interpolation: 0, interpolation_duration: 1 }
$data merge entity $(bone_leftarm) { transformation: [-0.9784419728834836f,-0.191175393110533f,0.07812345850581338f,0.3125f,-0.19957748314293297f,0.9725496708435275f,-0.11964934585896644f,1.3125f,-0.05310493312498075f,-0.132661625239477f,-0.9897377224631846f,-0.006305555555555519f,0f,0f,0f,1f], start_interpolation: 0, interpolation_duration: 1 }
$data merge entity $(bone_rightarm) { transformation: [-0.9875322349601153f,0.15394661098536896f,-0.03287135349812915f,-0.3125f,0.1570071595874753f,0.9783047896777524f,-0.13516097932407015f,1.3125f,0.011350627866006158f,-0.138636861835834f,-0.9902782355415872f,-0.0063055555555555955f,0f,0f,0f,1f], start_interpolation: 0, interpolation_duration: 1 }
$data merge entity $(bone_body) { transformation: [-1f,3.218413382613556e-18f,1.224223821117576e-16f,2.3052842061727493e-18f,0f,0.9996546122277283f,-0.02628033964449457f,1.4375f,-1.2246467991473532e-16f,-0.02628033964449457f,-0.9996546122277283f,-0.018824074074074076f,0f,0f,0f,1f], start_interpolation: 0, interpolation_duration: 1 }
$data merge entity $(bone_head) { transformation: [-1f,3.786775893303099e-17f,1.1646300124935999e-16f,6.132305453508228e-18f,0f,0.9509925745973947f,-0.3092137174522156f,1.4375f,-1.2246467991473532e-16f,-0.3092137174522156f,-0.9509925745973947f,-0.050074074074074076f,0f,0f,0f,1f], start_interpolation: 0, interpolation_duration: 1 }