# This file was generated by Animated Java via MC-Build. It is not recommended to edit this file directly.
$data merge entity $(bone_leftleg) { transformation: [-0.9967413726341475f,-0.08003095268881077f,0.010083783571498453f,0.11875f,-0.07580882263905009f,0.9721168083611803f,0.22190523498050554f,0.75f,-0.027561902863854255f,0.22041768874886988f,-0.9750160942246696f,1.4542680739874818e-17f,0f,0f,0f,1f], start_interpolation: 0, interpolation_duration: 1 }
$data merge entity $(bone_rightleg) { transformation: [-0.9944474867115807f,0.10521770197770666f,-0.0018523940053588987f,-0.11875f,0.1015267960513615f,0.963897228588035f,0.2461593841474477f,0.75f,0.027685842168260488f,0.24460451326751104f,-0.969227592587313f,-1.4542680739874818e-17f,0f,0f,0f,1f], start_interpolation: 0, interpolation_duration: 1 }
$data merge entity $(bone_leftarm) { transformation: [-0.9773212873215853f,-0.19668165889445896f,0.07848201324254479f,0.3125f,-0.2055480925779113f,0.9702090264809341f,-0.12823582406059764f,1.3125f,-0.05092232305837684f,-0.14145942877532705f,-0.988633474562184f,-0.008617187499999953f,0f,0f,0f,1f], start_interpolation: 0, interpolation_duration: 1 }
$data merge entity $(bone_rightarm) { transformation: [-0.9868557585863136f,0.157908771175789f,-0.0343588668437125f,-0.3125f,0.1612366468942101f,0.9764226267298991f,-0.14353256671639364f,1.3125f,0.010883723781107923f,-0.14718584848971214f,-0.9890489727819447f,-0.00861718750000003f,0f,0f,0f,1f], start_interpolation: 0, interpolation_duration: 1 }
$data merge entity $(bone_body) { transformation: [-1f,3.745230279184606e-18f,1.2240739796586827e-16f,2.682741894382171e-18f,0f,0.9995322573912174f,-0.03058212606109926f,1.4375f,-1.2246467991473532e-16f,-0.03058212606109926f,-0.9995322573912174f,-0.021906250000000002f,0f,0f,0f,1f], start_interpolation: 0, interpolation_duration: 1 }
$data merge entity $(bone_head) { transformation: [-1f,3.8868747825371875e-17f,1.161327613944757e-16f,6.50976314171765e-18f,0f,0.9482959615403548f,-0.31738741204757004f,1.4375f,-1.2246467991473532e-16f,-0.31738741204757004f,-0.9482959615403548f,-0.05315625f,0f,0f,0f,1f], start_interpolation: 0, interpolation_duration: 1 }