# This file was generated by Animated Java via MC-Build. It is not recommended to edit this file directly.
$data merge entity $(bone_leftleg) { transformation: [-0.9921226284377658f,-0.12525945289572998f,0.0016612049847592955f,0.11875f,-0.11771840471307213f,0.9367642175631722f,0.32956816879830364f,0.75f,-0.042837685903283185f,0.32677648347688704f,-0.944130320725339f,1.4542680739874818e-17f,0f,0f,0f,1f], start_interpolation: 0, interpolation_duration: 1 }
$data merge entity $(bone_rightleg) { transformation: [-0.9917969728893681f,0.12782242811195166f,-0.0004375374853547224f,-0.11875f,0.12042663868335944f,0.9355482833377191f,0.3320343871337343f,0.75f,0.042850779023417176f,0.3292580088857549f,-0.9432671807720623f,-1.4542680739874818e-17f,0f,0f,0f,1f], start_interpolation: 0, interpolation_duration: 1 }
$data merge entity $(bone_leftarm) { transformation: [-0.9446983195866326f,-0.30887066993974277f,0.11019979229185059f,0.3125f,-0.3278964623270964f,0.8951610485786594f,-0.30194470868178813f,1.3125f,-0.005384697165819079f,-0.32138078094143924f,-0.9469347383415095f,-0.056804687499999965f,0f,0f,0f,1f], start_interpolation: 0, interpolation_duration: 1 }
$data merge entity $(bone_rightarm) { transformation: [-0.9686028038649721f,0.2350155219085909f,-0.08109446841151938f,-0.3125f,0.2486107095396753f,0.9171248702265136f,-0.31156811055398437f,1.3125f,0.0011504117060846385f,-0.32194669880903143f,-0.9467570964502316f,-0.05680468750000005f,0f,0f,0f,1f], start_interpolation: 0, interpolation_duration: 1 }
$data merge entity $(bone_body) { transformation: [-1f,1.4696604902812406e-17f,1.2157963493508775e-16f,1.0551097578903915e-17f,0f,0.9927730592995158f,-0.12000688617358697f,1.4375f,-1.2246467991473532e-16f,-0.12000688617358697f,-0.9927730592995158f,-0.08615625f,0f,0f,0f,1f], start_interpolation: 0, interpolation_duration: 1 }
$data merge entity $(bone_head) { transformation: [-1f,5.896971205046028e-17f,1.0733205899126493e-16f,1.4378118826239393e-17f,0f,0.8764327728288164f,-0.48152424104253805f,1.4375f,-1.2246467991473532e-16f,-0.48152424104253805f,-0.8764327728288164f,-0.11740625f,0f,0f,0f,1f], start_interpolation: 0, interpolation_duration: 1 }