# This file was generated by Animated Java via MC-Build. It is not recommended to edit this file directly.
$data merge entity $(bone_leftleg) { transformation: [-0.9961939527760216f,-0.08664652486271233f,0.009486210081010997f,0.11875f,-0.08191780568456426f,0.9678591344201392f,0.23777756208550233f,0.75f,-0.029783914522971508f,0.23609547994130325f,-0.9712733100353237f,1.4542680739874818e-17f,0f,0f,0f,1f], start_interpolation: 0, interpolation_duration: 1 }
$data merge entity $(bone_rightleg) { transformation: [-0.9940986094764974f,0.10846359286065056f,-0.0018983310178148547f,-0.11875f,0.10428057941577211f,0.9602894055011809f,0.25878527477215435f,0.75f,0.029891727845760416f,0.2570601227455313f,-0.9659330090127614f,-1.4542680739874818e-17f,0f,0f,0f,1f], start_interpolation: 0, interpolation_duration: 1 }
$data merge entity $(bone_leftarm) { transformation: [-0.9736729475485117f,-0.21336806507594938f,0.08021882583245984f,0.3125f,-0.2236026136585466f,0.9624072276747848f,-0.1541888429310033f,1.3125f,-0.044304202704256425f,-0.16806664429648227f,-0.9847795391343486f,-0.015624999999999962f,0f,0f,0f,1f], start_interpolation: 0, interpolation_duration: 1 }
$data merge entity $(bone_rightarm) { transformation: [-0.9846930361130045f,0.16980899578503034f,-0.03930050357225469f,-0.3125f,0.17404015771972972f,0.9701672382613349f,-0.16877663732064915f,1.3125f,0.00946826971758036f,-0.17303304526839342f,-0.984870507789578f,-0.015625000000000038f,0f,0f,0f,1f], start_interpolation: 0, interpolation_duration: 1 }
$data merge entity $(bone_body) { transformation: [-1f,5.341834311772723e-18f,1.223481206754078e-16f,3.827021247335479e-18f,0f,0.9990482215818578f,-0.043619387365336f,1.4375f,-1.2246467991473532e-16f,-0.043619387365336f,-0.9990482215818578f,-0.03125f,0f,0f,0f,1f], start_interpolation: 0, interpolation_duration: 1 }
$data merge entity $(bone_head) { transformation: [-1f,4.188538737676991e-17f,1.1507915602278503e-16f,7.654042494670958e-18f,0f,0.9396926207859084f,-0.34202014332566866f,1.4375f,-1.2246467991473532e-16f,-0.34202014332566866f,-0.9396926207859084f,-0.0625f,0f,0f,0f,1f], start_interpolation: 0, interpolation_duration: 1 }