# This file was generated by Animated Java via MC-Build. It is not recommended to edit this file directly.
$data merge entity $(bone_leftleg) { transformation: [-0.9960014872280055f,-0.0888576490071349f,0.009238812289794491f,0.11875f,-0.08395924419848312f,0.966368279562273f,0.24307034695633298f,0.75f,-0.030526754711575826f,0.24132274337239215f,-0.969964664705886f,1.4542680739874818e-17f,0f,0f,0f,1f], start_interpolation: 0, interpolation_duration: 1 }
$data merge entity $(bone_rightleg) { transformation: [-0.9939791906501135f,0.10955262863434728f,-0.001894759575786631f,-0.11875f,0.10520086533102271f,0.9590439634958294f,0.2629970608501436f,0.75f,0.030629177072674717f,0.26121427534021746f,-0.9647947739650831f,-1.4542680739874818e-17f,0f,0f,0f,1f], start_interpolation: 0, interpolation_duration: 1 }
$data merge entity $(bone_leftarm) { transformation: [-0.9723692350392432f,-0.21893871826427225f,0.08101795106020997f,0.3125f,-0.2296223101655873f,0.9595617865503704f,-0.16283357290952058f,1.3125f,-0.04209115611878318f,-0.1769378858160653f,-0.9833215746334082f,-0.0179678819444444f,0f,0f,0f,1f], start_interpolation: 0, interpolation_duration: 1 }
$data merge entity $(bone_rightarm) { transformation: [-0.9839324768210835f,0.17374674792267522f,-0.04109682035172956f,-0.3125f,0.17831424572400345f,0.9678924260871513f,-0.17716738214188277f,1.3125f,0.008995044669577354f,-0.18164888964544365f,-0.9833223123991287f,-0.017967881944444476f,0f,0f,0f,1f], start_interpolation: 0, interpolation_duration: 1 }
$data merge entity $(bone_body) { transformation: [-1f,5.875428471673272e-18f,1.223236574293494e-16f,4.209581630541345e-18f,0f,0.99884846401849f,-0.04797651433673753f,1.4375f,-1.2246467991473532e-16f,-0.04797651433673753f,-0.99884846401849f,-0.034373842592592574f,0f,0f,0f,1f], start_interpolation: 0, interpolation_duration: 1 }
$data merge entity $(bone_head) { transformation: [-1f,4.28876640987042e-17f,1.1470939845878059e-16f,8.036602877876825e-18f,0f,0.9366733211457029f,-0.3502043538476911f,1.4375f,-1.2246467991473532e-16f,-0.3502043538476911f,-0.9366733211457029f,-0.06562384259259257f,0f,0f,0f,1f], start_interpolation: 0, interpolation_duration: 1 }