# This file was generated by Animated Java via MC-Build. It is not recommended to edit this file directly.
$data merge entity $(bone_leftleg) { transformation: [-0.9958047320106593f,-0.09106320660891574f,0.008968171902946949f,0.11875f,-0.08599565374637287f,0.9648471097370677f,0.24834412086610957f,0.75f,-0.031267926728723625f,0.24653102691979528f,-0.9686303575275547f,1.4542680739874818e-17f,0f,0f,0f,1f], start_interpolation: 0, interpolation_duration: 1 }
$data merge entity $(bone_rightleg) { transformation: [-0.9938586490104495f,0.1106410635557283f,-0.0018817126192366158f,-0.11875f,0.10611891643441844f,0.9577817047596223f,0.2671946511488143f,0.75f,0.03136497029982675f,0.26535402970938454f,-0.963640740917009f,-1.4542680739874818e-17f,0f,0f,0f,1f], start_interpolation: 0, interpolation_duration: 1 }
$data merge entity $(bone_leftarm) { transformation: [-0.9710265770572626f,-0.22448997691855443f,0.08192458063098688f,0.3125f,-0.23561992073495538f,0.9566041824440028f,-0.17144005099011791f,1.3125f,-0.03988282338688561f,-0.18577590907797437f,-0.981782395444603f,-0.02030555555555551f,0f,0f,0f,1f], start_interpolation: 0, interpolation_duration: 1 }
$data merge entity $(bone_rightarm) { transformation: [-0.9831548988462392f,0.1776536485385445f,-0.042960749942063066f,-0.3125f,0.18257547909885136f,0.9655314943583976f,-0.18551314733426452f,1.3125f,0.008522869614516941f,-0.19023173910518443f,-0.9817022186643722f,-0.020305555555555587f,0f,0f,0f,1f], start_interpolation: 0, interpolation_duration: 1 }
$data merge entity $(bone_body) { transformation: [-1f,6.4077250305412895e-18f,1.2229692917874738e-16f,4.59129156458114e-18f,0f,0.9986302112894531f,-0.05232304559161546f,1.4375f,-1.2246467991473532e-16f,-0.05232304559161546f,-0.9986302112894531f,-0.03749074074074073f,0f,0f,0f,1f], start_interpolation: 0, interpolation_duration: 1 }
$data merge entity $(bone_head) { transformation: [-1f,4.3884460001951934e-17f,1.143317628524797e-16f,8.418312811916619e-18f,0f,0.9335896924083085f,-0.3583438100888028f,1.4375f,-1.2246467991473532e-16f,-0.3583438100888028f,-0.9335896924083085f,-0.06874074074074073f,0f,0f,0f,1f], start_interpolation: 0, interpolation_duration: 1 }