# This file was generated by Animated Java via MC-Build. It is not recommended to edit this file directly.
$data merge entity $(bone_leftleg) { transformation: [-0.9956041740096705f,-0.09325808755034928f,0.008675125415411706f,0.11875f,-0.08802249033411275f,0.9632993763368543f,0.25358697274191494f,0.75f,-0.032005779007903634f,0.25170864239330176f,-0.967273689011863f,1.4542680739874818e-17f,0f,0f,0f,1f], start_interpolation: 0, interpolation_duration: 1 }
$data merge entity $(bone_rightleg) { transformation: [-0.9937372673285885f,0.11172639140350082f,-0.0018592972493088628f,-0.11875f,0.1070326869391379f,0.9565056516141636f,0.2713686465985945f,0.75f,0.03209746795150745f,0.2694701317291327f,-0.9624736882933402f,-1.4542680739874818e-17f,0f,0f,0f,1f], start_interpolation: 0, interpolation_duration: 1 }
$data merge entity $(bone_leftarm) { transformation: [-0.9696484479689791f,-0.23000774754584827f,0.08293565831556063f,0.3125f,-0.24158185597615844f,0.9535421951816587f,-0.17998746865062024f,1.3125f,-0.037684137438247535f,-0.19456031989341682f,-0.9801664081718505f,-0.02263281249999999f,0f,0f,0f,1f], start_interpolation: 0, interpolation_duration: 1 }
$data merge entity $(bone_rightarm) { transformation: [-0.9823622367122564f,0.1815201898544634f,-0.044887153584208646f,-0.3125f,0.18681431515621624f,0.9630909128428868f,-0.19379449231639378f,1.3125f,0.00805279668231323f,-0.1987619537905946f,-0.9800147132522751f,-0.022632812500000068f,0f,0f,0f,1f], start_interpolation: 0, interpolation_duration: 1 }
$data merge entity $(bone_body) { transformation: [-1f,6.937529140267069e-18f,1.2226801918754764e-16f,4.971300600288793e-18f,0f,0.9983941432964624f,-0.056649224454734595f,1.4375f,-1.2246467991473532e-16f,-0.056649224454734595f,-0.9983941432964624f,-0.04059375000000005f,0f,0f,0f,1f], start_interpolation: 0, interpolation_duration: 1 }
$data merge entity $(bone_head) { transformation: [-1f,4.487351182043328e-17f,1.1394720603647995e-16f,8.798321847624272e-18f,0f,0.9304495477048111f,-0.3664200310789688f,1.4375f,-1.2246467991473532e-16f,-0.3664200310789688f,-0.9304495477048111f,-0.07184375000000005f,0f,0f,0f,1f], start_interpolation: 0, interpolation_duration: 1 }