# This file was generated by Animated Java via MC-Build. It is not recommended to edit this file directly.
$data merge entity $(bone_leftleg) { transformation: [-0.99540034169297f,-0.0954371945520707f,0.008360720874954495f,0.11875f,-0.0900352147185513f,0.9617291280603655f,0.25878706372389165f,0.75f,-0.03273866014520225f,0.2568439723573038f,-0.9658982109910017f,1.4542680739874818e-17f,0f,0f,0f,1f], start_interpolation: 0, interpolation_duration: 1 }
$data merge entity $(bone_rightleg) { transformation: [-0.9936153406098089f,0.11280609202820889f,-0.0018277051667682008f,-0.11875f,0.10794013280579427f,0.9552189990576021f,0.27550969414752025f,0.75f,0.03282503061264157f,0.2735533758532618f,-0.9612965556604076f,-1.4542680739874818e-17f,0f,0f,0f,1f], start_interpolation: 0, interpolation_duration: 1 }
$data merge entity $(bone_leftarm) { transformation: [-0.9682386912651442f,-0.23547805849086553f,0.08404713383889569f,0.3125f,-0.24749461493117364f,0.9503846777118198f,-0.18845524654588536f,1.3125f,-0.035500032637038575f,-0.2032708743031644f,-0.9784787679570754f,-0.02494444444444444f,0f,0f,0f,1f], start_interpolation: 0, interpolation_duration: 1 }
$data merge entity $(bone_rightarm) { transformation: [-0.9815565897506114f,0.18533709860689068f,-0.04687025706276297f,-0.3125f,0.19102124377111332f,0.9605779587084798f,-0.20199225151373237f,1.3125f,0.007585878016862079f,-0.2072200403518677f,-0.9782649484323169f,-0.024944444444444516f,0f,0f,0f,1f], start_interpolation: 0, interpolation_duration: 1 }
$data merge entity $(bone_body) { transformation: [-1f,7.463647293860717e-18f,1.2223703119632537e-16f,5.348758288498213e-18f,0f,0.9981411071455994f,-0.06094530520193413f,1.4375f,-1.2246467991473532e-16f,-0.06094530520193413f,-0.9981411071455994f,-0.043675925925925965f,0f,0f,0f,1f], start_interpolation: 0, interpolation_duration: 1 }
$data merge entity $(bone_head) { transformation: [-1f,4.585258788597914e-17f,1.135567611847799e-16f,9.175779535833692e-18f,0f,0.927261323541143f,-0.37441479386467585f,1.4375f,-1.2246467991473532e-16f,-0.37441479386467585f,-0.927261323541143f,-0.07492592592592597f,0f,0f,0f,1f], start_interpolation: 0, interpolation_duration: 1 }