# This file was generated by Animated Java via MC-Build. It is not recommended to edit this file directly.
$data merge entity $(bone_leftleg) { transformation: [-0.9951938044954476f,-0.09759544747635306f,0.00802621490911489f,0.11875f,-0.09202929260021821f,0.9601407060605456f,0.26393263130780265f,0.75f,-0.03346491890592756f,0.26192547260136323f,-0.9645077221075901f,1.4542680739874818e-17f,0f,0f,0f,1f], start_interpolation: 0, interpolation_duration: 1 }
$data merge entity $(bone_rightleg) { transformation: [-0.9934931759145013f,0.11387763294514233f,-0.0017872118311138938f,-0.11875f,0.10883921176765601f,0.9539251119982809f,0.2796084882131845f,0.75f,0.03354601903524715f,0.27759460624060883f,-0.9601124409114842f,-1.4542680739874818e-17f,0f,0f,0f,1f], start_interpolation: 0, interpolation_duration: 1 }
$data merge entity $(bone_leftarm) { transformation: [-0.9668015127976081f,-0.2408870984649742f,0.08525397729949184f,0.3125f,-0.2533447907309812f,0.947141539204073f,-0.19682307213234673f,1.3125f,-0.03333544452578645f,-0.21188749492894912f,-0.9767253644863548f,-0.027235243055555542f,0f,0f,0f,1f], start_interpolation: 0, interpolation_duration: 1 }
$data merge entity $(bone_rightarm) { transformation: [-0.9807402194331237f,0.18909535528661756f,-0.04890366648111519f,-0.3125f,0.19518678873230866f,0.9580006976931164f,-0.21008755490002573f,1.3125f,0.00712316577354268f,-0.21558666431050436f,-0.9764587296352225f,-0.02723524305555562f,0f,0f,0f,1f], start_interpolation: 0, interpolation_duration: 1 }
$data merge entity $(bone_body) { transformation: [-1f,7.984887527054138e-18f,1.222040891206136e-16f,5.722814180043336e-18f,0f,0.9978721146839795f,-0.0652015547063327f,1.4375f,-1.2246467991473532e-16f,-0.0652015547063327f,-0.9978721146839795f,-0.04673032407407411f,0f,0f,0f,1f], start_interpolation: 0, interpolation_duration: 1 }
$data merge entity $(bone_head) { transformation: [-1f,4.681948932484833e-17f,1.131615360711359e-16f,9.549835427378815e-18f,0f,0.9240340655764859f,-0.3823101432792368f,1.4375f,-1.2246467991473532e-16f,-0.3823101432792368f,-0.9240340655764859f,-0.07798032407407411f,0f,0f,0f,1f], start_interpolation: 0, interpolation_duration: 1 }