# This file was generated by Animated Java via MC-Build. It is not recommended to edit this file directly.
$data merge entity $(bone_leftleg) { transformation: [-0.9949851719697838f,-0.09972778740160364f,0.007673068502258721f,0.11875f,-0.0940001947799174f,0.9585387373807507f,0.2690119928959561f,0.75f,-0.034182904230000706f,0.26694167407974523f,-0.9631062618932065f,1.4542680739874818e-17f,0f,0f,0f,1f], start_interpolation: 0, interpolation_duration: 1 }
$data merge entity $(bone_rightleg) { transformation: [-0.9933710921104021f,0.11493847096011252f,-0.0017381751172883893f,-0.11875f,0.10972788334424376f,0.9526275215114943f,0.2836557718003626f,0.75f,0.03425879414367967f,0.2815847175402435f,-0.9589245965515757f,-1.4542680739874818e-17f,0f,0f,0f,1f], start_interpolation: 0, interpolation_duration: 1 }
$data merge entity $(bone_leftarm) { transformation: [-0.9653414719047925f,-0.24622125305744122f,0.08655020025113887f,0.3125f,-0.2591190754875973f,0.9438237210862882f,-0.2050709346379571f,1.3125f,-0.03119530956957486f,-0.22039028576063852f,-0.9749128035897378f,-0.02949999999999998f,0f,0f,0f,1f], start_interpolation: 0, interpolation_duration: 1 }
$data merge entity $(bone_rightarm) { transformation: [-0.9799155457767789f,0.1927862111167827f,-0.05098038787840876f,-0.3125f,0.19930150884269465f,0.9553679604751405f,-0.21806184597630962f,1.3125f,0.006665712116722787f,-0.22384266103852f,-0.9746024991662864f,-0.029500000000000057f,0f,0f,0f,1f], start_interpolation: 0, interpolation_duration: 1 }
$data merge entity $(bone_body) { transformation: [-1f,8.50005960438976e-18f,1.2216933663297185e-16f,6.092617825758084e-18f,0f,0.9975883390870813f,-0.06940825395785816f,1.4375f,-1.2246467991473532e-16f,-0.06940825395785816f,-0.9975883390870813f,-0.049750000000000016f,0f,0f,0f,1f], start_interpolation: 0, interpolation_duration: 1 }
$data merge entity $(bone_head) { transformation: [-1f,4.777205100816981e-17f,1.1276271089811295e-16f,9.919639073093564e-18f,0f,0.9207774108961272f,-0.3900883997037397f,1.4375f,-1.2246467991473532e-16f,-0.3900883997037397f,-0.9207774108961272f,-0.08100000000000002f,0f,0f,0f,1f], start_interpolation: 0, interpolation_duration: 1 }