# This file was generated by Animated Java via MC-Build. It is not recommended to edit this file directly.
$data merge entity $(bone_leftleg) { transformation: [-0.9943533753567769f,-0.10591913492839204f,0.006519338356437026f,0.11875f,-0.09972863375780967f,0.9537019248643804f,0.28373726952724465f,0.75f,-0.036270711674645954f,0.28148494696163895f,-0.9588798986883696f,1.4542680739874818e-17f,0f,0f,0f,1f], start_interpolation: 0, interpolation_duration: 1 }
$data merge entity $(bone_rightleg) { transformation: [-0.993008684711055f,0.11803120930275592f,-0.0015445772721618513f,-0.11875f,0.11231107568484075f,0.9487502270254423f,0.2953967315284406f,0.75f,0.03633145148400527f,0.29315804670808654f,-0.9553734271390244f,-1.4542680739874818e-17f,0f,0f,0f,1f], start_interpolation: 0, interpolation_duration: 1 }
$data merge entity $(bone_leftarm) { transformation: [-0.9608748260448517f,-0.2616419009931075f,0.09090150888730471f,0.3125f,-0.2758550669969362f,0.9335463908317494f,-0.22889979942571034f,1.3125f,-0.024970996884219623f,-0.2450196967791109f,-0.9691964700229159f,-0.03608593749999994f,0f,0f,0f,1f], start_interpolation: 0, interpolation_duration: 1 }
$data merge entity $(bone_rightarm) { transformation: [-0.9774181818791994f,0.2033712279763464f,-0.05739199738076176f,-0.3125f,0.21124684844633818f,0.9472360477887413f,-0.24107807613106455f,1.3125f,0.005335424392704834f,-0.24775797343568673f,-0.9688072666147748f,-0.036085937500000026f,0f,0f,0f,1f], start_interpolation: 0, interpolation_duration: 1 }
$data merge entity $(bone_body) { transformation: [-1f,9.997293834220771e-18f,1.2205593776056465e-16f,7.168010796259349e-18f,0f,0.996662367023249f,-0.08163409924544184f,1.4375f,-1.2246467991473532e-16f,-0.08163409924544184f,-0.996662367023249f,-0.05853124999999998f,0f,0f,0f,1f], start_interpolation: 0, interpolation_duration: 1 }
$data merge entity $(bone_head) { transformation: [-1f,5.0522564622234055e-17f,1.1155746631494802e-16f,1.0995032043594828e-17f,0f,0.9109358420127229f,-0.41254804779149246f,1.4375f,-1.2246467991473532e-16f,-0.41254804779149246f,-0.9109358420127229f,-0.08978124999999998f,0f,0f,0f,1f], start_interpolation: 0, interpolation_duration: 1 }