# This file was generated by Animated Java via MC-Build. It is not recommended to edit this file directly.
$data merge entity $(bone_leftleg) { transformation: [0.999179172896282f,0.03486703626250014f,0.020622081189138216f,-0.11875f,-0.036750637228341904f,0.9943689606989219f,0.09939698517488671f,0.7534814814814815f,-0.017040279153016192f,-0.10007327206010272f,0.9948341415057949f,0f,0f,0f,0f,1f], start_interpolation: 0, interpolation_duration: 1 }
$data merge entity $(bone_rightleg) { transformation: [0.9987193571841863f,-0.04991069883247624f,0.008280563245320848f,0.11875f,0.05059294007671331f,0.9852517165241289f,-0.1634607277013398f,0.7534814814814815f,0f,0.1636703309348133f,0.9865150899868125f,0.0030000000000000005f,0f,0f,0f,1f], start_interpolation: 0, interpolation_duration: 1 }
$data merge entity $(bone_leftarm) { transformation: [0.9963644400133506f,0.07815160572362385f,-0.0339150291124966f,-0.3125f,-0.08088356987503544f,0.9927862828739915f,-0.08850561937816766f,1.3824814814814816f,0.02675351941619103f,0.09092702051679726f,0.9954981296510734f,0.008000000000000002f,0f,0f,0f,1f], start_interpolation: 0, interpolation_duration: 1 }
$data merge entity $(bone_rightarm) { transformation: [0.9894695812261267f,-0.1444648822303076f,-0.008935638218767864f,0.3125f,0.14307031542098245f,0.9855359448975367f,-0.09082833346627035f,1.3834814814814815f,0.02192789715257578f,0.0885934484998906f,0.995826474949006f,0.008000000000000002f,0f,0f,0f,1f], start_interpolation: 0, interpolation_duration: 1 }
$data merge entity $(bone_body) { transformation: [1f,0f,0f,0f,0f,0.9985429559224416f,-0.05396262760163575f,1.511439814814815f,0f,0.05396262760163575f,0.9985429559224416f,0.03250000000000001f,0f,0f,0f,1f], start_interpolation: 0, interpolation_duration: 1 }
$data merge entity $(bone_head) { transformation: [1f,0f,0f,0f,0f,0.9939353922080802f,0.10996561333512307f,1.5084814814814815f,0f,-0.10996561333512307f,0.9939353922080802f,-0.012f,0f,0f,0f,1f], start_interpolation: 0, interpolation_duration: 1 }