# This file was generated by Animated Java via MC-Build. It is not recommended to edit this file directly.
$data merge entity $(bone_leftleg) { transformation: [0.9958957515055072f,0.08026754324507475f,0.041818340888669515f,-0.11875f,-0.08209181594053207f,0.9956573298313908f,0.04390233830459301f,0.7627314814814815f,-0.03811280478876774f,-0.04715509574187276f,0.998160213120473f,0f,0f,0f,0f,1f], start_interpolation: 0, interpolation_duration: 1 }
$data merge entity $(bone_rightleg) { transformation: [0.9935965291411853f,-0.11254829728185356f,-0.009940727214097486f,0.11875f,0.1129864473226306f,0.9897434620692025f,0.08741820183851606f,0.7627314814814815f,0f,-0.08798158938223741f,0.9961221009142279f,-0.09375f,0f,0f,0f,1f], start_interpolation: 0, interpolation_duration: 1 }
$data merge entity $(bone_leftarm) { transformation: [0.9452055556792796f,0.325821677110143f,-0.020656530157752102f,-0.3125f,-0.3209484698639299f,0.938934456251071f,0.12407323062009754f,1.2627314814814814f,0.059820875996816535f,-0.11064502514636404f,0.9920580331842155f,-0.25f,0f,0f,0f,1f], start_interpolation: 0, interpolation_duration: 1 }
$data merge entity $(bone_rightarm) { transformation: [0.9974336119478133f,0.02798182217311929f,-0.06590301498877604f,0.3125f,-0.039723406413195037f,0.9820808692983104f,-0.18422599474886045f,1.2314814814814814f,0.059567111224828134f,0.18637109160528878f,0.9806720019834266f,-0.25f,0f,0f,0f,1f], start_interpolation: 0, interpolation_duration: 1 }
$data merge entity $(bone_body) { transformation: [1f,0f,0f,0f,0f,0.7888293861923923f,0.6146122350550253f,1.3548017939814816f,0f,-0.6146122350550253f,0.7888293861923923f,-0.3928125f,0f,0f,0f,1f], start_interpolation: 0, interpolation_duration: 1 }
$data merge entity $(bone_head) { transformation: [1f,0f,0f,0f,0f,0.9023221316998127f,0.43106237442475304f,1.3564814814814814f,0f,-0.43106237442475304f,0.9023221316998127f,-0.3515625f,0f,0f,0f,1f], start_interpolation: 0, interpolation_duration: 1 }