# This file was generated by Animated Java via MC-Build. It is not recommended to edit this file directly.
$data merge entity $(bone_leftleg) { transformation: [0.9976743214421261f,0.055907677094203745f,0.038990767842188516f,-0.11875f,-0.061830835341972534f,0.9830661576098132f,0.172504717509962f,0.7596851851851851f,-0.028686166281102744f,-0.17451435873362442f,0.9842366801028525f,0f,0f,0f,0f,1f], start_interpolation: 0, interpolation_duration: 1 }
$data merge entity $(bone_rightleg) { transformation: [0.9963714873789777f,-0.08506022872622213f,-0.0029354092127474593f,0.11875f,0.08511086380835003f,0.995778715201187f,0.03436409774852031f,0.7596851851851851f,2.168404344971009e-19f,-0.03448924239985769f,0.9994050691079588f,-0.11700000000000002f,0f,0f,0f,1f], start_interpolation: 0, interpolation_duration: 1 }
$data merge entity $(bone_leftarm) { transformation: [0.9509955037082035f,0.3080225907425803f,-0.02701176630672655f,-0.3125f,-0.30590794529152754f,0.9499817204427592f,0.06288926643021989f,1.228685185185185f,0.045031999003998555f,-0.051544295677060745f,0.9976549025834833f,-0.31200000000000006f,0f,0f,0f,1f], start_interpolation: 0, interpolation_duration: 1 }
$data merge entity $(bone_rightarm) { transformation: [0.9881753357629026f,0.12756322089168104f,-0.0850713257544211f,0.3125f,-0.13300513984591578f,0.9891939007873857f,-0.06168516369115154f,1.1896851851851853f,0.07628327840649633f,0.07227068092093752f,0.9944635790790837f,-0.31200000000000006f,0f,0f,0f,1f], start_interpolation: 0, interpolation_duration: 1 }
$data merge entity $(bone_body) { transformation: [1f,0f,0f,0f,0f,0.7409752699607093f,0.6715323144172989f,1.3133951851851853f,0f,-0.6715323144172989f,0.7409752699607093f,-0.43518f,0f,0f,0f,1f], start_interpolation: 0, interpolation_duration: 1 }
$data merge entity $(bone_head) { transformation: [1f,0f,0f,0f,0f,0.8099302785263054f,0.5865261664463927f,1.3146851851851853f,0f,-0.5865261664463927f,0.8099302785263054f,-0.404f,0f,0f,0f,1f], start_interpolation: 0, interpolation_duration: 1 }