# This file was generated by Animated Java via MC-Build. It is not recommended to edit this file directly.
$data merge entity $(bone_leftleg) { transformation: [0.9989082108592375f,0.034711594537391456f,0.03126486018949645f,-0.11875f,-0.04238098016974833f,0.9548961579653853f,0.29389994900101174f,0.7566249999999999f,-0.01965295900999194f,-0.2949041076479228f,0.9553247241093125f,0f,0f,0f,0f,1f], start_interpolation: 0, interpolation_duration: 1 }
$data merge entity $(bone_rightleg) { transformation: [0.998296603520207f,-0.058332967798717314f,0.001075298940959135f,0.11875f,0.058342877885982095f,0.998127033440439f,-0.018399285729891968f,0.7566249999999999f,0f,0.01843068048615227f,0.9998301405822978f,-0.139125f,0f,0f,0f,1f], start_interpolation: 0, interpolation_duration: 1 }
$data merge entity $(bone_leftarm) { transformation: [0.9561959822340206f,0.29103849642385593f,-0.031398043869926645f,-0.3125f,-0.2910965883123233f,0.9566895541110259f,0.002805945076476554f,1.1961249999999999f,0.030854818625984208f,0.006456830041720092f,0.9995030212627524f,-0.371f,0f,0f,0f,1f], start_interpolation: 0, interpolation_duration: 1 }
$data merge entity $(bone_rightarm) { transformation: [0.9710683385478702f,0.2244354538552516f,-0.08157823804585415f,0.3125f,-0.22022300686714386f,0.9737518280940418f,0.057525685827338253f,1.14975f,0.09234776183683466f,-0.03789596728279849f,0.9950054203608282f,-0.371f,0f,0f,0f,1f], start_interpolation: 0, interpolation_duration: 1 }
$data merge entity $(bone_body) { transformation: [1f,0f,0f,0f,0f,0.6925389963263286f,0.7213804395513655f,1.2739034375f,0f,-0.7213804395513655f,0.6925389963263286f,-0.47472749999999997f,0f,0f,0f,1f], start_interpolation: 0, interpolation_duration: 1 }
$data merge entity $(bone_head) { transformation: [1f,0f,0f,0f,0f,0.696293221047926f,0.7177574453272526f,1.27475f,0f,-0.7177574453272526f,0.696293221047926f,-0.4535625f,0f,0f,0f,1f], start_interpolation: 0, interpolation_duration: 1 }