# This file was generated by Animated Java via MC-Build. It is not recommended to edit this file directly.
$data merge entity $(bone_leftleg) { transformation: [0.9996247047018667f,0.018179149904904587f,0.02049312710253853f,-0.11875f,-0.024853502515145072f,0.9164702106692116f,0.39933025977085745f,0.7538148148148147f,-0.011521855858995508f,-0.39968971898794925f,0.916578079256153f,0f,0f,0f,0f,1f], start_interpolation: 0, interpolation_duration: 1 }
$data merge entity $(bone_rightleg) { transformation: [0.9994144702722493f,-0.034140201311825f,0.0022722818547427897f,0.11875f,0.03421573629836614f,0.9972081533336702f,-0.06637154747640052f,0.7538148148148147f,-2.168404344971009e-19f,0.06641043275901372f,0.9977923904403965f,-0.15900000000000003f,0f,0f,0f,1f], start_interpolation: 0, interpolation_duration: 1 }
$data merge entity $(bone_leftarm) { transformation: [0.9605315746860961f,0.2761193620314328f,-0.03372227664917135f,-0.3125f,-0.2775821269231616f,0.9593127941903417f,-0.05164422247970272f,1.1668148148148147f,0.018090241675071384f,0.05896660761883619f,0.9980960286175192f,-0.42400000000000004f,0f,0f,0f,1f], start_interpolation: 0, interpolation_duration: 1 }
$data merge entity $(bone_rightarm) { transformation: [0.9489558930956182f,0.30964773497447395f,-0.06000827596486668f,0.3125f,-0.296775881085501f,0.9410104188147088f,0.16255297009926012f,1.1138148148148148f,0.1068025719026571f,-0.1364465899439935f,0.9848733617717729f,-0.42400000000000004f,0f,0f,0f,1f], start_interpolation: 0, interpolation_duration: 1 }
$data merge entity $(bone_body) { transformation: [1f,0f,0f,0f,0f,0.6464106002502279f,0.7629897351105978f,1.2383848148148147f,0f,-0.7629897351105978f,0.6464106002502279f,-0.51006f,0f,0f,0f,1f], start_interpolation: 0, interpolation_duration: 1 }
$data merge entity $(bone_head) { transformation: [1f,0f,0f,0f,0f,0.5759050775977379f,0.8175165696162638f,1.2388148148148148f,0f,-0.8175165696162638f,0.5759050775977379f,-0.498f,0f,0f,0f,1f], start_interpolation: 0, interpolation_duration: 1 }