# This file was generated by Animated Java via MC-Build. It is not recommended to edit this file directly.
$data merge entity $(bone_leftleg) { transformation: [0.9999348232838692f,0.006760328550655693f,0.009200388151837324f,-0.11875f,-0.010358343141854997f,0.8760809138918759f,0.4820528363589732f,0.7515185185185185f,-0.004801448907659506f,-0.4821167185156128f,0.8760938396177229f,0f,0f,0f,0f,1f], start_interpolation: 0, interpolation_duration: 1 }
$data merge entity $(bone_rightleg) { transformation: [0.9998983124462155f,-0.014181526277732313f,0.001499693183389272f,0.11875f,0.014260601923141825f,0.9943538336909213f,-0.10515269210513482f,0.7515185185185185f,-1.0842021724855044e-19f,0.10516338591259596f,0.9944549573828864f,-0.1755f,0f,0f,0f,1f], start_interpolation: 0, interpolation_duration: 1 }
$data merge entity $(bone_leftarm) { transformation: [0.9638175789112406f,0.2643430919331649f,-0.03432789432646262f,-0.3125f,-0.2664560754134429f,0.9590518693225706f,-0.09602432933454252f,1.1425185185185185f,0.007538863106600166f,0.10169681261523103f,0.9947868735799456f,-0.468f,0f,0f,0f,1f], start_interpolation: 0, interpolation_duration: 1 }
$data merge entity $(bone_rightarm) { transformation: [0.9258421254496226f,0.37678080124276353f,-0.029199084879263454f,0.3125f,-0.3587861666523799f,0.9006295159858795f,0.24523246431484377f,1.0840185185185185f,0.11869644207732591f,-0.21657031825691528f,0.9690244846691349f,-0.468f,0f,0f,0f,1f], start_interpolation: 0, interpolation_duration: 1 }
$data merge entity $(bone_body) { transformation: [1f,0f,0f,0f,0f,0.605703608166942f,0.7956903537517265f,1.2088975810185185f,0f,-0.7956903537517265f,0.605703608166942f,-0.5397824999999999f,0f,0f,0f,1f], start_interpolation: 0, interpolation_duration: 1 }
$data merge entity $(bone_head) { transformation: [1f,0f,0f,0f,0f,0.4657918304620653f,0.8848943274057071f,1.2090185185185185f,0f,-0.8848943274057071f,0.4657918304620653f,-0.5350625f,0f,0f,0f,1f], start_interpolation: 0, interpolation_duration: 1 }