# This file was generated by Animated Java via MC-Build. It is not recommended to edit this file directly.
$data merge entity $(bone_leftleg) { transformation: [0.996718823683091f,0.06522193078408521f,0.04793418676259671f,-0.11875f,-0.07341961129615925f,0.9778155723283162f,0.1961791711404865f,0.7586851851851852f,-0.03407560994195688f,-0.19905478205017685f,0.9793957558362402f,0f,0f,0f,0f,1f], start_interpolation: 0, interpolation_duration: 1 }
$data merge entity $(bone_rightleg) { transformation: [0.9948807088287882f,-0.0956421096075179f,0.03263375660495591f,0.11875f,0.10105629718294634f,0.9415790252828046f,-0.32127334770745564f,0.7586851851851852f,0f,0.3229265025006576f,0.9464240455433773f,0.009000000000000001f,0f,0f,0f,1f], start_interpolation: 0, interpolation_duration: 1 }
$data merge entity $(bone_leftarm) { transformation: [0.9854935664550077f,0.14906223095172397f,-0.08113496027905673f,-0.3125f,-0.16106357896190113f,0.9721386645421097f,-0.17030836865599672f,1.3956851851851853f,0.0534878865517478f,0.18090568870540905f,0.9820448960135423f,0.024000000000000004f,0f,0f,0f,1f], start_interpolation: 0, interpolation_duration: 1 }
$data merge entity $(bone_rightarm) { transformation: [0.9581197982518171f,-0.28623803806806014f,0.008616133752728329f,0.3125f,0.2829912477515888f,0.9417876867459112f,-0.18152660077736346f,1.3986851851851854f,0.04384524938800113f,0.17636252055562482f,0.9833482879678852f,0.024000000000000004f,0f,0f,0f,1f], start_interpolation: 0, interpolation_duration: 1 }
$data merge entity $(bone_body) { transformation: [1f,0f,0f,0f,0f,0.9941760696446543f,-0.10776800334935858f,1.523601851851852f,0f,0.10776800334935858f,0.9941760696446543f,0.06500000000000002f,0f,0f,0f,1f], start_interpolation: 0, interpolation_duration: 1 }
$data merge entity $(bone_head) { transformation: [1f,0f,0f,0f,0f,0.9758151277676604f,0.2185974300392953f,1.5236851851851854f,0f,-0.2185974300392953f,0.9758151277676604f,-0.026000000000000002f,0f,0f,0f,1f], start_interpolation: 0, interpolation_duration: 1 }