# This file was generated by Animated Java via MC-Build. It is not recommended to edit this file directly.
$data merge entity $(bone_leftleg) { transformation: [0.9926253425781185f,0.0900813853181918f,0.08111888368825303f,-0.11875f,-0.10992548579215498f,0.9509725373244612f,0.2890806476193711f,0.764f,-0.05110104543971285f,-0.29586580957223113f,0.9538616806860084f,0f,0f,0f,0f,1f], start_interpolation: 0, interpolation_duration: 1 }
$data merge entity $(bone_rightleg) { transformation: [0.9884938868086836f,-0.13323175794366043f,0.07161797551664967f,0.11875f,0.1512608202472192f,0.8706734370528695f,-0.4680255658280661f,0.764f,0f,0.4734734044123121f,0.8808081149230036f,0.013500000000000002f,0f,0f,0f,1f], start_interpolation: 0, interpolation_duration: 1 }
$data merge entity $(bone_leftarm) { transformation: [0.9674944018900536f,0.21068772180582132f,-0.13987589567784797f,-0.3125f,-0.23984393762445208f,0.9398137827602451f,-0.24336174579969794f,1.407f,0.08018396283674994f,0.26899951229352015f,0.9597967464466854f,0.036f,0f,0f,0f,1f], start_interpolation: 0, interpolation_duration: 1 }
$data merge entity $(bone_rightarm) { transformation: [0.9066691559476595f,-0.41859768303398665f,0.05222089056820834f,0.3125f,0.41668824631143014f,0.8694101746654695f,-0.26551243581810374f,1.4115f,0.06574151686007591f,0.26249176738849506f,0.9626921236897082f,0.036f,0f,0f,0f,1f], start_interpolation: 0, interpolation_duration: 1 }
$data merge entity $(bone_body) { transformation: [1f,0f,0f,0f,0f,0.9869120666582151f,-0.16125933363502049f,1.536375f,0f,0.16125933363502049f,0.9869120666582151f,0.0975f,0f,0f,0f,1f], start_interpolation: 0, interpolation_duration: 1 }
$data merge entity $(bone_head) { transformation: [1f,0f,0f,0f,0f,0.9458589912725747f,0.3245778313884476f,1.5364999999999998f,0f,-0.3245778313884476f,0.9458589912725747f,-0.0465f,0f,0f,0f,1f], start_interpolation: 0, interpolation_duration: 1 }