# This file was generated by Animated Java via MC-Build. It is not recommended to edit this file directly.
$data merge entity $(bone_leftleg) { transformation: [0.9861682844140066f,0.15587179600423456f,0.056356880913950524f,-0.11875f,-0.15023237421815655f,0.9842351046419014f,-0.09333537661209265f,0.7678148148148148f,-0.07001677336689177f,0.08357776020544991f,0.9940384345921085f,0f,0f,0f,0f,1f], start_interpolation: 0, interpolation_duration: 1 }
$data merge entity $(bone_rightleg) { transformation: [0.9784189184083201f,-0.20441642616420932f,0.03017192096876771f,0.11875f,0.2066311208426582f,0.967932118728505f,-0.14286704810086168f,0.7678148148148148f,1.734723475976807e-18f,0.1460182805267871f,0.9892818919559786f,0.011999999999999997f,0f,0f,0f,1f], start_interpolation: 0, interpolation_duration: 1 }
$data merge entity $(bone_leftarm) { transformation: [0.9396908734046003f,0.32730382860138346f,-0.09926361983614984f,-0.3125f,-0.3239201031001285f,0.9448178937906243f,0.048937862444642016f,1.4088148148148147f,0.10980359396532352f,-0.013832980731742231f,0.9938570417300335f,0.032f,0f,0f,0f,1f], start_interpolation: 0, interpolation_duration: 1 }
$data merge entity $(bone_rightarm) { transformation: [0.8935233518421833f,-0.4037475399191301f,0.19647886329567424f,0.3125f,0.4480767992955454f,0.7734597920518878f,-0.44831588418447776f,1.4128148148148147f,0.029037934598889037f,0.4886183317153594f,0.8720142913197751f,0.032f,0f,0f,0f,1f], start_interpolation: 0, interpolation_duration: 1 }
$data merge entity $(bone_body) { transformation: [1f,0f,0f,0f,0f,0.9997856805052264f,0.02070248914264334f,1.5523695023148147f,0f,-0.02070248914264334f,0.9997856805052264f,-0.015468749999999976f,0f,0f,0f,1f], start_interpolation: 0, interpolation_duration: 1 }
$data merge entity $(bone_head) { transformation: [1f,0f,0f,0f,0f,0.9999458526004555f,-0.01040633783557049f,1.5378148148148147f,0f,0.01040633783557049f,0.9999458526004555f,-0.07800000000000001f,0f,0f,0f,1f], start_interpolation: 0, interpolation_duration: 1 }