# This file was generated by Animated Java via MC-Build. It is not recommended to edit this file directly.
$data merge entity $(bone_leftleg) { transformation: [0.9848077492580579f,0.17348292630386347f,0.007574383296765491f,-0.11875f,-0.15737873956301018f,0.9101238097205024f,-0.3832839460679209f,0.7685185185185185f,-0.07338684715149064f,0.376268953357684f,0.9235995048744217f,0f,0f,0f,0f,1f], start_interpolation: 0, interpolation_duration: 1 }
$data merge entity $(bone_rightleg) { transformation: [0.9762960071199334f,-0.21130913087034975f,-0.04684610648167502f,0.11875f,0.2164396139381029f,0.953153893518325f,0.21130913087034975f,0.7685185185185185f,0f,-0.2164396139381029f,0.9762960071199334f,0f,0f,0f,0f,1f], start_interpolation: 0, interpolation_duration: 1 }
$data merge entity $(bone_leftarm) { transformation: [0.923879504450166f,0.38268350011062086f,-1.2021404975637306e-8f,-0.3125f,-0.36497173798189825f,0.8811195464201305f,0.3007057954061681f,1.3935185185185186f,0.11507515688187556f,-0.27781591685767054f,0.9537169520403543f,0f,0f,0f,0f,1f], start_interpolation: 0, interpolation_duration: 1 }
$data merge entity $(bone_rightarm) { transformation: [0.9396926207859084f,-0.2801664995932355f,0.19617469496901108f,0.3125f,0.34202014332566866f,0.7697511313200572f,-0.5389855446957563f,1.3935185185185186f,-1.3877787807814457e-17f,0.573576436351046f,0.8191520442889918f,0f,0f,0f,0f,1f], start_interpolation: 0, interpolation_duration: 1 }
$data merge entity $(bone_body) { transformation: [1f,0f,0f,0f,0f,0.9537169507482269f,0.30070579950427306f,1.5185185185185186f,0f,-0.30070579950427306f,0.9537169507482269f,-0.1875f,0f,0f,0f,1f], start_interpolation: 0, interpolation_duration: 1 }
$data merge entity $(bone_head) { transformation: [1f,0f,0f,0f,0f,0.9762960071199334f,-0.21643961393810288f,1.5185185185185186f,0f,0.21643961393810288f,0.9762960071199334f,-0.125f,0f,0f,0f,1f], start_interpolation: 0, interpolation_duration: 1 }