# This file was generated by Animated Java via MC-Build. It is not recommended to edit this file directly.
$data merge entity $(bone_leftleg) { transformation: [0.9863321369227747f,0.16427847654140193f,0.012708179200383165f,-0.11875f,-0.1493478011197727f,0.9239330936254093f,-0.35219720726386994f,0.7695f,-0.06959992797440104f,0.34548548543899293f,0.9358395318519845f,0f,0f,0f,0f,1f], start_interpolation: 0, interpolation_duration: 1 }
$data merge entity $(bone_rightleg) { transformation: [0.978674579576943f,-0.20025570002389703f,-0.04575720596619384f,0.11875f,0.20541681355208907f,0.9540853041178952f,0.21800267240648635f,0.7695f,0f,-0.22275297321069026f,0.9748749216826729f,-0.012000000000000012f,0f,0f,0f,1f], start_interpolation: 0, interpolation_duration: 1 }
$data merge entity $(bone_leftarm) { transformation: [0.9252034292408263f,0.37945794488396284f,0.003206647073610021f,-0.3125f,-0.363434390630581f,0.8836404880920088f,0.29511850418348023f,1.3784999999999998f,0.109151537909429f,-0.27421005792814385f,0.9554552767675997f,-0.032000000000000035f,0f,0f,0f,1f], start_interpolation: 0, interpolation_duration: 1 }
$data merge entity $(bone_rightarm) { transformation: [0.9563112923411468f,-0.24924306347666306f,0.1527959667320239f,0.3125f,0.29229875426732077f,0.8053423250167766f,-0.5157375086130008f,1.3744999999999998f,0.005490937495372036f,0.5378676741033438f,0.8430113965778169f,-0.032000000000000035f,0f,0f,0f,1f], start_interpolation: 0, interpolation_duration: 1 }
$data merge entity $(bone_body) { transformation: [1f,0f,0f,0f,0f,0.9336767776669392f,0.35811684524116f,1.4984115624999998f,0f,-0.35811684524116f,0.9336767776669392f,-0.22304250000000003f,0f,0f,0f,1f], start_interpolation: 0, interpolation_duration: 1 }
$data merge entity $(bone_head) { transformation: [1f,0f,0f,0f,0f,0.9886167938989855f,-0.15045542469745288f,1.4994999999999998f,0f,0.15045542469745288f,0.9886167938989855f,-0.15806250000000005f,0f,0f,0f,1f], start_interpolation: 0, interpolation_duration: 1 }