# This file was generated by Animated Java via MC-Build. It is not recommended to edit this file directly.
$data merge entity $(bone_leftleg) { transformation: [0.9885567436910009f,0.14925495859093185f,0.021875142035289227f,-0.11875f,-0.13675226693639514f,0.9479116455472539f,-0.28768442732211663f,0.7691481481481481f,-0.06367402917046938f,0.2814009054212806f,0.9574754035677793f,0f,0f,0f,0f,1f], start_interpolation: 0, interpolation_duration: 1 }
$data merge entity $(bone_rightleg) { transformation: [0.9821456893495174f,-0.18396398491436097f,-0.039333155817833476f,0.11875f,0.188121888391971f,0.9604381304249688f,0.20535031710136076f,0.7691481481481481f,0f,-0.20908335629652441f,0.9778978219219944f,-0.02849999999999999f,0f,0f,0f,1f], start_interpolation: 0, interpolation_duration: 1 }
$data merge entity $(bone_leftarm) { transformation: [0.928612519922227f,0.3710500525121167f,0.000803974158082324f,-0.3125f,-0.35735595604422926f,0.8937534054508395f,0.2711117314406411f,1.356148148148148f,0.0998774675460202f,-0.2520450530674682f,0.9625475482805048f,-0.07599999999999998f,0f,0f,0f,1f], start_interpolation: 0, interpolation_duration: 1 }
$data merge entity $(bone_rightarm) { transformation: [0.9741953933306865f,-0.2049437219226482f,0.0945590104525278f,0.3125f,0.22519673470091256f,0.8544469195771839f,-0.46819535698798664f,1.3466481481481483f,0.015158043848591832f,0.47740814034697154f,0.8785509098721204f,-0.07599999999999998f,0f,0f,0f,1f], start_interpolation: 0, interpolation_duration: 1 }
$data merge entity $(bone_body) { transformation: [1f,0f,0f,0f,0f,0.9069416969434348f,0.4212561671303613f,1.4699281481481483f,0f,-0.4212561671303613f,0.9069416969434348f,-0.26274f,0f,0f,0f,1f], start_interpolation: 0, interpolation_duration: 1 }
$data merge entity $(bone_head) { transformation: [1f,0f,0f,0f,0f,0.9991574465436246f,-0.04104140612142678f,1.4716481481481483f,0f,0.04104140612142678f,0.9991574465436246f,-0.19949999999999998f,0f,0f,0f,1f], start_interpolation: 0, interpolation_duration: 1 }