# This file was generated by Animated Java via MC-Build. It is not recommended to edit this file directly.
$data merge entity $(bone_leftleg) { transformation: [0.991109494030193f,0.12921235044924437f,0.031719699472038045f,-0.11875f,-0.12063670937841275f,0.9732860728473974f,-0.19534841886137425f,0.7677268518518519f,-0.056113770088661245f,0.18978511241051602f,0.9802208199756648f,0f,0f,0f,0f,1f], start_interpolation: 0, interpolation_duration: 1 }
$data merge entity $(bone_rightleg) { transformation: [0.9861287407477802f,-0.16328884372875926f,-0.029780197865729836f,0.11875f,0.16598224806043924f,0.9701267679286325f,0.17692921600783737f,0.7677268518518519f,0f,-0.1794179691727392f,0.9837729373884657f,-0.048375000000000015f,0f,0f,0f,1f], start_interpolation: 0, interpolation_duration: 1 }
$data merge entity $(bone_leftarm) { transformation: [0.9334869069129185f,0.35857288347989436f,-0.005261354869845247f,-0.3125f,-0.347636987164478f,0.9084240561604224f,0.23219444296591196f,1.3282268518518519f,0.08803817227405913f,-0.21492143081126108f,0.97265515924231f,-0.12900000000000003f,0f,0f,0f,1f], start_interpolation: 0, interpolation_duration: 1 }
$data merge entity $(bone_rightarm) { transformation: [0.989111496275171f,-0.14371233811867426f,0.03170507544157874f,0.3125f,0.14447267579165576f,0.9071521036579897f,-0.39522488127455113f,1.312101851851852f,0.028037365887177777f,0.3955019907678693f,0.9180370806306033f,-0.12900000000000003f,0f,0f,0f,1f], start_interpolation: 0, interpolation_duration: 1 }
$data merge entity $(bone_body) { transformation: [1f,0f,0f,0f,0f,0.873404181510482f,0.4869960325505794f,1.4351265393518517f,0f,-0.4869960325505794f,0.873404181510482f,-0.3051975f,0f,0f,0f,1f], start_interpolation: 0, interpolation_duration: 1 }
$data merge entity $(bone_head) { transformation: [1f,0f,0f,0f,0f,0.9948291485942821f,0.10156261668141454f,1.437101851851852f,0f,-0.10156261668141454f,0.9948291485942821f,-0.24706250000000002f,0f,0f,0f,1f], start_interpolation: 0, interpolation_duration: 1 }