# This file was generated by Animated Java via MC-Build. It is not recommended to edit this file directly.
$data merge entity $(bone_leftleg) { transformation: [0.9936473475528761f,0.10552414159387297f,0.0391101552286641f,-0.11875f,-0.10205813331856886f,0.9913946328354627f,-0.08198060385583496f,0.7655000000000001f,-0.04742453083229373f,0.07746830013569657f,0.9958662442062299f,0f,0f,0f,0f,1f], start_interpolation: 0, interpolation_duration: 1 }
$data merge entity $(bone_rightleg) { transformation: [0.9900884752472232f,-0.13910718408608702f,-0.01933914471397563f,0.11875f,0.1404450468426302f,0.9806570105819004f,0.13633420852428077f,0.7655000000000001f,-1.734723475976807e-18f,-0.13769901572709284f,0.9904741193326506f,-0.07049999999999998f,0f,0f,0f,1f], start_interpolation: 0, interpolation_duration: 1 }
$data merge entity $(bone_leftarm) { transformation: [0.9392076724972743f,0.3431037327256719f,-0.012991401462634784f,-0.3125f,-0.33518702377902504f,0.9244242886899162f,0.18190490254608793f,1.2965f,0.07442181812084364f,-0.16649193094517573f,0.9832303036001967f,-0.18799999999999994f,0f,0f,0f,1f], start_interpolation: 0, interpolation_duration: 1 }
$data merge entity $(bone_rightarm) { transformation: [0.9975796588798772f,-0.06489794213370545f,-0.024961596421662596f,0.3125f,0.05451414017692398f,0.9528178222256881f,-0.2986074449337585f,1.2730000000000001f,0.04316286262376978f,0.29652395308964025f,0.9540495335852403f,-0.18799999999999994f,0f,0f,0f,1f], start_interpolation: 0, interpolation_duration: 1 }
$data merge entity $(bone_body) { transformation: [1f,0f,0f,0f,0f,0.8336144527692904f,0.552346760770946f,1.3960650000000001f,0f,-0.552346760770946f,0.8336144527692904f,-0.34902f,0f,0f,0f,1f], start_interpolation: 0, interpolation_duration: 1 }
$data merge entity $(bone_head) { transformation: [1f,0f,0f,0f,0f,0.9644822183287245f,0.2641477816066276f,1.3980000000000001f,0f,-0.2641477816066276f,0.9644822183287245f,-0.2985f,0f,0f,0f,1f], start_interpolation: 0, interpolation_duration: 1 }