# This file was generated by Animated Java via MC-Build. It is not recommended to edit this file directly.
$data merge entity $(bone_leftleg) { transformation: [1f,0f,0f,-0.11875f,0f,0.8433914458128857f,0.5372996083468239f,0.75f,0f,-0.5372996083468239f,0.8433914458128857f,0f,0f,0f,0f,1f], start_interpolation: 0, interpolation_duration: 1 }
$data merge entity $(bone_rightleg) { transformation: [1f,0f,0f,0.11875f,0f,0.9914448613738104f,-0.13052619222005157f,0.75f,0f,0.13052619222005157f,0.9914448613738104f,-0.1875f,0f,0f,0f,1f], start_interpolation: 0, interpolation_duration: 1 }
$data merge entity $(bone_leftarm) { transformation: [0.9659258262890683f,0.25660481229257065f,-0.03378266443126182f,-0.3125f,-0.2588190451025207f,0.9576621969425486f,-0.12607862007251908f,1.125f,0f,0.13052619222005157f,0.9914448613738104f,-0.5f,0f,0f,0f,1f], start_interpolation: 0, interpolation_duration: 1 }
$data merge entity $(bone_rightarm) { transformation: [0.9063077481341478f,0.4226183451673742f,-1.7393122705988695e-8f,0.3125f,-0.4030582677121579f,0.8643610491224615f,0.30070585226894436f,1.0625f,0.12708382470198393f,-0.27253203681018473f,0.9537169341115882f,-0.5f,0f,0f,0f,1f], start_interpolation: 0, interpolation_duration: 1 }
$data merge entity $(bone_body) { transformation: [1f,0f,0f,0f,0f,0.5735764363510463f,0.8191520442889917f,1.1875f,0f,-0.8191520442889917f,0.5735764363510463f,-0.5625f,0f,0f,0f,1f], start_interpolation: 0, interpolation_duration: 1 }
$data merge entity $(bone_head) { transformation: [1f,0f,0f,0f,0f,0.38268343236508984f,0.9238795325112866f,1.1875f,0f,-0.9238795325112866f,0.38268343236508984f,-0.5625f,0f,0f,0f,1f], start_interpolation: 0, interpolation_duration: 1 }