# This file was generated by Animated Java via MC-Build. It is not recommended to edit this file directly.
$data merge entity $(bone_leftleg) { transformation: [1f,0f,0f,-0.11875f,0f,0.8430022261110334f,0.5379100731273232f,0.7501296296296296f,0f,-0.5379100731273232f,0.8430022261110334f,0f,0f,0f,0f,1f], start_interpolation: 0, interpolation_duration: 1 }
$data merge entity $(bone_rightleg) { transformation: [1f,0f,0f,0.11875f,0f,0.9912906136647373f,-0.13169251785955313f,0.7500648148148148f,0f,0.13169251785955313f,0.9912906136647373f,-0.1879861111111111f,0f,0f,0f,1f], start_interpolation: 0, interpolation_duration: 1 }
$data merge entity $(bone_leftarm) { transformation: [0.9659607391165056f,0.2564975793726875f,-0.03359824789250299f,-0.3125f,-0.25868835405027074f,0.957561059621545f,-0.1271107885870653f,1.1248703703703704f,-0.0004312357313631804f,0.13147550673952804f,0.9913193255270112f,-0.5005185185185185f,0f,0f,0f,1f], start_interpolation: 0, interpolation_duration: 1 }
$data merge entity $(bone_rightarm) { transformation: [0.9057746709311363f,0.42375965485804845f,0.000020351396528867083f,0.3125f,-0.40413842401997346f,0.8638203800976119f,0.300809715864813f,1.0622407407407408f,0.12745344142173573f,-0.2724740461816594f,0.9536841796041031f,-0.5005185185185185f,0f,0f,0f,1f], start_interpolation: 0, interpolation_duration: 1 }
$data merge entity $(bone_body) { transformation: [1f,0f,0f,0f,0f,0.572686513395593f,0.8197744551855708f,1.187111111111111f,0f,-0.8197744551855708f,0.572686513395593f,-0.5630185185185185f,0f,0f,0f,1f], start_interpolation: 0, interpolation_duration: 1 }
$data merge entity $(bone_head) { transformation: [1f,0f,0f,0f,0f,0.3805085212198758f,0.9247774139105386f,1.187111111111111f,0f,-0.9247774139105386f,0.3805085212198758f,-0.5630185185185185f,0f,0f,0f,1f], start_interpolation: 0, interpolation_duration: 1 }