# This file was generated by Animated Java via MC-Build. It is not recommended to edit this file directly.
$data merge entity $(bone_leftleg) { transformation: [1f,0f,0f,-0.11875f,0f,0.8292182654962033f,0.5589249217627249f,0.7546296296296297f,0f,-0.5589249217627249f,0.8292182654962033f,0f,0f,0f,0f,1f], start_interpolation: 0, interpolation_duration: 1 }
$data merge entity $(bone_rightleg) { transformation: [1f,0f,0f,0.11875f,0f,0.985087090300816f,-0.17205645736987632f,0.7523148148148149f,0f,0.17205645736987632f,0.985087090300816f,-0.2048611111111111f,0f,0f,0f,1f], start_interpolation: 0, interpolation_duration: 1 }
$data merge entity $(bone_leftarm) { transformation: [0.9670502557081787f,0.25314153967061725f,-0.02707699813375502f,-0.3125f,-0.2541193073495742f,0.9533702682130207f,-0.16281434003061723f,1.1203703703703702f,-0.015400667742624387f,0.16433043717042228f,0.9862851143824788f,-0.5185185185185185f,0f,0f,0f,1f], start_interpolation: 0, interpolation_duration: 1 }
$data merge entity $(bone_rightarm) { transformation: [0.8864016307909984f,0.46291613433904993f,0.0008952651278886226f,0.3125f,-0.44115259076491903f,0.8441391466521506f,0.30465306949180554f,1.0532407407407407f,0.14027309290258924f,-0.2704399261536094f,0.9524629681775412f,-0.5185185185185185f,0f,0f,0f,1f], start_interpolation: 0, interpolation_duration: 1 }
$data merge entity $(bone_body) { transformation: [1f,0f,0f,0f,0f,0.5413821549953697f,0.8407766423091031f,1.1736111111111112f,0f,-0.8407766423091031f,0.5413821549953697f,-0.5810185185185185f,0f,0f,0f,1f], start_interpolation: 0, interpolation_duration: 1 }
$data merge entity $(bone_head) { transformation: [1f,0f,0f,0f,0f,0.30378672366108395f,0.9527400624132819f,1.1736111111111112f,0f,-0.9527400624132819f,0.30378672366108395f,-0.5810185185185185f,0f,0f,0f,1f], start_interpolation: 0, interpolation_duration: 1 }