# This file was generated by Animated Java via MC-Build. It is not recommended to edit this file directly.
$data merge entity $(bone_leftleg) { transformation: [1f,0f,0f,-0.11875f,0f,0.8296804446545962f,0.5582386225958855f,0.7544814814814815f,0f,-0.5582386225958855f,0.8296804446545962f,0f,0f,0f,0f,1f], start_interpolation: 0, interpolation_duration: 1 }
$data merge entity $(bone_rightleg) { transformation: [1f,0f,0f,0.11875f,0f,0.9853175383036862f,-0.17073180345548927f,0.7522407407407408f,0f,0.17073180345548927f,0.9853175383036862f,-0.20430555555555555f,0f,0f,0f,1f], start_interpolation: 0, interpolation_duration: 1 }
$data merge entity $(bone_leftarm) { transformation: [0.9670181807223293f,0.2532406227786101f,-0.027295148418320432f,-0.3125f,-0.25427070842372695f,0.9535291861739837f,-0.16164311909907011f,1.1205185185185185f,-0.014907883490706396f,0.16325219168232272f,0.9864717314351921f,-0.5179259259259259f,0f,0f,0f,1f], start_interpolation: 0, interpolation_duration: 1 }
$data merge entity $(bone_rightarm) { transformation: [0.8870660176232856f,0.4616417864293696f,0.0008610460295809391f,0.3125f,-0.4399493878448063f,0.8448150877201879f,0.30451929938069844f,1.0535370370370372f,0.13985140869131413f,-0.2705075388646896f,0.9525057768351978f,-0.5179259259259259f,0f,0f,0f,1f], start_interpolation: 0, interpolation_duration: 1 }
$data merge entity $(bone_body) { transformation: [1f,0f,0f,0f,0f,0.5424252450071878f,0.840104073064101f,1.1740555555555556f,0f,-0.840104073064101f,0.5424252450071878f,-0.5804259259259259f,0f,0f,0f,1f], start_interpolation: 0, interpolation_duration: 1 }
$data merge entity $(bone_head) { transformation: [1f,0f,0f,0f,0f,0.3063476353857132f,0.9519197058016933f,1.1740555555555556f,0f,-0.9519197058016933f,0.3063476353857132f,-0.5804259259259259f,0f,0f,0f,1f], start_interpolation: 0, interpolation_duration: 1 }