# This file was generated by Animated Java via MC-Build. It is not recommended to edit this file directly.
$data merge entity $(bone_leftleg) { transformation: [1f,0f,0f,-0.11875f,0f,0.8311786024460142f,0.5560055133142933f,0.754f,0f,-0.5560055133142933f,0.8311786024460142f,0f,0f,0f,0f,1f], start_interpolation: 0, interpolation_duration: 1 }
$data merge entity $(bone_rightleg) { transformation: [1f,0f,0f,0.11875f,0f,0.986054190273402f,-0.16642455901778888f,0.752f,0f,0.16642455901778888f,0.986054190273402f,-0.20249999999999999f,0f,0f,0f,1f], start_interpolation: 0, interpolation_duration: 1 }
$data merge entity $(bone_leftarm) { transformation: [0.9669121514024388f,0.25356802938158407f,-0.02800260605457049f,-0.3125f,-0.254762307998894f,0.9540358564385855f,-0.15783456862351594f,1.121f,-0.013306310284372857f,0.15974617086188583f,0.9870684388640846f,-0.516f,0f,0f,0f,1f], start_interpolation: 0, interpolation_duration: 1 }
$data merge entity $(bone_rightarm) { transformation: [0.889212878584975f,0.4574930495078337f,0.0007524696972829176f,0.3125f,-0.4360315763883284f,0.8469988269334866f,0.3040879010510071f,1.0545f,0.13848076021935996f,-0.27072697838471976f,0.9526436806192269f,-0.516f,0f,0f,0f,1f], start_interpolation: 0, interpolation_duration: 1 }
$data merge entity $(bone_body) { transformation: [1f,0f,0f,0f,0f,0.5458095087537215f,0.8379092911252514f,1.1755f,0f,-0.8379092911252514f,0.5458095087537215f,-0.5785f,0f,0f,0f,1f], start_interpolation: 0, interpolation_duration: 1 }
$data merge entity $(bone_head) { transformation: [1f,0f,0f,0f,0f,0.31465520341899555f,0.9492060382031662f,1.1755f,0f,-0.9492060382031662f,0.31465520341899555f,-0.5785f,0f,0f,0f,1f], start_interpolation: 0, interpolation_duration: 1 }