# This file was generated by Animated Java via MC-Build. It is not recommended to edit this file directly.
$data merge entity $(bone_leftleg) { transformation: [1f,0f,0f,-0.11875f,0f,0.833871550502996f,0.5519585466878192f,0.7531296296296296f,0f,-0.5519585466878192f,0.833871550502996f,0f,0f,0f,0f,1f], start_interpolation: 0, interpolation_duration: 1 }
$data merge entity $(bone_rightleg) { transformation: [1f,0f,0f,0.11875f,0f,0.987338038952467f,-0.158630378041209f,0.7515648148148149f,0f,0.158630378041209f,0.987338038952467f,-0.1992361111111111f,0f,0f,0f,1f], start_interpolation: 0, interpolation_duration: 1 }
$data merge entity $(bone_leftarm) { transformation: [0.9667135551429968f,0.2541807507664542f,-0.029275386292749853f,-0.3125f,-0.25564919679581144f,0.9549136159281921f,-0.15094195670058594f,1.1218703703703703f,-0.010411074893808167f,0.15340186457389235f,0.9881090412827972f,-0.5125185185185185f,0f,0f,0f,1f], start_interpolation: 0, interpolation_duration: 1 }
$data merge entity $(bone_rightarm) { transformation: [0.8930454663969638f,0.44996608123246384f,0.000566293324411174f,0.3125f,-0.4289209112527016f,0.8508954840314831f,0.3033211617163896f,1.0562407407407406f,0.13600237806002363f,-0.2711224833818248f,0.9528882159870016f,-0.5125185185185185f,0f,0f,0f,1f], start_interpolation: 0, interpolation_duration: 1 }
$data merge entity $(bone_body) { transformation: [1f,0f,0f,0f,0f,0.5519046425565297f,0.8339072283680895f,1.178111111111111f,0f,-0.8339072283680895f,0.5519046425565297f,-0.5750185185185185f,0f,0f,0f,1f], start_interpolation: 0, interpolation_duration: 1 }
$data merge entity $(bone_head) { transformation: [1f,0f,0f,0f,0f,0.32961130817141315f,0.9441167224054078f,1.178111111111111f,0f,-0.9441167224054078f,0.32961130817141315f,-0.5750185185185185f,0f,0f,0f,1f], start_interpolation: 0, interpolation_duration: 1 }