# This file was generated by Animated Java via MC-Build. It is not recommended to edit this file directly.
$data merge entity $(bone_leftleg) { transformation: [1f,0f,0f,-0.11875f,0f,0.8379022346307697f,0.5458203415051169f,0.7518148148148148f,0f,-0.5458203415051169f,0.8379022346307697f,0f,0f,0f,0f,1f], start_interpolation: 0, interpolation_duration: 1 }
$data merge entity $(bone_rightleg) { transformation: [1f,0f,0f,0.11875f,0f,0.9891606169162552f,-0.14683757673652015f,0.7509074074074074f,0f,0.14683757673652015f,0.9891606169162552f,-0.19430555555555556f,0f,0f,0f,1f], start_interpolation: 0, interpolation_duration: 1 }
$data merge entity $(bone_leftarm) { transformation: [0.9663966421874512f,0.25515715678149437f,-0.03118261233449001f,-0.3125f,-0.2569845937312661f,0.9561462039091047f,-0.1405110505796071f,1.1231851851851853f,-0.006037263750681464f,0.14380285843262192f,0.9895879391711542f,-0.5072592592592593f,0f,0f,0f,1f], start_interpolation: 0, interpolation_duration: 1 }
$data merge entity $(bone_rightarm) { transformation: [0.8987165354647595f,0.43852992295634996f,0.0003091182903427331f,0.3125f,-0.4181108943015056f,0.8566570731832935f,0.3021952002124262f,1.0588703703703704f,0.13225682949706158f,-0.2717170690938112f,0.9532460151579204f,-0.5072592592592593f,0f,0f,0f,1f], start_interpolation: 0, interpolation_duration: 1 }
$data merge entity $(bone_body) { transformation: [1f,0f,0f,0f,0f,0.5610564364598007f,0.8277775517051846f,1.1820555555555554f,0f,-0.8277775517051846f,0.5610564364598007f,-0.5697592592592593f,0f,0f,0f,1f], start_interpolation: 0, interpolation_duration: 1 }
$data merge entity $(bone_head) { transformation: [1f,0f,0f,0f,0f,0.35204736913139234f,0.9359821845995068f,1.1820555555555554f,0f,-0.9359821845995068f,0.35204736913139234f,-0.5697592592592593f,0f,0f,0f,1f], start_interpolation: 0, interpolation_duration: 1 }