# This file was generated by Animated Java via MC-Build. It is not recommended to edit this file directly.
$data merge entity $(bone_leftleg) { transformation: [0.9999999999999998f,1.3446869510327599e-33f,7.521362510623788e-34f,-0.11874999999999997f,7.703719777548943e-34f,0.8361904478896637f,0.5484391806372733f,0.747034082742092f,0f,-0.5484391806372731f,0.8361904478896636f,-0.013209916457885058f,0f,0f,0f,1f], start_interpolation: 0, interpolation_duration: 1 }
$data merge entity $(bone_rightleg) { transformation: [0.9999999999999998f,1.5391578671372133e-33f,-6.98927497640099e-35f,0.11874999999999997f,7.703719777548943e-34f,0.9996841892833f,0.025130095443337663f,0.7411427000617802f,0f,-0.02513009544333767f,0.9996841892832998f,-0.16404465958795472f,0f,0f,0f,1f], start_interpolation: 0, interpolation_duration: 1 }
$data merge entity $(bone_leftarm) { transformation: [0.9654238390022648f,0.2581446410314605f,-0.03630640980415106f,-0.31249999999999994f,-0.259550411032078f,0.9648343600513091f,-0.04157212765135057f,1.1075058011252459f,0.024298049699676715f,0.04955806666042553f,0.9984756395674721f,-0.501820334117902f,0f,0f,0f,1f], start_interpolation: 0, interpolation_duration: 1 }
$data merge entity $(bone_rightarm) { transformation: [0.940756802493881f,0.3390775946457005f,-0.001738784280601729f,0.31249999999999994f,-0.31584075687252966f,0.878129895808289f,0.35935011115333043f,1.0546375004034811f,0.12337444978469428f,-0.33751188260120457f,0.9332011970863059f,-0.49808633106580646f,0f,0f,0f,1f], start_interpolation: 0, interpolation_duration: 1 }
$data merge entity $(bone_body) { transformation: [0.9999999999999998f,9.812781234778362e-34f,1.1878489722282739e-33f,1.02151324250299e-33f,7.703719777548943e-34f,0.5809871002524598f,0.8139127651906182f,1.1843999769378466f,0f,-0.813912765190618f,0.5809871002524596f,-0.5699069387189599f,0f,0f,0f,1f], start_interpolation: 0, interpolation_duration: 1 }
$data merge entity $(bone_head) { transformation: [0.9999999999999998f,8.3327696988835e-34f,1.2959712295778945e-33f,1.02151324250299e-33f,7.703719777548943e-34f,0.48022349744318904f,0.8771461637055887f,1.1843999769378466f,0f,-0.8771461637055885f,0.48022349744318893f,-0.5699069387189599f,0f,0f,0f,1f], start_interpolation: 0, interpolation_duration: 1 }