# This file was generated by Animated Java via MC-Build. It is not recommended to edit this file directly.
$data merge entity $(bone_leftleg) { transformation: [1f,2.8093627789532935e-33f,1.2661155247415718e-33f,-0.11875f,1.5407439555097887e-33f,0.8292327171896079f,0.5589034807033676f,0.7448083615904372f,2.465190328815662e-32f,-0.5589034807033676f,0.8292327171896079f,-0.031656270883637594f,0f,0f,0f,1f], start_interpolation: 0, interpolation_duration: 1 }
$data merge entity $(bone_rightleg) { transformation: [1f,3.0715620639225782e-33f,2.471320157961524e-34f,0.11875f,1.5407439555097887e-33f,0.9689294534523829f,0.24733724796816686f,0.7401183623492482f,2.465190328815662e-32f,-0.24733724796816686f,0.9689294534523829f,-0.12863156171649692f,0f,0f,0f,1f], start_interpolation: 0, interpolation_duration: 1 }
$data merge entity $(bone_leftarm) { transformation: [0.9647516403418243f,0.26020089495089893f,-0.039367076656903935f,-0.3125f,-0.25680592917689404f,0.9635358151715725f,0.07516280743323361f,1.0922040021899444f,0.05748901805868119f,-0.062403743064054565f,0.9963938908153964f,-0.5030756901829045f,0f,0f,0f,1f], start_interpolation: 0, interpolation_duration: 1 }
$data merge entity $(bone_rightarm) { transformation: [0.9773108265187693f,0.21179550133380054f,-0.0024927863855856297f,0.3125f,-0.18895076200953723f,0.8770933407947501f,0.44159357000472677f,1.0537638629791335f,0.09571393788375482f,-0.4311031629996101f,0.8972117391934393f,-0.4964911858391079f,0f,0f,0f,1f], start_interpolation: 0, interpolation_duration: 1 }
$data merge entity $(bone_body) { transformation: [1f,2.227071242198215e-33f,2.1297233219208306e-33f,2.215589808023076e-33f,1.5407439555097887e-33f,0.5956642573853778f,0.8032335230015779f,1.1895799950642139f,2.465190328815662e-32f,-0.8032335230015779f,0.5956642573853778f,-0.5831657395757612f,0f,0f,0f,1f], start_interpolation: 0, interpolation_duration: 1 }
$data merge entity $(bone_head) { transformation: [1f,2.2907114014327258e-33f,2.0611183908514126e-33f,2.215589808023076e-33f,1.5407439555097887e-33f,0.6197790317951399f,0.784776370533083f,1.1895799950642139f,2.465190328815662e-32f,-0.784776370533083f,0.6197790317951399f,-0.5831657395757612f,0f,0f,0f,1f], start_interpolation: 0, interpolation_duration: 1 }