# This file was generated by Animated Java via MC-Build. It is not recommended to edit this file directly.
$data merge entity $(bone_leftleg) { transformation: [0.9999999999999998f,-8.001461308867614e-33f,2.3317224377084886e-32f,-0.11874999999999997f,0f,0.8159358299992467f,0.5781424749345444f,0.734889838472633f,-2.465190328815662e-32f,-0.5781424749345443f,0.8159358299992465f,-0.05287623298127427f,0f,0f,0f,1f], start_interpolation: 0, interpolation_duration: 1 }
$data merge entity $(bone_rightleg) { transformation: [0.9999999999999998f,-5.377646089872571e-33f,2.4058205632604968e-32f,0.11874999999999997f,0f,0.8747888843334528f,0.48450429084439806f,0.7432346400094572f,-2.465190328815662e-32f,-0.484504290844398f,0.8747888843334526f,-0.09363376955196284f,0f,0f,0f,1f], start_interpolation: 0, interpolation_duration: 1 }
$data merge entity $(bone_leftarm) { transformation: [0.9638928530805329f,0.2628187562289731f,-0.04285871153599161f,-0.31249999999999994f,-0.24843819711064147f,0.945487305040649f,0.21055217458716682f,1.07249342611287f,0.09585942831398409f,-0.19230199526064795f,0.9766426739714426f,-0.5106631021818235f,0f,0f,0f,1f], start_interpolation: 0, interpolation_duration: 1 }
$data merge entity $(bone_rightarm) { transformation: [0.997895322725672f,0.06483646134023985f,-0.0010761798650685444f,0.31249999999999994f,-0.05399569934093699f,0.840006770061009f,0.5398824786047f,1.0499472330242998f,0.03590806782478742f,-0.538688091136742f,0.8417397169746378f,-0.5040359476481705f,0f,0f,0f,1f], start_interpolation: 0, interpolation_duration: 1 }
$data merge entity $(bone_body) { transformation: [0.9999999999999998f,-1.4587315616328147e-32f,1.987275921552556e-32f,-1.0020998686635665e-32f,0f,0.606543597799036f,0.7950502273246649f,1.189665467414605f,-2.465190328815662e-32f,-0.7950502273246648f,0.6065435977990358f,-0.6102483055866694f,0f,0f,0f,1f], start_interpolation: 0, interpolation_duration: 1 }
$data merge entity $(bone_head) { transformation: [0.9999999999999998f,-1.0542963830384409e-32f,2.228367674778633e-32f,-1.0020998686635665e-32f,0f,0.7466381822853915f,0.6652303546543608f,1.189665467414605f,-2.465190328815662e-32f,-0.6652303546543608f,0.7466381822853912f,-0.6102483055866694f,0f,0f,0f,1f], start_interpolation: 0, interpolation_duration: 1 }