# This file was generated by Animated Java via MC-Build. It is not recommended to edit this file directly.
$data merge entity $(bone_leftleg) { transformation: [1f,-5.9645101299664e-33f,-1.5514154480884205e-33f,-0.11875f,3.0814879110195774e-33f,0.7886550406030085f,0.6148359349708401f,0.7096309369142353f,0f,-0.6148359349708401f,0.7886550406030085f,-0.0743450775574789f,0f,0f,0f,1f], start_interpolation: 0, interpolation_duration: 1 }
$data merge entity $(bone_rightleg) { transformation: [1f,-5.794972992515694e-33f,-2.0977509382795896e-33f,0.11875f,3.0814879110195774e-33f,0.7282513717976848f,0.6853101046057839f,0.7400055089727888f,0f,-0.6853101046057839f,0.7282513717976848f,-0.07085253231657818f,0f,0f,0f,1f], start_interpolation: 0, interpolation_duration: 1 }
$data merge entity $(bone_leftarm) { transformation: [0.9628315346349867f,0.26604017436434885f,-0.04666970684098264f,-0.3125f,-0.233731268604709f,0.9072441938589887f,0.34968223687454786f,1.0370101279499324f,0.13537034383080285f,-0.32577691497916306f,0.9357052269159286f,-0.529458102285197f,0f,0f,0f,1f], start_interpolation: 0, interpolation_duration: 1 }
$data merge entity $(bone_rightarm) { transformation: [0.9973193587849786f,-0.07316991207397396f,0.0005104505913112421f,0.3125f,0.05571506051055053f,0.7638917868389424f,0.6429348100953265f,1.028288827146278f,-0.047433412538261915f,-0.6411828927592305f,0.7659207331100787f,-0.5256912850222846f,0f,0f,0f,1f], start_interpolation: 0, interpolation_duration: 1 }
$data merge entity $(bone_body) { transformation: [1f,-5.360800140737353e-33f,-3.040409977965073e-33f,-5.158410763046772e-33f,3.0814879110195774e-33f,0.6029295416890247f,0.7977944395385711f,1.166916770737699f,0f,-0.7977944395385711f,0.6029295416890247f,-0.653646524288263f,0f,0f,0f,1f], start_interpolation: 0, interpolation_duration: 1 }
$data merge entity $(bone_head) { transformation: [1f,-6.050972733719201e-33f,-1.169615303775551e-33f,-5.158410763046772e-33f,3.0814879110195774e-33f,0.8260982944957638f,0.5635260489375716f,1.166916770737699f,0f,-0.5635260489375716f,0.8260982944957638f,-0.653646524288263f,0f,0f,0f,1f], start_interpolation: 0, interpolation_duration: 1 }