# This file was generated by Animated Java via MC-Build. It is not recommended to edit this file directly.
$data merge entity $(bone_leftleg) { transformation: [1f,0f,0f,-0.11875f,0f,0.8419435458506466f,0.5395656267780965f,0.7504814814814815f,0f,-0.5395656267780965f,0.8419435458506466f,0f,0f,0f,0f,1f], start_interpolation: 0, interpolation_duration: 1 }
$data merge entity $(bone_rightleg) { transformation: [1f,0f,0f,0.11875f,0f,0.9908650256651682f,-0.13485733540881484f,0.7502407407407408f,0f,0.13485733540881484f,0.9908650256651682f,-0.18930555555555556f,0f,0f,0f,1f], start_interpolation: 0, interpolation_duration: 1 }
$data merge entity $(bone_leftarm) { transformation: [0.9660545077766209f,0.25620948270065746f,-0.03309666114175354f,-0.3125f,-0.2583333552966215f,0.95728099399623f,-0.12991141626038605f,1.1245185185185185f,-0.001601732081249068f,0.13405148081185547f,0.990973074783815f,-0.5019259259259259f,0f,0f,0f,1f], start_interpolation: 0, interpolation_duration: 1 }
$data merge entity $(bone_rightarm) { transformation: [0.9043206297994668f,0.42685383048301845f,0.00007694849033744455f,0.3125f,-0.4070664578339404f,0.8623453757101049f,0.3010935932528734f,1.061537037037037f,0.12845659743907456f,-0.2723164710284203f,0.9535945900543915f,-0.5019259259259259f,0f,0f,0f,1f], start_interpolation: 0, interpolation_duration: 1 }
$data merge entity $(bone_body) { transformation: [1f,0f,0f,0f,0f,0.5702676066765521f,0.8214589805799175f,1.1860555555555556f,0f,-0.8214589805799175f,0.5702676066765521f,-0.5644259259259259f,0f,0f,0f,1f], start_interpolation: 0, interpolation_duration: 1 }
$data merge entity $(bone_head) { transformation: [1f,0f,0f,0f,0f,0.3745946064134701f,0.9271886975400085f,1.1860555555555556f,0f,-0.9271886975400085f,0.3745946064134701f,-0.5644259259259259f,0f,0f,0f,1f], start_interpolation: 0, interpolation_duration: 1 }