# This file was generated by Animated Java via MC-Build. It is not recommended to edit this file directly.
$data merge entity $(bone_leftleg) { transformation: [1f,-6.698128943538965e-33f,-2.6735378963398096e-32f,-0.11875f,0f,0.7372773368101241f,0.6755902076156601f,0.6623797632095823f,0f,-0.6755902076156602f,0.7372773368101242f,-0.09374999999999999f,0f,0f,0f,1f], start_interpolation: 0, interpolation_duration: 1 }
$data merge entity $(bone_rightleg) { transformation: [1f,-7.527614414247865e-34f,-2.755138417345103e-32f,0.11875f,0f,0.573576436351046f,0.8191520442889917f,0.712880557077846f,0f,-0.8191520442889918f,0.5735764363510463f,-0.06878005919760441f,0f,0f,0f,1f], start_interpolation: 0, interpolation_duration: 1 }
$data merge entity $(bone_leftarm) { transformation: [0.9615541311205995f,0.2698976209099372f,-0.0506845849550405f,-0.3125f,-0.213886072548825f,0.8518065739693708f,0.4782032083876076f,0.9703924651018017f,0.17223937091892674f,-0.4489775437254281f,0.8767854722426313f,-0.5602563509461096f,0f,0f,0f,1f], start_interpolation: 0, interpolation_duration: 1 }
$data merge entity $(bone_rightarm) { transformation: [0.9848077791007673f,-0.17364802971127538f,-7.854747132926554e-8f,0.3125f,0.11731495201073032f,0.6653264055216777f,0.7372774078664857f,0.9703924651018017f,-0.12802671696694484f,-0.7260765358369572f,0.6755901300712363f,-0.5602563509461096f,0f,0f,0f,1f], start_interpolation: 0, interpolation_duration: 1 }
$data merge entity $(bone_body) { transformation: [1f,-7.527614414247865e-34f,-2.755138417345103e-32f,-3.0814879110195774e-33f,0f,0.573576436351046f,0.8191520442889917f,1.101522228311384f,0f,-0.8191520442889918f,0.5735764363510463f,-0.7081329386826372f,0f,0f,0f,1f], start_interpolation: 0, interpolation_duration: 1 }
$data merge entity $(bone_head) { transformation: [1f,-1.1238919150501508e-32f,-2.5166090598050276e-32f,-3.0814879110195774e-33f,0f,0.8433914458128857f,0.5372996083468238f,1.101522228311384f,0f,-0.5372996083468238f,0.8433914458128859f,-0.7081329386826372f,0f,0f,0f,1f], start_interpolation: 0, interpolation_duration: 1 }