# This file was generated by Animated Java via MC-Build. It is not recommended to edit this file directly.
$data merge entity $(bone_leftleg) { transformation: [1f,-5.3418713346626756e-33f,2.4066174319416378e-32f,-0.11875f,0f,0.7110904128233799f,0.7031005794270655f,0.6395431674892517f,-2.465190328815662e-32f,-0.7031005794270655f,0.7110904128233799f,-0.09980761522679321f,0f,0f,0f,1f], start_interpolation: 0, interpolation_duration: 1 }
$data merge entity $(bone_rightleg) { transformation: [1f,-1.082329438242525e-32f,2.214887433798813e-32f,0.11875f,0f,0.5268898675745564f,0.8499335664905032f,0.6940196996983812f,-2.465190328815662e-32f,-0.8499335664905032f,0.5268898675745564f,-0.07358259900799591f,0f,0f,0f,1f], start_interpolation: 0, interpolation_duration: 1 }
$data merge entity $(bone_leftarm) { transformation: [0.9600511571075347f,0.27440886212064175f,-0.05478642282663055f,-0.3125f,-0.20395594877877202f,0.8202571911111042f,0.5343969604968508f,0.9297419543186922f,0.19158221914946755f,-0.5018744034319507f,0.8434561852791105f,-0.5775990593974909f,0f,0f,0f,1f], start_interpolation: 0, interpolation_duration: 1 }
$data merge entity $(bone_rightarm) { transformation: [0.9805714124338081f,-0.19616118326609686f,-0.0007037735512157826f,0.3125f,0.1265029971607346f,0.6296136162935965f,0.7665400745473463f,0.9297419543186922f,-0.14992230263345677f,-0.7517363130495591f,0.642196090626327f,-0.5775990593974909f,0f,0f,0f,1f], start_interpolation: 0, interpolation_duration: 1 }
$data merge entity $(bone_body) { transformation: [1f,-1.0418344516240583e-32f,2.234221191533074e-32f,-7.703719777548943e-33f,0f,0.5422731797157858f,0.8402022367031232f,1.0552011019175314f,-2.465190328815662e-32f,-0.8402022367031232f,0.5422731797157858f,-0.7303161255157631f,0f,0f,0f,1f], start_interpolation: 0, interpolation_duration: 1 }
$data merge entity $(bone_head) { transformation: [1f,-6.478603912959886e-34f,2.4643388822197666e-32f,-7.703719777548943e-33f,0f,0.8322696096802299f,0.5543710822208513f,1.0552011019175314f,-2.465190328815662e-32f,-0.5543710822208513f,0.8322696096802299f,-0.7303161255157631f,0f,0f,0f,1f], start_interpolation: 0, interpolation_duration: 1 }