# This file was generated by Animated Java via MC-Build. It is not recommended to edit this file directly.
$data merge entity $(bone_leftleg) { transformation: [1f,2.7440029358553393e-33f,-1.2016635628168729e-32f,-0.11875f,0f,0.6778840861349753f,0.7351688008647738f,0.6116745823544476f,2.465190328815662e-32f,-0.7351688008647737f,0.6778840861349752f,-0.1060892682576808f,0f,0f,0f,1f], start_interpolation: 0, interpolation_duration: 1 }
$data merge entity $(bone_rightleg) { transformation: [1f,5.568017792341549e-33f,-1.0996647752671026e-32f,0.11875f,0f,0.48001936326093103f,0.8772578930363466f,0.6686775679695857f,2.465190328815662e-32f,-0.8772578930363466f,0.4800193632609309f,-0.08101686635025393f,0f,0f,0f,1f], start_interpolation: 0, interpolation_duration: 1 }
$data merge entity $(bone_leftarm) { transformation: [0.9583185978834214f,0.27957284792288933f,-0.05885989853064851f,-0.3125f,-0.19213863649928806f,0.783129130329465f,0.5914317455071297f,0.8824902467585358f,0.21144315859102109f,-0.5554707804499718f,0.8042039559411227f,-0.5951279946519943f,0f,0f,0f,1f], start_interpolation: 0, interpolation_duration: 1 }
$data merge entity $(bone_rightarm) { transformation: [0.976556160992493f,-0.21525611139500925f,-0.0016943832811672013f,0.3125f,0.13149308613968955f,0.5902779968353038f,0.7964178895212999f,0.8824902467585358f,-0.17043366077469646f,-0.7779695964234081f,0.6047443049055816f,-0.5951279946519943f,0f,0f,0f,1f], start_interpolation: 0, interpolation_duration: 1 }
$data merge entity $(bone_body) { transformation: [1f,5.2091722581202916e-33f,-1.117110595766537e-32f,3.851859888774472e-33f,0f,0.5081620394342549f,0.8612614827553935f,1.0017276656196823f,2.465190328815662e-32f,-0.8612614827553934f,0.5081620394342548f,-0.7527507656697995f,0f,0f,0f,1f], start_interpolation: 0, interpolation_duration: 1 }
$data merge entity $(bone_head) { transformation: [1f,2.7789052651201296e-34f,-1.2322818703017247e-32f,3.851859888774472e-33f,0f,0.8115702052516418f,0.5842549117874903f,1.0017276656196823f,2.465190328815662e-32f,-0.5842549117874903f,0.8115702052516417f,-0.7527507656697995f,0f,0f,0f,1f], start_interpolation: 0, interpolation_duration: 1 }