# This file was generated by Animated Java via MC-Build. It is not recommended to edit this file directly.
$data merge entity $(bone_leftleg) { transformation: [1f,0f,0f,-0.11875f,0f,0.6379617540893054f,0.770068049148448f,0.5795194317439712f,0f,-0.770068049148448f,0.6379617540893054f,-0.11247408634532644f,0f,0f,0f,1f], start_interpolation: 0, interpolation_duration: 1 }
$data merge entity $(bone_rightleg) { transformation: [1f,0f,0f,0.11875f,0f,0.4333445229571872f,0.9012283419994114f,0.6375406390923634f,0f,-0.9012283419994114f,0.4333445229571872f,-0.09051406305674835f,0f,0f,0f,1f], start_interpolation: 0, interpolation_duration: 1 }
$data merge entity $(bone_leftarm) { transformation: [0.9563590323964376f,0.28536679635102286f,-0.06279484607914423f,-0.3125f,-0.1784327118158668f,0.740552322779242f,0.647876550417057f,0.8296058012674594f,0.23138532474594273f,-0.6083979361952369f,0.7591526741872093f,-0.6124308922581586f,0f,0f,0f,1f], start_interpolation: 0, interpolation_duration: 1 }
$data merge entity $(bone_rightarm) { transformation: [0.9728850140804753f,-0.2312704688518717f,-0.002952899366493164f,0.3125f,0.13272957625735854f,0.5478066223850673f,0.8260089370325278f,0.8296058012674594f,-0.18941385631514726f,-0.8040036534171346f,0.5636492848640235f,-0.6124308922581586f,0f,0f,0f,1f], start_interpolation: 0, interpolation_duration: 1 }
$data merge entity $(bone_body) { transformation: [1f,0f,0f,0f,0f,0.4716276071159422f,0.8817978227496882f,0.9421338708963218f,0f,-0.8817978227496882f,0.4716276071159422f,-0.7749114558514755f,0f,0f,0f,1f], start_interpolation: 0, interpolation_duration: 1 }
$data merge entity $(bone_head) { transformation: [1f,0f,0f,0f,0f,0.78130264974832f,0.624152360803237f,0.9421338708963218f,0f,-0.624152360803237f,0.78130264974832f,-0.7749114558514755f,0f,0f,0f,1f], start_interpolation: 0, interpolation_duration: 1 }