# This file was generated by Animated Java via MC-Build. It is not recommended to edit this file directly.
$data merge entity $(bone_leftleg) { transformation: [1f,0f,0f,-0.11875f,0f,0.5917839294893508f,0.8060966324195527f,0.5438376655047084f,-2.465190328815662e-32f,-0.8060966324195527f,0.5917839294893509f,-0.11884705624363127f,0f,0f,0f,1f], start_interpolation: 0, interpolation_duration: 1 }
$data merge entity $(bone_rightleg) { transformation: [1f,0f,0f,0.11875f,0f,0.3872295314073059f,0.9219833458398684f,0.6013487011760872f,-2.465190328815662e-32f,-0.9219833458398685f,0.38722953140730604f,-0.10150627797413955f,0f,0f,0f,1f], start_interpolation: 0, interpolation_duration: 1 }
$data merge entity $(bone_leftarm) { transformation: [0.9541824767406643f,0.2917445183084253f,-0.06649012797428337f,-0.3125f,-0.1629142411740679f,0.692905564082818f,0.7023822529689582f,0.7721025256862495f,0.2509875516907748f,-0.6593686490121112f,0.7086876841008416f,-0.6291363404798394f,0f,0f,0f,1f], start_interpolation: 0, interpolation_duration: 1 }
$data merge entity $(bone_rightarm) { transformation: [0.9696298648860807f,-0.24453674730467267f,-0.004438956932824804f,0.3125f,0.13069870207145415f,0.5027312020437253f,0.8545052298075819f,0.7721025256862495f,-0.2067263272973186f,-0.8291339564324464f,0.5194238229931702f,-0.6291363404798394f,0f,0f,0f,1f], start_interpolation: 0, interpolation_duration: 1 }
$data merge entity $(bone_body) { transformation: [1f,0f,0f,0f,0f,0.4331114802977137f,0.9013403605932242f,0.8775096909615991f,-2.465190328815662e-32f,-0.9013403605932242f,0.4331114802977138f,-0.7963243469534352f,0f,0f,0f,1f], start_interpolation: 0, interpolation_duration: 1 }
$data merge entity $(bone_head) { transformation: [1f,0f,0f,0f,0f,0.7414208657796332f,0.6710403115957932f,0.8775096909615991f,-2.465190328815662e-32f,-0.6710403115957932f,0.7414208657796333f,-0.7963243469534352f,0f,0f,0f,1f], start_interpolation: 0, interpolation_duration: 1 }