# This file was generated by Animated Java via MC-Build. It is not recommended to edit this file directly.
$data merge entity $(bone_leftleg) { transformation: [1f,-8.593500492140286e-33f,-1.5166077843526264e-32f,-0.11875f,6.162975822039155e-33f,0.5400227152527031f,0.8416504422924627f,0.5054043330370543f,2.465190328815662e-32f,-0.8416504422924627f,0.5400227152527031f,-0.12510128291464118f,0f,0f,0f,1f], start_interpolation: 0, interpolation_duration: 1 }
$data merge entity $(bone_rightleg) { transformation: [1f,-5.0533657753599885e-33f,-1.6682975220407597e-32f,0.11875f,6.162975822039155e-33f,0.34202014332566866f,0.9396926207859084f,0.5609089308871866f,2.465190328815662e-32f,-0.9396926207859084f,0.34202014332566866f,-0.11344217988266714f,0f,0f,0f,1f], start_interpolation: 0, interpolation_duration: 1 }
$data merge entity $(bone_leftarm) { transformation: [0.9518069500145794f,0.2986359799473189f,-0.06985757929422197f,-0.3125f,-0.1457396908949713f,0.6408142193054398f,0.7537354169957768f,0.7110388686077025f,0.2698582450135296f,-0.7072295863557068f,0.6534545430107236f,-0.6449228270821024f,0f,0f,0f,1f], start_interpolation: 0, interpolation_duration: 1 }
$data merge entity $(bone_rightarm) { transformation: [0.9668210873208674f,-0.25538162517345414f,-0.006100052086753793f,0.3125f,0.1259153284015611f,0.4556402449198861f,0.8812135367110931f,0.7110388686077025f,-0.22226631590329365f,-0.8527439197866564f,0.4726790582220305f,-0.6449228270821024f,0f,0f,0f,1f], start_interpolation: 0, interpolation_duration: 1 }
$data merge entity $(bone_body) { transformation: [1f,-5.961933699545078e-33f,-1.638027821578566e-32f,-6.933347799794049e-33f,6.162975822039155e-33f,0.39310994419596673f,0.9194914745522351f,0.8090020332658023f,2.465190328815662e-32f,-0.9194914745522351f,0.39310994419596673f,-0.8165786407621813f,0f,0f,0f,1f], start_interpolation: 0, interpolation_duration: 1 }
$data merge entity $(bone_head) { transformation: [1f,-1.1355107139665943e-32f,-1.3225721519486984e-32f,-6.933347799794049e-33f,6.162975822039155e-33f,0.6920965165266147f,0.7218049679877002f,0.8090020332658023f,2.465190328815662e-32f,-0.7218049679877002f,0.6920965165266147f,-0.8165786407621813f,0f,0f,0f,1f], start_interpolation: 0, interpolation_duration: 1 }