# This file was generated by Animated Java via MC-Build. It is not recommended to edit this file directly.
$data merge entity $(bone_leftleg) { transformation: [1f,1.1806073755073797e-32f,3.5419918720847554e-33f,-0.11875f,0f,0.4835879485751616f,0.8752957762910014f,0.4650094121272428f,0f,-0.8752957762910015f,0.4835879485751617f,-0.1311401062273124f,0f,0f,0f,1f], start_interpolation: 0, interpolation_duration: 1 }
$data merge entity $(bone_rightleg) { transformation: [1f,1.085476041896616e-32f,5.839799669423806e-33f,0.11875f,0f,0.29804135033600276f,0.9545529600236398f,0.5171038365641065f,0f,-0.9545529600236398f,0.2980413503360029f,-0.1258031180699441f,0f,0f,0f,1f], start_interpolation: 0, interpolation_duration: 1 }
$data merge entity $(bone_leftarm) { transformation: [0.9492587665285854f,0.3059480431870514f,-0.07282574433977818f,-0.3125f,-0.12714441767662266f,0.5851312738008866f,0.8009092891668972f,0.6475143694968072f,0.2876492503419766f,-0.7510107770799072f,0.5943405770158495f,-0.6595262723364693f,0f,0f,0f,1f], start_interpolation: 0, interpolation_duration: 1 }
$data merge entity $(bone_rightarm) { transformation: [0.9644559732527483f,-0.2641261016220916f,-0.007878965605358487f,0.3125f,0.11890924800789755f,0.4071833721021511f,0.9055729082860846f,0.6475143694968072f,-0.23597725821631674f,-0.874322082487591f,0.4241174715562566f,-0.6595262723364693f,0f,0f,0f,1f], start_interpolation: 0, interpolation_duration: 1 }
$data merge entity $(bone_body) { transformation: [1f,1.117110595766537e-32f,5.2091722581202916e-33f,1.0785207688568521e-32f,0f,0.35216837338051427f,0.9359366628092537f,0.7378104128816125f,0f,-0.9359366628092538f,0.3521683733805144f,-0.835336182606196f,0f,0f,0f,1f], start_interpolation: 0, interpolation_duration: 1 }
$data merge entity $(bone_head) { transformation: [1f,1.225198606605026e-32f,1.3483031444994258e-33f,1.0785207688568521e-32f,0f,0.6339209606143562f,0.7733978379164064f,0.7378104128816125f,0f,-0.7733978379164064f,0.6339209606143563f,-0.835336182606196f,0f,0f,0f,1f], start_interpolation: 0, interpolation_duration: 1 }