# This file was generated by Animated Java via MC-Build. It is not recommended to edit this file directly.
$data merge entity $(bone_leftleg) { transformation: [1f,0f,0f,-0.11875f,-6.162975822039155e-33f,0.4236256689993664f,0.9058373433265154f,0.4234569640517535f,-2.465190328815662e-32f,-0.9058373433265154f,0.4236256689993665f,-0.13687892309971655f,0f,0f,0f,1f], start_interpolation: 0, interpolation_duration: 1 }
$data merge entity $(bone_rightleg) { transformation: [1f,0f,0f,0.11875f,-6.162975822039155e-33f,0.2555957482070099f,0.966783747018173f,0.4708933268188181f,-2.465190328815662e-32f,-0.9667837470181732f,0.25559574820701003f,-0.1381184595315639f,0f,0f,0f,1f], start_interpolation: 0, interpolation_duration: 1 }
$data merge entity $(bone_leftarm) { transformation: [0.9465725605055632f,0.3135662646385318f,-0.07534311765901595f,-0.3125f,-0.10743704185888661f,0.5269038573154087f,0.8431071148927373f,0.5826641312173013f,0.3040685280237893f,-0.7899674188387656f,0.5324413652588091f,-0.6727455836815457f,0f,0f,0f,1f], start_interpolation: 0, interpolation_duration: 1 }
$data merge entity $(bone_rightarm) { transformation: [0.9625060460518909f,-0.2710860394001574f,-0.009719596488097788f,0.3125f,0.11021138318000008f,0.3580686976658647f,0.9271678697891892f,0.5826641312173013f,-0.2478619824239013f,-0.8934758905500517f,0.37452005376840086f,-0.6727455836815457f,0f,0f,0f,1f], start_interpolation: 0, interpolation_duration: 1 }
$data merge entity $(bone_body) { transformation: [1f,0f,0f,0f,-6.162975822039155e-33f,0.3108730408091148f,0.9504514466810466f,0.6651799727543346f,-2.465190328815662e-32f,-0.9504514466810468f,0.3108730408091148f,-0.8523385565269086f,0f,0f,0f,1f], start_interpolation: 0, interpolation_duration: 1 }
$data merge entity $(bone_head) { transformation: [1f,0f,0f,0f,-6.162975822039155e-33f,0.5680246420607288f,0.82301154670623f,0.6651799727543346f,-2.465190328815662e-32f,-0.82301154670623f,0.5680246420607289f,-0.8523385565269086f,0f,0f,0f,1f], start_interpolation: 0, interpolation_duration: 1 }