# This file was generated by Animated Java via MC-Build. It is not recommended to edit this file directly.
$data merge entity $(bone_leftleg) { transformation: [1f,8.213951285637994e-33f,-2.3243221377549908e-32f,-0.11875f,0f,0.3614919787810895f,0.9323752191456679f,0.38156371617656626f,0f,-0.932375219145668f,0.36149197878108974f,-0.14224656842220812f,0f,0f,0f,1f], start_interpolation: 0, interpolation_duration: 1 }
$data merge entity $(bone_rightleg) { transformation: [1f,1.1665001933133619e-32f,-2.171736783380104e-32f,0.11875f,0f,0.21496260331019962f,0.9766222807094367f,0.42331149062995627f,0f,-0.9766222807094368f,0.21496260331019973f,-0.14997890786226836f,0f,0f,0f,1f], start_interpolation: 0, interpolation_duration: 1 }
$data merge entity $(bone_leftarm) { transformation: [0.9437910514244339f,0.321357576126065f,-0.07738061461077894f,-0.3125f,-0.08699028843893604f,0.467328694721437f,0.8797934875908485f,0.5176517816647122f,0.31889048428649025f,-0.8236098587051629f,0.46901562839119726f,-0.6844458292403082f,0f,0f,0f,1f], start_interpolation: 0, interpolation_duration: 1 }
$data merge entity $(bone_rightarm) { transformation: [0.9609232827724367f,-0.2765728618982798f,-0.011571373610717146f,0.3125f,0.10034054434179156f,0.3090545366819606f,0.9457362573770193f,0.5176517816647122f,-0.25798879779369627f,-0.9099410670025251f,0.32472917145718483f,-0.6844458292403082f,0f,0f,0f,1f], start_interpolation: 0, interpolation_duration: 1 }
$data merge entity $(bone_body) { transformation: [1f,1.0418344516240583e-32f,-2.234221191533074e-32f,7.703719777548943e-33f,0f,0.2698411540691677f,0.9629048507358448f,0.5923925676264683f,0f,-0.9629048507358449f,0.2698411540691679f,-0.867411167252236f,0f,0f,0f,1f], start_interpolation: 0, interpolation_duration: 1 }
$data merge entity $(bone_head) { transformation: [1f,4.6665698151705385e-33f,-2.4206186438362536e-32f,7.703719777548943e-33f,0f,0.49610986821818315f,0.8682597529867067f,0.5923925676264683f,0f,-0.8682597529867068f,0.49610986821818337f,-0.867411167252236f,0f,0f,0f,1f], start_interpolation: 0, interpolation_duration: 1 }