# This file was generated by Animated Java via MC-Build. It is not recommended to edit this file directly.
$data merge entity $(bone_leftleg) { transformation: [1f,4.397135329218941e-33f,-1.1514959176162606e-32f,-0.11875f,0f,0.2987076813324858f,0.9543446553069652f,0.34015719788945986f,0f,-0.9543446553069653f,0.29870768133248604f,-0.1471861249522823f,0f,0f,0f,1f], start_interpolation: 0, interpolation_duration: 1 }
$data merge entity $(bone_rightleg) { transformation: [1f,5.809464729442962e-33f,-1.087102587107192e-32f,0.11875f,0f,0.17639759906721247f,0.9843189965876525f,0.375458973199285f,0f,-0.9843189965876527f,0.1763975990672127f,-0.16104660059255604f,0f,0f,0f,1f], start_interpolation: 0, interpolation_duration: 1 }
$data merge entity $(bone_leftarm) { transformation: [0.940964559799332f,0.3291736228939991f,-0.07893302979417766f,-0.3125f,-0.06622913087702104f,0.40770096709259396f,0.9107105048559824f,0.45366155899164307f,0.3319629488737015f,-0.8517186433456785f,0.4054330439819546f,-0.6945587220109817f,0f,0f,0f,1f], start_interpolation: 0, interpolation_duration: 1 }
$data merge entity $(bone_rightarm) { transformation: [0.9596452820446493f,-0.28089424509123584f,-0.013392375594730777f,0.3125f,0.08979156935345639f,0.26093697676569994f,0.9611708319697494f,0.45366155899164307f,-0.26649278925045805f,-0.9235855765607222f,0.2756288737532948f,-0.6945587220109817f,0f,0f,0f,1f], start_interpolation: 0, interpolation_duration: 1 }
$data merge entity $(bone_body) { transformation: [1f,5.2091722581202916e-33f,-1.117110595766537e-32f,3.851859888774472e-33f,0f,0.22971001966875554f,0.9732591159931563f,0.5207567152303422f,0f,-0.9732591159931563f,0.22971001966875576f,-0.8804639129264173f,0f,0f,0f,1f], start_interpolation: 0, interpolation_duration: 1 }
$data merge entity $(bone_head) { transformation: [1f,2.860698713107557e-33f,-1.1989390593561523e-32f,3.851859888774472e-33f,0f,0.4204024746346634f,0.9073377316749542f,0.5207567152303422f,0f,-0.9073377316749542f,0.4204024746346636f,-0.8804639129264173f,0f,0f,0f,1f], start_interpolation: 0, interpolation_duration: 1 }