# This file was generated by Animated Java via MC-Build. It is not recommended to edit this file directly.
$data merge entity $(bone_leftleg) { transformation: [1f,0f,0f,-0.11875f,0f,0.8403774604521884f,0.5420015903702963f,0.751f,0f,-0.5420015903702963f,0.8403774604521884f,0f,0f,0f,0f,1f], start_interpolation: 0, interpolation_duration: 1 }
$data merge entity $(bone_rightleg) { transformation: [1f,0f,0f,0.11875f,0f,0.9902194278351374f,-0.13951876123967363f,0.7505f,0f,0.13951876123967363f,0.9902194278351374f,-0.19125f,0f,0f,0f,1f], start_interpolation: 0, interpolation_duration: 1 }
$data merge entity $(bone_leftarm) { transformation: [0.9661900425547268f,0.2557928261247142f,-0.03235477972768181f,-0.3125f,-0.2578094934974404f,0.9568534940425165f,-0.13403602501275966f,1.124f,-0.0033266696091283493f,0.1378456420847596f,0.9904481370710695f,-0.504f,0f,0f,0f,1f], start_interpolation: 0, interpolation_duration: 1 }
$data merge entity $(bone_rightarm) { transformation: [0.9021589111274932f,0.43140383889852657f,0.00016388065731010037f,0.3125f,-0.4113712127556281f,0.8601518092372245f,0.3015171477410418f,1.0605f,0.12993469278533537f,-0.2720837974770706f,0.9534607400209182f,-0.504f,0f,0f,0f,1f], start_interpolation: 0, interpolation_duration: 1 }
$data merge entity $(bone_body) { transformation: [1f,0f,0f,0f,0f,0.5666938767204173f,0.8239284253426292f,1.1844999999999999f,0f,-0.8239284253426292f,0.5666938767204173f,-0.5665f,0f,0f,0f,1f], start_interpolation: 0, interpolation_duration: 1 }
$data merge entity $(bone_head) { transformation: [1f,0f,0f,0f,0f,0.36585158346375135f,0.9306732073488877f,1.1844999999999999f,0f,-0.9306732073488877f,0.36585158346375135f,-0.5665f,0f,0f,0f,1f], start_interpolation: 0, interpolation_duration: 1 }