# This file was generated by Animated Java via MC-Build. It is not recommended to edit this file directly.
$data merge entity $(bone_leftleg) { transformation: [1f,-4.6801068418047205e-33f,1.1402880508075555e-32f,-0.11875f,0f,0.23690094827811908f,0.9715338083180266f,0.3000735716757081f,0f,-0.9715338083180265f,0.23690094827811897f,-0.15165505773132143f,0f,0f,0f,1f], start_interpolation: 0, interpolation_duration: 1 }
$data merge entity $(bone_rightleg) { transformation: [1f,-5.77964749347441e-33f,1.0886907677726112e-32f,0.11875f,0f,0.14013322640130615f,0.9901326572022358f,0.32849206407952425f,0f,-0.9901326572022358f,0.14013322640130604f,-0.17106094691569224f,0f,0f,0f,1f], start_interpolation: 0, interpolation_duration: 1 }
$data merge entity $(bone_leftarm) { transformation: [0.9381502842644328f,0.33685450465845784f,-0.08001929033594926f,-0.3125f,-0.045617254940862745f,0.3493616434247214f,0.9358768659151898f,0.39189017966299466f,0.3432100088666184f,-0.8743428874273999f,0.3431201029069746f,-0.7030802208293695f,0f,0f,0f,1f], start_interpolation: 0, interpolation_duration: 1 }
$data merge entity $(bone_rightarm) { transformation: [0.9585994124872379f,-0.2843547184289558f,-0.015151253621779798f,0.3125f,0.0790257198554357f,0.21453503677383828f,0.9735140746788298f,0.39189017966299466f,-0.2735728458390058f,-0.9344073587593567f,0.22812449652746714f,-0.7030802208293695f,0f,0f,0f,1f], start_interpolation: 0, interpolation_duration: 1 }
$data merge entity $(bone_body) { transformation: [1f,-5.2091722581202916e-33f,1.117110595766537e-32f,-3.851859888774472e-33f,0f,0.19112625626352892f,0.9815654609686956f,0.45159725061344735f,0f,-0.9815654609686955f,0.1911262562635288f,-0.8914881975143221f,0f,0f,0f,1f], start_interpolation: 0, interpolation_duration: 1 }
$data merge entity $(bone_head) { transformation: [1f,-3.382171755986763e-33f,1.1852847680838651e-32f,-3.851859888774472e-33f,0f,0.3435382821829408f,0.9391386738255401f,0.45159725061344735f,0f,-0.93913867382554f,0.3435382821829407f,-0.8914881975143221f,0f,0f,0f,1f], start_interpolation: 0, interpolation_duration: 1 }