# This file was generated by Animated Java via MC-Build. It is not recommended to edit this file directly.
$data merge entity $(bone_leftleg) { transformation: [1f,0f,0f,-0.11875f,-6.162975822039155e-33f,0.1777463503266416f,0.9840763359341381f,0.2621553059859199f,2.465190328815662e-32f,-0.9840763359341381f,0.1777463503266416f,-0.15562459937876372f,0f,0f,0f,1f], start_interpolation: 0, interpolation_duration: 1 }
$data merge entity $(bone_rightleg) { transformation: [1f,0f,0f,0.11875f,-6.162975822039155e-33f,0.1063797670899923f,0.994325573016142f,0.28360974709812525f,2.465190328815662e-32f,-0.994325573016142f,0.1063797670899923f,-0.17983941446150975f,0f,0f,0f,1f], start_interpolation: 0, interpolation_duration: 1 }
$data merge entity $(bone_leftarm) { transformation: [0.935411351158937f,0.34423265491272087f,-0.08068136968812176f,-0.3125f,-0.025642946444933618f,0.29364837395407994f,0.9555695012775088f,0.33353912524582396f,0.3526301793956864f,-0.8917816502742497f,0.283509161780535f,-0.7100651736045949f,0f,0f,0f,1f], start_interpolation: 0, interpolation_duration: 1 }
$data merge entity $(bone_rightarm) { transformation: [0.9577059706175932f,-0.28725614268755495f,-0.01682802221536163f,0.3125f,0.06846415910491212f,0.17067519635809525f,0.9829458969171104f,0.33353912524582396f,-0.27948512082304294f,-0.9425252706619556f,0.18312340484530204f,-0.7100651736045949f,0f,0f,0f,1f], start_interpolation: 0, interpolation_duration: 1 }
$data merge entity $(bone_body) { transformation: [1f,0f,0f,0f,-6.162975822039155e-33f,0.1547359316589112f,0.9879558651344951f,0.3862454906980819f,2.465190328815662e-32f,-0.9879558651344951f,0.1547359316589112f,-0.9005501836206405f,0f,0f,0f,1f], start_interpolation: 0, interpolation_duration: 1 }
$data merge entity $(bone_head) { transformation: [1f,0f,0f,0f,-6.162975822039155e-33f,0.268409246061207f,0.963304975918247f,0.3862454906980819f,2.465190328815662e-32f,-0.963304975918247f,0.268409246061207f,-0.9005501836206405f,0f,0f,0f,1f], start_interpolation: 0, interpolation_duration: 1 }