# This file was generated by Animated Java via MC-Build. It is not recommended to edit this file directly.
$data merge entity $(bone_leftleg) { transformation: [1f,2.155951481119302e-32f,-1.7170694242421668e-32f,-0.11875f,6.162975822039155e-33f,0.12290866829228686f,0.9924179861623914f,0.22724882860314938f,-2.465190328815662e-32f,-0.9924179861623915f,0.12290866829228708f,-0.15907834554364292f,0f,0f,0f,1f], start_interpolation: 0, interpolation_duration: 1 }
$data merge entity $(bone_rightleg) { transformation: [1f,2.235569115118772e-32f,-1.6120437116080042e-32f,0.11875f,6.162975822039155e-33f,0.0753268055279327f,0.997158900260614f,0.2420399712030632f,-2.465190328815662e-32f,-0.9971589002606142f,0.07532680552793292f,-0.18727276388467304f,0f,0f,0f,1f], start_interpolation: 0, interpolation_duration: 1 }
$data merge entity $(bone_leftarm) { transformation: [0.9328156472177214f,0.35113660869044083f,-0.08098179019483272f,-0.3125f,-0.006805479947281645f,0.24185450553157756f,0.9702886599341267f,0.27980791082002415f,0.36028968032469494f,-0.9045493243552021f,0.22799532025915992f,-0.7156190384642234f,0f,0f,0f,1f], start_interpolation: 0, interpolation_duration: 1 }
$data merge entity $(bone_rightarm) { transformation: [0.9568803703065338f,-0.28989806891408393f,-0.01841376012431046f,0.3125f,0.05848519971276281f,0.1301769849681474f,0.9897643325555641f,0.27980791082002415f,-0.2845337209129858f,-0.9481629934903006f,0.14151854803849362f,-0.7156190384642234f,0f,0f,0f,1f], start_interpolation: 0, interpolation_duration: 1 }
$data merge entity $(bone_body) { transformation: [1f,2.1589450473905953e-32f,-1.7133039657210447e-32f,1.8488927466117464e-32f,6.162975822039155e-33f,0.12117638582965051f,0.992630990608929f,0.32603062424195933f,-2.465190328815662e-32f,-0.9926309906089291f,0.12117638582965073f,-0.9077803268755829f,0f,0f,0f,1f], start_interpolation: 0, interpolation_duration: 1 }
$data merge entity $(bone_head) { transformation: [1f,2.019175648957784e-32f,-1.876002104280203e-32f,1.8488927466117464e-32f,6.162975822039155e-33f,0.19799950752139428f,0.9802021194739814f,0.32603062424195933f,-2.465190328815662e-32f,-0.9802021194739815f,0.1979995075213945f,-0.9077803268755829f,0f,0f,0f,1f], start_interpolation: 0, interpolation_duration: 1 }