# This file was generated by Animated Java via MC-Build. It is not recommended to edit this file directly.
$data merge entity $(bone_leftleg) { transformation: [0.9999999999999998f,-5.39976060567282e-33f,1.1080237783259919e-32f,-0.11874999999999997f,0f,0.0739989008272865f,0.9972583229416304f,0.19620227777614435f,0f,-0.9972583229416303f,0.07399890082728627f,-0.1620100516502715f,0f,0f,0f,1f], start_interpolation: 0, interpolation_duration: 1 }
$data merge entity $(bone_rightleg) { transformation: [0.9999999999999998f,-5.695872442687792e-33f,1.0930970727652077e-32f,0.11874999999999997f,0f,0.04714519271238654f,0.9988880471825218f,0.2050262743764761f,0f,-0.9988880471825217f,0.047145192712386375f,-0.19331452433541232f,0f,0f,0f,1f], start_interpolation: 0, interpolation_duration: 1 }
$data merge entity $(bone_leftarm) { transformation: [0.9304344443494732f,0.3573944498897349f,-0.08099970343217529f,-0.31249999999999994f,0.010397061288502374f,0.19519974477120494f,0.9807083974137365f,0.23188877680599448f,0.3663108596324298f,-0.9133270316974473f,0.1779047140636808f,-0.7198868066661015f,0f,0f,0f,1f], start_interpolation: 0, interpolation_duration: 1 }
$data merge entity $(bone_rightarm) { transformation: [0.9560343794803826f,-0.29257800177560567f,-0.01990924731256696f,0.31249999999999994f,0.04942581464107826f,0.09384105214380156f,0.9943595656399198f,0.23188877680599448f,-0.2890594300461845f,-0.951625961084258f,0.10417617813990349f,-0.7198868066661015f,0f,0f,0f,1f], start_interpolation: 0, interpolation_duration: 1 }
$data merge entity $(bone_body) { transformation: [0.9999999999999998f,-5.2091722581202916e-33f,1.117110595766537e-32f,-3.851859888774472e-33f,0f,0.09107032676014754f,0.9958444635503075f,0.2722728892172335f,0f,-0.9958444635503074f,0.09107032676014737f,-0.9133593459701496f,0f,0f,0f,1f], start_interpolation: 0, interpolation_duration: 1 }
$data merge entity $(bone_head) { transformation: [0.9999999999999998f,-4.707513515578736e-33f,1.1391593410616458e-32f,-3.851859888774472e-33f,0f,0.1352416331924567f,0.9908126465944189f,0.2722728892172335f,0f,-0.9908126465944189f,0.13524163319245647f,-0.9133593459701496f,0f,0f,0f,1f], start_interpolation: 0, interpolation_duration: 1 }