# This file was generated by Animated Java via MC-Build. It is not recommended to edit this file directly.
$data merge entity $(bone_leftleg) { transformation: [1f,1.0995855802454815e-32f,5.5695815914463045e-33f,-0.11875f,6.162975822039155e-33f,0.03254787322517955f,0.9994701776183808f,0.16986343360959888f,0f,-0.9994701776183808f,0.032547873225179436f,-0.16442065025435662f,0f,0f,0f,1f], start_interpolation: 0, interpolation_duration: 1 }
$data merge entity $(bone_rightleg) { transformation: [1f,1.0936414959865351e-32f,5.68541218890857e-33f,0.11875f,6.162975822039155e-33f,0.021989376092505397f,0.999758204436984f,0.1738156271100815f,0f,-0.999758204436984f,0.021989376092505286f,-0.1979647668129721f,0f,0f,0f,1f], start_interpolation: 0, interpolation_duration: 1 }
$data merge entity $(bone_leftarm) { transformation: [0.9283408227542435f,0.36283679604758395f,-0.08082559150354773f,-0.3125f,0.025477866371284796f,0.15481456485470113f,0.9876149699321171f,0.19096308092074515f,0.3708560301965459f,-0.9189025573708963f,0.13447637310726784f,-0.7230393080911184f,0f,0f,0f,1f], start_interpolation: 0, interpolation_duration: 1 }
$data merge entity $(bone_rightarm) { transformation: [0.9550764151108971f,-0.29559159323693995f,-0.021322553940948147f,0.3125f,0.0415876769159656f,0.062440699290482016f,0.9971818410906051f,0.19096308092074515f,-0.29342717397618523f,-0.9532716134868188f,0.0719286069139844f,-0.7230393080911184f,0f,0f,0f,1f], start_interpolation: 0, interpolation_duration: 1 }
$data merge entity $(bone_body) { transformation: [1f,1.117110595766537e-32f,5.2091722581202916e-33f,1.0785207688568521e-32f,6.162975822039155e-33f,0.06502255429859638f,0.9978837945534971f,0.2262788903714844f,0f,-0.9978837945534971f,0.06502255429859627f,-0.9175008559684277f,0f,0f,0f,1f], start_interpolation: 0, interpolation_duration: 1 }
$data merge entity $(bone_head) { transformation: [1f,1.1262778757007048e-32f,5.007883645100747e-33f,1.0785207688568521e-32f,6.162975822039155e-33f,0.08291772069232534f,0.9965563965953906f,0.2262788903714844f,0f,-0.9965563965953905f,0.08291772069232523f,-0.9175008559684277f,0f,0f,0f,1f], start_interpolation: 0, interpolation_duration: 1 }