# This file was generated by Animated Java via MC-Build. It is not recommended to edit this file directly.
$data merge entity $(bone_leftleg) { transformation: [1f,-1.0933252637528373e-32f,-5.691491078455246e-33f,-0.11875f,6.162975822039155e-33f,0f,1f,0.14907786498156886f,0f,-1f,0f,-0.16631453122091658f,0f,0f,0f,1f], start_interpolation: 0, interpolation_duration: 1 }
$data merge entity $(bone_rightleg) { transformation: [1f,-1.0933252637528373e-32f,-5.691491078455246e-33f,0.11875f,6.162975822039155e-33f,0f,1f,0.14964796487675397f,0f,-1f,0f,-0.20124844183953342f,0f,0f,0f,1f], start_interpolation: 0, interpolation_duration: 1 }
$data merge entity $(bone_leftarm) { transformation: [0.9266078947838055f,0.36729926937669183f,-0.08055467732957802f,-0.3125f,0.03796907710352923f,0.12173875804156531f,0.9918356839589929f,0.15819946330453036f,0.37410714843241133f,-0.922101361839275f,0.09885808002345636f,-0.7252571011187859f,0f,0f,0f,1f], start_interpolation: 0, interpolation_duration: 1 }
$data merge entity $(bone_rightarm) { transformation: [0.9539109052338901f,-0.29923277863216774f,-0.02266559215931823f,0.3125f,0.03524775512759222f,0.03671724475526933f,0.9987038798843465f,0.15819946330453036f,-0.2980127189136828f,-0.9534734333633286f,0.045572263889568976f,-0.7252571011187859f,0f,0f,0f,1f], start_interpolation: 0, interpolation_duration: 1 }
$data merge entity $(bone_body) { transformation: [1f,-1.117110595766537e-32f,-5.2091722581202916e-33f,-1.0785207688568521e-32f,6.162975822039155e-33f,0.04361938736533599f,0.9990482215818577f,0.18933915121246037f,0f,-0.9990482215818577f,0.04361938736533599f,-0.9204309206668921f,0f,0f,0f,1f], start_interpolation: 0, interpolation_duration: 1 }
$data merge entity $(bone_head) { transformation: [1f,-1.117110595766537e-32f,-5.2091722581202916e-33f,-1.0785207688568521e-32f,6.162975822039155e-33f,0.04361938736533599f,0.9990482215818577f,0.18933915121246037f,0f,-0.9990482215818577f,0.04361938736533599f,-0.9204309206668921f,0f,0f,0f,1f], start_interpolation: 0, interpolation_duration: 1 }