# This file was generated by Animated Java via MC-Build. It is not recommended to edit this file directly.
$data merge entity $(bone_leftleg) { transformation: [1f,0f,0f,-0.11875f,0f,0.8384663115333223f,0.5449534332616922f,0.7516296296296296f,0f,-0.5449534332616922f,0.8384663115333223f,0f,0f,0f,0f,1f], start_interpolation: 0, interpolation_duration: 1 }
$data merge entity $(bone_rightleg) { transformation: [1f,0f,0f,0.11875f,0f,0.9894060078234995f,-0.14517490031946026f,0.7508148148148148f,0f,0.14517490031946026f,0.9894060078234995f,-0.19361111111111112f,0f,0f,0f,1f], start_interpolation: 0, interpolation_duration: 1 }
$data merge entity $(bone_leftarm) { transformation: [0.9663503730344125f,0.2552995766649586f,-0.03144968506908788f,-0.3125f,-0.2571722513793535f,0.9563107580441049f,-0.13904016387211268f,1.1233703703703704f,-0.005421222807309025f,0.1424495005389709f,0.9897872246798659f,-0.5065185185185185f,0f,0f,0f,1f], start_interpolation: 0, interpolation_duration: 1 }
$data merge entity $(bone_rightarm) { transformation: [0.8995037531144494f,0.4369129460347179f,0.0002751731881269759f,0.3125f,-0.4165818446349318f,0.8574564404271166f,0.3020397647506308f,1.0592407407407407f,0.1317291344144389f,-0.2718005341373018f,0.9532952873003727f,-0.5065185185185185f,0f,0f,0f,1f], start_interpolation: 0, interpolation_duration: 1 }
$data merge entity $(bone_body) { transformation: [1f,0f,0f,0f,0f,0.5623399779767486f,0.8269061308087575f,1.182611111111111f,0f,-0.8269061308087575f,0.5623399779767486f,-0.5690185185185185f,0f,0f,0f,1f], start_interpolation: 0, interpolation_duration: 1 }
$data merge entity $(bone_head) { transformation: [1f,0f,0f,0f,0f,0.355191561325636f,0.934793535901408f,1.182611111111111f,0f,-0.934793535901408f,0.355191561325636f,-0.5690185185185185f,0f,0f,0f,1f], start_interpolation: 0, interpolation_duration: 1 }