# This file was generated by Animated Java via MC-Build. It is not recommended to edit this file directly.
$data merge entity $(bone_leftleg) { transformation: [1f,0f,0f,-0.11875f,0f,0.8363747516134454f,0.5481580747043207f,0.7523148148148148f,0f,-0.5481580747043207f,0.8363747516134454f,0f,0f,0f,0f,1f], start_interpolation: 0, interpolation_duration: 1 }
$data merge entity $(bone_rightleg) { transformation: [1f,0f,0f,0.11875f,0f,0.9884841069681043f,-0.1513247179791505f,0.7511574074074073f,0f,0.1513247179791505f,0.9884841069681043f,-0.19618055555555555f,0f,0f,0f,1f], start_interpolation: 0, interpolation_duration: 1 }
$data merge entity $(bone_leftarm) { transformation: [0.9665195546304903f,0.25477865776957587f,-0.03045958079179506f,-0.3125f,-0.2564773905411899f,0.9556907375977901f,-0.14448031772865758f,1.1226851851851851f,-0.007700562191199132f,0.14745524614243202f,0.9890387513778286f,-0.5092592592592593f,0f,0f,0f,1f], start_interpolation: 0, interpolation_duration: 1 }
$data merge entity $(bone_rightarm) { transformation: [0.896576809279527f,0.4428880921905829f,0.0004035565987354217f,0.3125f,-0.4222313387107488f,0.8544838059755321f,0.30261877327108794f,1.0578703703703702f,0.13368141857667273f,-0.2714913684104063f,0.9531115964072484f,-0.5092592592592593f,0f,0f,0f,1f], start_interpolation: 0, interpolation_duration: 1 }
$data merge entity $(bone_body) { transformation: [1f,0f,0f,0f,0f,0.5575841379685929f,0.8301204304712789f,1.1805555555555554f,0f,-0.8301204304712789f,0.5575841379685929f,-0.5717592592592593f,0f,0f,0f,1f], start_interpolation: 0, interpolation_duration: 1 }
$data merge entity $(bone_head) { transformation: [1f,0f,0f,0f,0f,0.3435382821829409f,0.93913867382554f,1.1805555555555554f,0f,-0.93913867382554f,0.3435382821829409f,-0.5717592592592593f,0f,0f,0f,1f], start_interpolation: 0, interpolation_duration: 1 }