# This file was generated by Animated Java via MC-Build. It is not recommended to edit this file directly.
$data merge entity $(bone_leftleg) { transformation: [1f,0f,0f,-0.11875f,0f,0.834270943529247f,0.5513546887284263f,0.753f,0f,-0.5513546887284263f,0.834270943529247f,0f,0f,0f,0f,1f], start_interpolation: 0, interpolation_duration: 1 }
$data merge entity $(bone_rightleg) { transformation: [1f,0f,0f,0.11875f,0f,0.9875239812756824f,-0.1574686838880214f,0.7515000000000001f,0f,0.1574686838880214f,0.9875239812756824f,-0.19874999999999998f,0f,0f,0f,1f], start_interpolation: 0, interpolation_duration: 1 }
$data merge entity $(bone_leftarm) { transformation: [0.9666832139935375f,0.2542743026300056f,-0.029464263186932592f,-0.3125f,-0.2557810902827823f,0.9550401374077322f,-0.14991454163613085f,1.1219999999999999f,-0.009979861565958426f,0.15245627229551542f,0.9882598278797332f,-0.512f,0f,0f,0f,1f], start_interpolation: 0, interpolation_duration: 1 }
$data merge entity $(bone_rightarm) { transformation: [0.8936109409836829f,0.448842060104075f,0.0005396626600942533f,0.3125f,-0.4278587682026298f,0.8514702167436782f,0.3032084175457568f,1.0565f,0.13563318408997513f,-0.27118125871823007f,0.9529241125575589f,-0.512f,0f,0f,0f,1f], start_interpolation: 0, interpolation_duration: 1 }
$data merge entity $(bone_body) { transformation: [1f,0f,0f,0f,0f,0.5528099257100124f,0.8333073778843498f,1.1785f,0f,-0.8333073778843498f,0.5528099257100124f,-0.5745f,0f,0f,0f,1f], start_interpolation: 0, interpolation_duration: 1 }
$data merge entity $(bone_head) { transformation: [1f,0f,0f,0f,0f,0.33183186483476423f,0.943338546588807f,1.1785f,0f,-0.943338546588807f,0.33183186483476423f,-0.5745f,0f,0f,0f,1f], start_interpolation: 0, interpolation_duration: 1 }