# This file was generated by Animated Java via MC-Build. It is not recommended to edit this file directly.
$data merge entity $(bone_leftleg) { transformation: [1f,0f,0f,-0.11875f,0f,0.832326942121496f,0.5542850001747114f,0.7536296296296296f,0f,-0.5542850001747114f,0.832326942121496f,0f,0f,0f,0f,1f], start_interpolation: 0, interpolation_duration: 1 }
$data merge entity $(bone_rightleg) { transformation: [1f,0f,0f,0.11875f,0f,0.986608033918525f,-0.1631091272964901f,0.7518148148148148f,0f,0.1631091272964901f,0.986608033918525f,-0.2011111111111111f,0f,0f,0f,1f], start_interpolation: 0, interpolation_duration: 1 }
$data merge entity $(bone_leftarm) { transformation: [0.9668287324991061f,0.2538254802195334f,-0.028545185329497035f,-0.3125f,-0.25513998728889825f,0.9544153797319749f,-0.15490277536987834f,1.1213703703703704f,-0.012074307449826363f,0.15704747219358034f,0.9875172416607285f,-0.5145185185185185f,0f,0f,0f,1f], start_interpolation: 0, interpolation_duration: 1 }
$data merge entity $(bone_rightarm) { transformation: [0.8908513797025475f,0.45429436287862385f,0.0006716686480986028f,0.3125f,-0.43301021850838345f,0.8486649985414804f,0.3037595610312721f,1.0552407407407407f,0.13742623457473324f,-0.2708954634306273f,0.952748486193138f,-0.5145185185185185f,0f,0f,0f,1f], start_interpolation: 0, interpolation_duration: 1 }
$data merge entity $(bone_body) { transformation: [1f,0f,0f,0f,0f,0.5484067484992453f,0.8362117185261669f,1.176611111111111f,0f,-0.8362117185261669f,0.5484067484992453f,-0.5770185185185185f,0f,0f,0f,1f], start_interpolation: 0, interpolation_duration: 1 }
$data merge entity $(bone_head) { transformation: [1f,0f,0f,0f,0f,0.32102931951974567f,0.9470692561838807f,1.176611111111111f,0f,-0.9470692561838807f,0.32102931951974567f,-0.5770185185185185f,0f,0f,0f,1f], start_interpolation: 0, interpolation_duration: 1 }