# This file was generated by Animated Java via MC-Build. It is not recommended to edit this file directly.
$data merge entity $(bone_leftleg) { transformation: [1f,0f,0f,-0.11875f,0f,0.8307182704834747f,0.5566930528441546f,0.7541481481481481f,0f,-0.5566930528441546f,0.8307182704834747f,0f,0f,0f,0f,1f], start_interpolation: 0, interpolation_duration: 1 }
$data merge entity $(bone_rightleg) { transformation: [1f,0f,0f,0.11875f,0f,0.9858295329081819f,-0.1677502072905899f,0.7520740740740741f,0f,0.1677502072905899f,0.9858295329081819f,-0.20305555555555554f,0f,0f,0f,1f], start_interpolation: 0, interpolation_duration: 1 }
$data merge entity $(bone_leftarm) { transformation: [0.9669450666446576f,0.2534664119175821f,-0.027785178084461345f,-0.3125f,-0.25461112066999725f,0.9538815571916146f,-0.15900676740588332f,1.1208518518518518f,-0.013799105866930488f,0.16082522463633359f,0.9868864330802942f,-0.5165925925925926f,0f,0f,0f,1f], start_interpolation: 0, interpolation_duration: 1 }
$data merge entity $(bone_rightarm) { transformation: [0.8885543274940222f,0.4587707381247824f,0.0007854502456048074f,0.3125f,-0.43723825907478464f,0.8463290380905705f,0.3042200915224719f,1.0542037037037038f,0.1389025265893226f,-0.27065950773089803f,0.9526014481313633f,-0.5165925925925926f,0f,0f,0f,1f], start_interpolation: 0, interpolation_duration: 1 }
$data merge entity $(bone_body) { transformation: [1f,0f,0f,0f,0f,0.5447691401290637f,0.8385860623472349f,1.1750555555555555f,0f,-0.8385860623472349f,0.5447691401290637f,-0.5790925925925926f,0f,0f,0f,1f], start_interpolation: 0, interpolation_duration: 1 }
$data merge entity $(bone_head) { transformation: [1f,0f,0f,0f,0f,0.31210155897173086f,0.9500487444796795f,1.1750555555555555f,0f,-0.9500487444796795f,0.31210155897173086f,-0.5790925925925926f,0f,0f,0f,1f], start_interpolation: 0, interpolation_duration: 1 }