# This file was generated by Animated Java via MC-Build. It is not recommended to edit this file directly.
$data merge entity $(bone_leftleg) { transformation: [1f,0f,0f,-0.11875f,0f,0.8296227033165013f,0.5583244309018014f,0.7545f,0f,-0.5583244309018014f,0.8296227033165013f,0f,0f,0f,0f,1f], start_interpolation: 0, interpolation_duration: 1 }
$data merge entity $(bone_rightleg) { transformation: [1f,0f,0f,0.11875f,0f,0.9852888297080786f,-0.17089740212327664f,0.75225f,0f,0.17089740212327664f,0.9852888297080786f,-0.204375f,0f,0f,0f,1f], start_interpolation: 0, interpolation_duration: 1 }
$data merge entity $(bone_leftarm) { transformation: [0.9670222042367382f,0.2532281947132719f,-0.027267891656255178f,-0.3125f,-0.2542517868768566f,0.9535093990949906f,-0.16178953831269627f,1.1204999999999998f,-0.014969481722674628f,0.16338698613955516f,0.9864484818667356f,-0.518f,0f,0f,0f,1f], start_interpolation: 0, interpolation_duration: 1 }
$data merge entity $(bone_rightarm) { transformation: [0.8869830673175493f,0.46180113636024467f,0.0008653024550003413f,0.3125f,-0.44009984699983773f,0.8447306984758702f,0.30453599413400684f,1.0534999999999999f,0.13990412060647583f,-0.27049908966363484f,0.9525004354479181f,-0.518f,0f,0f,0f,1f], start_interpolation: 0, interpolation_duration: 1 }
$data merge entity $(bone_body) { transformation: [1f,0f,0f,0f,0f,0.542294904416603f,0.8401882150112482f,1.174f,0f,-0.8401882150112482f,0.542294904416603f,-0.5805f,0f,0f,0f,1f], start_interpolation: 0, interpolation_duration: 1 }
$data merge entity $(bone_head) { transformation: [1f,0f,0f,0f,0f,0.30602764218850065f,0.9520226269456766f,1.174f,0f,-0.9520226269456766f,0.30602764218850065f,-0.5805f,0f,0f,0f,1f], start_interpolation: 0, interpolation_duration: 1 }