# This file was generated by Animated Java via MC-Build. It is not recommended to edit this file directly.
$data merge entity $(bone_layer) { transformation: [-0.962346425230144f,0.08419442092680426f,-0.25884487117106053f,-0.06250000000000004f,-0.07650139539222005f,0.8290563089148792f,0.5540877034833742f,-0.71875f,0.26122194461761067f,0.5529710174441662f,-0.7913192525883327f,0.34375f,0f,0f,0f,1f], start_interpolation: 0, interpolation_duration: 1 }
$data merge entity $(bone_head) { transformation: [-0.962250200210123f,0.08418600232657161f,-0.2588189892721333f,-0.06250000000000004f,-0.07649374601761828f,0.8289734115737218f,0.5540323002533489f,-0.71875f,0.2611958250351072f,0.5529157258715791f,-0.7912401285754751f,0.34375f,0f,0f,0f,1f], start_interpolation: 0, interpolation_duration: 1 }
$data merge entity $(bone_6) { transformation: [-0.994475551885306f,-0.029039477020649785f,-0.09050065289555695f,0.1480590692087713f,-0.09378208597304885f,0.45035658635341347f,0.8877919867635533f,-1.6462702410259873f,0.014976550102060976f,0.8918162108318437f,-0.4501505526642179f,0.18974601294209775f,0f,0f,0f,1f], start_interpolation: 0, interpolation_duration: 1 }
$data merge entity $(bone_5) { transformation: [-0.994475551885306f,-0.08452763648767066f,-0.04345961424084588f,0.12160681418146764f,-0.09378208597304885f,0.9462139302861098f,0.3093135379610624f,-1.3556969324110153f,0.014976550102060976f,0.3123047819075478f,-0.948913798595029f,0.25280793886480635f,0f,0f,0f,1f], start_interpolation: 0, interpolation_duration: 1 }
$data merge entity $(bone_10) { transformation: [-0.9768325099199199f,-0.013379895320183285f,-0.2088554136931726f,-0.031620366854502396f,-0.03056370678860388f,0.9963792367399344f,0.07924535832536436f,-1.0093626706269059f,0.20703890308560277f,0.08396067528769982f,-0.9737045698541926f,0.25425265820933257f,0f,0f,0f,1f], start_interpolation: 0, interpolation_duration: 1 }
$data merge entity $(bone_9) { transformation: [-0.9762960244199455f,-2.2585995622633752e-8f,-0.21643953590277507f,-0.04687500000000004f,-0.07402670274214648f,0.9396926192210961f,0.33391290580407623f,-0.6875f,0.20338662685372175f,0.3420201476249542f,-0.9174181699942886f,0.375f,0f,0f,0f,1f], start_interpolation: 0, interpolation_duration: 1 }
$data merge entity $(item_display_item_display) { transformation: [0.38150902778746665f,1.4242009437934464f,-0.10997018053786818f,0.11315750065162611f,-0.6102780065035697f,0.31547561601993723f,0.876760996636311f,-0.9799394131915226f,1.298936725362206f,-0.27008065946990034f,0.44422685000995965f,0.7123972225598241f,0f,0f,0f,1f], start_interpolation: 0, interpolation_duration: 1 }
$data merge entity $(bone_2) { transformation: [0.10997018053786828f,-0.8512198438406877f,0.4915296829974817f,-0.4046142368307456f,-0.876760996636311f,0.13897117961398722f,0.43640444279625523f,-0.9922796564088268f,-0.4442268500099596f,-0.4850074007049086f,-0.7396418884095768f,0.6085763762841654f,0f,0f,0f,1f], start_interpolation: 0, interpolation_duration: 1 }
$data merge entity $(bone_1) { transformation: [0.10997018053786828f,-0.2543393518583109f,0.9494672958622977f,-0.45045037891798484f,-0.876760996636311f,0.40685200433571295f,0.21031707734662475f,-0.86492305895458f,-0.4442268500099596f,-0.8659578169081374f,-0.18005377297993336f,0.3458684689839391f,0f,0f,0f,1f], start_interpolation: 0, interpolation_duration: 1 }
$data merge entity $(bone_4) { transformation: [-0.895898479336397f,-0.410073645540447f,0.09100205816382077f,0.4325113555061652f,-0.4205200081965885f,0.8851805125752192f,-0.19643605329644487f,-1.0833844101439563f,-1.0971592050802998e-16f,-0.2138667432824633f,-0.9656570706217655f,0.23280810316917885f,0f,0f,0f,1f], start_interpolation: 0, interpolation_duration: 1 }
$data merge entity $(bone_3) { transformation: [-0.895898479336397f,-0.4101120698478341f,-0.09082873731374254f,0.29210301110418313f,-0.4205200081965885f,0.8852634548673615f,0.1960619247939662f,-0.780300484563263f,-1.0971592050802998e-16f,0.21427521779872177f,-0.9655665140016854f,0.3125f,0f,0f,0f,1f], start_interpolation: 0, interpolation_duration: 1 }
$data merge entity $(bone_8) { transformation: [-0.9987245835114968f,0.009833780518452916f,-0.021658609073351678f,-0.11971357450595242f,0.007259157261933407f,0.9922051491596986f,0.12337576675093337f,-1.6080802443617688f,0.02264278199554653f,0.1224503217040725f,-0.9913290561851936f,0.3985053435437867f,0f,0f,0f,1f], start_interpolation: 0, interpolation_duration: 1 }
$data merge entity $(bone_7) { transformation: [-0.9987245835114968f,-0.008361416457537237f,-0.022268482236133678f,-0.12276111295451395f,0.007259157261933407f,0.7888348306027075f,-0.6143551479953581f,-1.4054190466296121f,0.02264278199554653f,-0.6143900451803865f,-0.7875609508512343f,0.2010968636227019f,0f,0f,0f,1f], start_interpolation: 0, interpolation_duration: 1 }