# This file was generated by Animated Java via MC-Build. It is not recommended to edit this file directly.
$data merge entity $(bone_layer) { transformation: [-0.9096212938007424f,-0.28571793231247555f,0.30191782825687363f,-0.18708668424596867f,-0.07650139539222005f,0.8290563089148792f,0.5540877034833742f,-0.71875f,-0.408578815367741f,0.48086475209098034f,-0.7759075021090936f,0.25444645641287067f,0f,0f,0f,1f], start_interpolation: 0, interpolation_duration: 1 }
$data merge entity $(bone_head) { transformation: [-0.9095303407666657f,-0.28568936337613793f,0.30188763949292435f,-0.18708668424596867f,-0.07649374601761828f,0.8289734115737218f,0.5540323002533489f,-0.71875f,-0.40853796157158384f,0.48081667042393794f,-0.7758299191171819f,0.25444645641287067f,0f,0f,0f,1f], start_interpolation: 0, interpolation_duration: 1 }
$data merge entity $(bone_6) { transformation: [-0.7782410200257056f,-0.5882100341571413f,0.21561453674831543f,0.07337677242669775f,-0.09378208597304885f,0.45035658635341347f,0.8877919867635533f,-1.6462702410259873f,-0.6193115815967699f,0.6709608042538364f,-0.4053840892058199f,0.2689770239833656f,0f,0f,0f,1f], start_interpolation: 0, interpolation_duration: 1 }
$data merge entity $(bone_5) { transformation: [-0.7782410200257056f,-0.2634648028573554f,0.5683898049716153f,0.012922840483783352f,-0.09378208597304885f,0.9462139302861098f,0.3093135379610624f,-1.3556969324110153f,-0.6193115815967699f,0.1877910961356998f,-0.7610907730608351f,0.30094341899050037f,0f,0f,0f,1f], start_interpolation: 0, interpolation_duration: 1 }
$data merge entity $(bone_10) { transformation: [-0.8864458310307713f,-0.0636068874837622f,0.4562642218487306f,-0.10643989244599472f,-0.03056370678860388f,0.9963792367399344f,0.07924535832536436f,-1.0093626706269059f,-0.45965274770799014f,0.05641436393484944f,-0.8851802827925264f,0.2048539075454479f,0f,0f,0f,1f], start_interpolation: 0, interpolation_duration: 1 }
$data merge entity $(bone_9) { transformation: [-0.8837141426177977f,-0.2169753021611405f,0.4146939020402547f,-0.19483318604228986f,-0.07402670274214648f,0.9396926192210961f,0.33391290580407623f,-0.6875f,-0.46213565261556744f,0.2643851350463519f,-0.8464816235147138f,0.2885154281455131f,0f,0f,0f,1f], start_interpolation: 0, interpolation_duration: 1 }
$data merge entity $(item_display_item_display) { transformation: [-0.5291262685913358f,1.2722595737916025f,-0.36682262940544924f,-0.2851689222482233f,-0.6102780065035697f,0.31547561601993723f,0.876760996636311f,-0.9799394131915226f,1.2461184320379177f,0.6947283410207548f,0.2736276547306119f,0.6508505517811167f,0f,0f,0f,1f], start_interpolation: 0, interpolation_duration: 1 }
$data merge entity $(bone_2) { transformation: [0.3668226294054493f,-0.35031639962178707f,0.849181429788278f,-0.619548640144419f,-0.876760996636311f,0.13897117961398722f,0.43640444279625523f,-0.9922796564088268f,-0.2736276547306118f,-0.9149239429825438f,-0.25992778162486907f,0.24212503934450777f,0f,0f,0f,1f], start_interpolation: 0, interpolation_duration: 1 }
$data merge entity $(bone_1) { transformation: [0.3668226294054493f,0.35275084572755744f,0.8481730491944015f,-0.4883203250317254f,-0.876760996636311f,0.40685200433571295f,0.21031707734662475f,-0.86492305895458f,-0.2736276547306118f,-0.8307456213586117f,0.46315222734716993f,0.00997094010826896f,0f,0f,0f,1f], start_interpolation: 0, interpolation_duration: 1 }
$data merge entity $(bone_4) { transformation: [-0.6925388896788143f,-0.18131558900698572f,0.6829519026457449f,0.26594306237540377f,-0.4205200081965885f,0.8851805125752192f,-0.19643605329644487f,-1.0833844101439563f,-0.5683519785834334f,-0.42546919492735197f,-0.6887319154100654f,0.48271908996461005f,0f,0f,0f,1f], start_interpolation: 0, interpolation_duration: 1 }
$data merge entity $(bone_3) { transformation: [-0.6925388896788143f,-0.4529556761768161f,0.5423373484867113f,0.10684994026158129f,-0.4205200081965885f,0.8852634548673615f,0.1960619247939662f,-0.780300484563263f,-0.5683519785834334f,-0.0945353596109291f,-0.8040141497012219f,0.4552476485339858f,0f,0f,0f,1f], start_interpolation: 0, interpolation_duration: 1 }
$data merge entity $(bone_8) { transformation: [-0.7863889719174884f,-0.07008004659590272f,0.612150164421175f,-0.26604979762956915f,0.007259157261933407f,0.9922051491596986f,0.12337576675093337f,-1.6080802443617688f,-0.6160810613330572f,0.10089386301372388f,-0.7800477992938302f,0.260477001920113f,0f,0f,0f,1f], start_interpolation: 0, interpolation_duration: 1 }
$data merge entity $(bone_7) { transformation: [-0.7863889719174884f,0.38330145619284084f,0.48240960854050485f,-0.14317096280844188f,0.007259157261933407f,0.7888348306027075f,-0.6143551479953581f,-1.4054190466296121f,-0.6160810613330572f,-0.48023435381319957f,-0.622919823247421f,0.10594484543366872f,0f,0f,0f,1f], start_interpolation: 0, interpolation_duration: 1 }