# This file was generated by Animated Java via MC-Build. It is not recommended to edit this file directly.
$data merge entity $(bone_layer) { transformation: [-0.2612219446176109f,-0.5529710174441662f,0.7913192525883327f,-0.21875000000000003f,-0.07650139539222005f,0.8290563089148792f,0.5540877034833742f,-0.71875f,-0.962346425230144f,0.08419442092680439f,-0.2588448711710607f,0.06250000000000003f,0f,0f,0f,1f], start_interpolation: 0, interpolation_duration: 1 }
$data merge entity $(bone_head) { transformation: [-0.2611958250351074f,-0.5529157258715791f,0.7912401285754751f,-0.21875000000000003f,-0.07649374601761828f,0.8289734115737218f,0.5540323002533489f,-0.71875f,-0.962250200210123f,0.08418600232657174f,-0.2588189892721335f,0.06250000000000003f,0f,0f,0f,1f], start_interpolation: 0, interpolation_duration: 1 }
$data merge entity $(bone_6) { transformation: [-0.014976550102061198f,-0.8918162108318437f,0.45015055266421783f,-0.06474601294209768f,-0.09378208597304885f,0.45035658635341347f,0.8877919867635533f,-1.6462702410259873f,-0.994475551885306f,-0.02903947702064962f,-0.090500652895557f,0.2730590692087714f,0f,0f,0f,1f], start_interpolation: 0, interpolation_duration: 1 }
$data merge entity $(bone_5) { transformation: [-0.014976550102061198f,-0.31230478190754785f,0.948913798595029f,-0.1278079388648063f,-0.09378208597304885f,0.9462139302861098f,0.3093135379610624f,-1.3556969324110153f,-0.994475551885306f,-0.08452763648767059f,-0.043459614240846045f,0.2466068141814677f,0f,0f,0f,1f], start_interpolation: 0, interpolation_duration: 1 }
$data merge entity $(bone_10) { transformation: [-0.207038903085603f,-0.08396067528769982f,0.9737045698541926f,-0.12925265820933257f,-0.03056370678860388f,0.9963792367399344f,0.07924535832536436f,-1.0093626706269059f,-0.9768325099199199f,-0.013379895320183272f,-0.2088554136931728f,0.09337963314549765f,0f,0f,0f,1f], start_interpolation: 0, interpolation_duration: 1 }
$data merge entity $(bone_9) { transformation: [-0.20338662685372197f,-0.3420201476249542f,0.9174181699942886f,-0.25f,-0.07402670274214648f,0.9396926192210961f,0.33391290580407623f,-0.6875f,-0.9762960244199455f,-2.2585995546690023e-8f,-0.21643953590277526f,0.07812500000000003f,0f,0f,0f,1f], start_interpolation: 0, interpolation_duration: 1 }
$data merge entity $(item_display_item_display) { transformation: [-1.298936725362206f,0.27008065946990056f,-0.44422685000995976f,-0.5873972225598241f,-0.6102780065035697f,0.31547561601993723f,0.876760996636311f,-0.9799394131915226f,0.38150902778746687f,1.4242009437934469f,-0.10997018053786813f,0.23815750065162627f,0f,0f,0f,1f], start_interpolation: 0, interpolation_duration: 1 }
$data merge entity $(bone_2) { transformation: [0.4442268500099597f,0.4850074007049085f,0.7396418884095769f,-0.4835763762841655f,-0.876760996636311f,0.13897117961398722f,0.43640444279625523f,-0.9922796564088268f,0.10997018053786822f,-0.8512198438406879f,0.4915296829974817f,-0.27961423683074554f,0f,0f,0f,1f], start_interpolation: 0, interpolation_duration: 1 }
$data merge entity $(bone_1) { transformation: [0.4442268500099597f,0.8659578169081374f,0.18005377297993352f,-0.22086846898393922f,-0.876760996636311f,0.40685200433571295f,0.21031707734662475f,-0.86492305895458f,0.10997018053786822f,-0.2543393518583111f,0.9494672958622978f,-0.32545037891798484f,0f,0f,0f,1f], start_interpolation: 0, interpolation_duration: 1 }
$data merge entity $(bone_4) { transformation: [-8.921350338915662e-17f,0.21386674328246322f,0.9656570706217655f,-0.10780810316917883f,-0.4205200081965885f,0.8851805125752192f,-0.19643605329644487f,-1.0833844101439563f,-0.895898479336397f,-0.4100736455404471f,0.09100205816382057f,0.5575113555061653f,0f,0f,0f,1f], start_interpolation: 0, interpolation_duration: 1 }
$data merge entity $(bone_3) { transformation: [-8.921350338915662e-17f,-0.21427521779872186f,0.9655665140016854f,-0.1875f,-0.4205200081965885f,0.8852634548673615f,0.1960619247939662f,-0.780300484563263f,-0.895898479336397f,-0.4101120698478341f,-0.09082873731374276f,0.41710301110418313f,0f,0f,0f,1f], start_interpolation: 0, interpolation_duration: 1 }
$data merge entity $(bone_8) { transformation: [-0.022642781995546753f,-0.1224503217040725f,0.9913290561851936f,-0.27350534354378675f,0.007259157261933407f,0.9922051491596986f,0.12337576675093337f,-1.6080802443617688f,-0.9987245835114968f,0.009833780518452951f,-0.021658609073351896f,0.005286425494047685f,0f,0f,0f,1f], start_interpolation: 0, interpolation_duration: 1 }
$data merge entity $(bone_7) { transformation: [-0.022642781995546753f,0.6143900451803865f,0.7875609508512343f,-0.07609686362270196f,0.007259157261933407f,0.7888348306027075f,-0.6143551479953581f,-1.4054190466296121f,-0.9987245835114968f,-0.008361416457537369f,-0.022268482236133858f,0.0022388870454861168f,0f,0f,0f,1f], start_interpolation: 0, interpolation_duration: 1 }