# This file was generated by Animated Java via MC-Build. It is not recommended to edit this file directly.
$data merge entity $(bone_layer) { transformation: [0.962346425230144f,-0.08419442092680433f,0.25884487117106064f,0.062499999999999986f,-0.07650139539222005f,0.8290563089148792f,0.5540877034833742f,-0.71875f,-0.2612219446176108f,-0.5529710174441662f,0.7913192525883327f,-0.09375f,0f,0f,0f,1f], start_interpolation: 0, interpolation_duration: 1 }
$data merge entity $(bone_head) { transformation: [0.962250200210123f,-0.08418600232657168f,0.2588189892721334f,0.062499999999999986f,-0.07649374601761828f,0.8289734115737218f,0.5540323002533489f,-0.71875f,-0.2611958250351073f,-0.5529157258715791f,0.7912401285754751f,-0.09375f,0f,0f,0f,1f], start_interpolation: 0, interpolation_duration: 1 }
$data merge entity $(bone_6) { transformation: [0.994475551885306f,0.0290394770206497f,0.09050065289555696f,-0.14805906920877135f,-0.09378208597304885f,0.45035658635341347f,0.8877919867635533f,-1.6462702410259873f,-0.014976550102061087f,-0.8918162108318437f,0.45015055266421783f,0.06025398705790232f,0f,0f,0f,1f], start_interpolation: 0, interpolation_duration: 1 }
$data merge entity $(bone_5) { transformation: [0.994475551885306f,0.08452763648767062f,0.04345961424084596f,-0.12160681418146771f,-0.09378208597304885f,0.9462139302861098f,0.3093135379610624f,-1.3556969324110153f,-0.014976550102061087f,-0.31230478190754785f,0.948913798595029f,-0.002807938864806292f,0f,0f,0f,1f], start_interpolation: 0, interpolation_duration: 1 }
$data merge entity $(bone_10) { transformation: [0.9768325099199199f,0.013379895320183272f,0.2088554136931727f,0.031620366854502355f,-0.03056370678860388f,0.9963792367399344f,0.07924535832536436f,-1.0093626706269059f,-0.20703890308560288f,-0.08396067528769982f,0.9737045698541926f,-0.004252658209332585f,0f,0f,0f,1f], start_interpolation: 0, interpolation_duration: 1 }
$data merge entity $(bone_9) { transformation: [0.9762960244199455f,2.2585995580748364e-8f,0.21643953590277518f,0.046874999999999986f,-0.07402670274214648f,0.9396926192210961f,0.33391290580407623f,-0.6875f,-0.20338662685372186f,-0.3420201476249542f,0.9174181699942886f,-0.125f,0f,0f,0f,1f], start_interpolation: 0, interpolation_duration: 1 }
$data merge entity $(item_display_item_display) { transformation: [-0.38150902778746687f,-1.4242009437934469f,0.10997018053786813f,-0.11315750065162627f,-0.6102780065035697f,0.31547561601993723f,0.876760996636311f,-0.9799394131915226f,-1.2989367253622062f,0.27008065946990045f,-0.4442268500099597f,-0.46239722255982396f,0f,0f,0f,1f], start_interpolation: 0, interpolation_duration: 1 }
$data merge entity $(bone_2) { transformation: [-0.10997018053786822f,0.8512198438406879f,-0.4915296829974817f,0.40461423683074554f,-0.876760996636311f,0.13897117961398722f,0.43640444279625523f,-0.9922796564088268f,0.44422685000995965f,0.48500740070490855f,0.7396418884095769f,-0.3585763762841654f,0f,0f,0f,1f], start_interpolation: 0, interpolation_duration: 1 }
$data merge entity $(bone_1) { transformation: [-0.10997018053786822f,0.254339351858311f,-0.9494672958622978f,0.45045037891798484f,-0.876760996636311f,0.40685200433571295f,0.21031707734662475f,-0.86492305895458f,0.44422685000995965f,0.8659578169081374f,0.18005377297993347f,-0.09586846898393916f,0f,0f,0f,1f], start_interpolation: 0, interpolation_duration: 1 }
$data merge entity $(bone_4) { transformation: [0.895898479336397f,0.41007364554044706f,-0.09100205816382066f,-0.4325113555061652f,-0.4205200081965885f,0.8851805125752192f,-0.19643605329644487f,-1.0833844101439563f,0f,0.21386674328246325f,0.9656570706217655f,0.01719189683082116f,0f,0f,0f,1f], start_interpolation: 0, interpolation_duration: 1 }
$data merge entity $(bone_3) { transformation: [0.895898479336397f,0.4101120698478341f,0.09082873731374266f,-0.29210301110418313f,-0.4205200081965885f,0.8852634548673615f,0.1960619247939662f,-0.780300484563263f,0f,-0.21427521779872183f,0.9655665140016854f,-0.0625f,0f,0f,0f,1f], start_interpolation: 0, interpolation_duration: 1 }
$data merge entity $(bone_8) { transformation: [0.9987245835114968f,-0.009833780518452937f,0.0216586090733518f,0.11971357450595231f,0.007259157261933407f,0.9922051491596986f,0.12337576675093337f,-1.6080802443617688f,-0.022642781995546656f,-0.1224503217040725f,0.9913290561851936f,-0.14850534354378672f,0f,0f,0f,1f], start_interpolation: 0, interpolation_duration: 1 }
$data merge entity $(bone_7) { transformation: [0.9987245835114968f,0.008361416457537312f,0.02226848223613378f,0.12276111295451386f,0.007259157261933407f,0.7888348306027075f,-0.6143551479953581f,-1.4054190466296121f,-0.022642781995546656f,0.6143900451803865f,0.7875609508512343f,0.04890313637729807f,0f,0f,0f,1f], start_interpolation: 0, interpolation_duration: 1 }