# This file was generated by Animated Java via MC-Build. It is not recommended to edit this file directly.
$data merge entity $(bone_layer) { transformation: [0.8884776028661058f,0.3089686876011718f,-0.3396261316319874f,0.19321296670747015f,-0.07650139539222005f,0.8290563089148792f,0.5540877034833742f,-0.71875f,0.4527196656964901f,-0.4662660149854864f,0.760158481871519f,0.004889376006541282f,0f,0f,0f,1f], start_interpolation: 0, interpolation_duration: 1 }
$data merge entity $(bone_head) { transformation: [0.8883887639897068f,0.3089377938217896f,-0.33959217241474593f,0.19321296670747015f,-0.07649374601761828f,0.8289734115737218f,0.5540323002533489f,-0.71875f,0.45267439825666445f,-0.4662193930461818f,0.7600824736241566f,0.004889376006541282f,0f,0f,0f,1f], start_interpolation: 0, interpolation_duration: 1 }
$data merge entity $(bone_6) { transformation: [0.7469154156411658f,0.6204239956400309f,-0.23524607406266834f,-0.0662237691673403f,-0.09378208597304885f,0.45035658635341347f,0.8877919867635533f,-1.6462702410259873f,0.6567520705929506f,-0.6412905041883588f,0.3943160824472221f,-0.02240402492515885f,0f,0f,0f,1f], start_interpolation: 0, interpolation_duration: 1 }
$data merge entity $(bone_5) { transformation: [0.7469154156411658f,0.27236192031069323f,-0.6050501087451444f,-0.0042741399733890045f,-0.09378208597304885f,0.9462139302861098f,0.3093135379610624f,-1.3556969324110153f,0.6567520705929506f,-0.17463728839278395f,0.7322844400514731f,-0.05136558116515805f,0f,0f,0f,1f], start_interpolation: 0, interpolation_duration: 1 }
$data merge entity $(bone_10) { transformation: [0.8628239768773146f,0.06629839183907893f,-0.49914836944861507f,0.11022992646323843f,-0.03056370678860388f,0.9963792367399344f,0.07924535832536436f,-1.0093626706269059f,0.5025949111888772f,-0.05322536832279867f,0.8617262201306592f,0.05046503796136398f,0f,0f,0f,1f], start_interpolation: 0, interpolation_duration: 1 }
$data merge entity $(bone_9) { transformation: [0.8599737485332773f,0.22968670961075596f,-0.4557292697005621f,0.20262182271276824f,-0.07402670274214648f,0.9396926192210961f,0.33391290580407623f,-0.6875f,0.5049407877313432f,-0.2534201981089515f,0.8251139339967969f,-0.02875845533028587f,0f,0f,0f,1f], start_interpolation: 0, interpolation_duration: 1 }
$data merge entity $(item_display_item_display) { transformation: [0.5896330462244515f,-1.2366383774333491f,0.379807048132693f,0.3106276874121399f,-0.6102780065035697f,0.31547561601993723f,0.876760996636311f,-0.9799394131915226f,-1.2186544323876654f,-0.7563183287352316f,-0.2552989249214197f,-0.3862245659567859f,0f,0f,0f,1f], start_interpolation: 0, interpolation_duration: 1 }
$data merge entity $(bone_2) { transformation: [-0.37980704813269306f,0.30500123810777297f,-0.8609126053037607f,0.6245494199604815f,-0.876760996636311f,0.13897117961398722f,0.43640444279625523f,-0.9922796564088268f,0.2552989249214196f,0.93101108803248f,0.21794732938666822f,0.03841585379945381f,0f,0f,0f,1f], start_interpolation: 0, interpolation_duration: 1 }
$data merge entity $(bone_1) { transformation: [-0.37980704813269306f,-0.3930886974829678f,-0.824425584955566f,0.48208791336536394f,-0.876760996636311f,0.40685200433571295f,0.21031707734662475f,-0.86492305895458f,0.2552989249214196f,0.8124362882584435f,-0.5042122191568212f,0.26385124502752855f,0f,0f,0f,1f], start_interpolation: 0, interpolation_duration: 1 }
$data merge entity $(bone_4) { transformation: [0.6638169864681001f,0.16022040254629835f,-0.7159237304934866f,-0.24807027850275878f,-0.4205200081965885f,0.8851805125752192f,-0.19643605329644487f,-1.0833844101439563f,0.6016486464321837f,0.43385343292059053f,0.6543914461147476f,-0.24533740922877412f,0f,0f,0f,1f], start_interpolation: 0, interpolation_duration: 1 }
$data merge entity $(bone_3) { transformation: [0.6638169864681001f,0.44777144098993116f,-0.581135183851063f,-0.0905167507634008f,-0.4205200081965885f,0.8852634548673615f,0.1960619247939662f,-0.780300484563263f,0.6016486464321837f,0.11664696923351683f,0.7764344470551052f,-0.2100927288488471f,0f,0f,0f,1f], start_interpolation: 0, interpolation_duration: 1 }
$data merge entity $(bone_8) { transformation: [0.7552120670842648f,0.07494625932262677f,-0.6496879341146866f,0.2723768704057903f,0.007259157261933407f,0.9922051491596986f,0.12337576675093337f,-1.6080802443617688f,0.6539252426822371f,-0.09733366703387653f,0.7490714126502291f,0.0027406308868544726f,0f,0f,0f,1f], start_interpolation: 0, interpolation_duration: 1 }
$data merge entity $(bone_7) { transformation: [0.7552120670842648f,-0.406403735675979f,-0.5123937520591687f,0.14206351499507214f,0.007259157261933407f,0.7888348306027075f,-0.6143551479953581f,-1.4054190466296121f,0.6539252426822371f,0.4608481794805561f,0.5984987714753712f,0.15105726797436622f,0f,0f,0f,1f], start_interpolation: 0, interpolation_duration: 1 }