# This file was generated by Animated Java via MC-Build. It is not recommended to edit this file directly.
$data merge entity $(bone_layer) { transformation: [0.27404866240132286f,0.47888074231162275f,-0.8341286323338356f,0.22336482412929795f,-0.06156693569058359f,0.8742820745713404f,0.4817056949143375f,-0.71875f,0.9598473071617786f,-0.08064799269853236f,0.26905214774831315f,0.16819684990468386f,0f,0f,0f,1f], start_interpolation: 0, interpolation_duration: 1 }
$data merge entity $(bone_head) { transformation: [0.2782543379008521f,0.47638543366161473f,-0.8340452278110545f,0.22336482412929795f,-0.05381047585836112f,0.8747059261774847f,0.48165752916142135f,-0.71875f,0.9589989343723252f,-0.08914292627586361f,0.2690252452237908f,0.16819684990468386f,0f,0f,0f,1f], start_interpolation: 0, interpolation_duration: 1 }
$data merge entity $(bone_6) { transformation: [0.08843400345071516f,0.8480345385868155f,-0.5208063805693259f,0.016813907295932642f,-0.09825835256025059f,0.52868439866794f,0.8429760200853837f,-1.6462252426942732f,0.9902149883665791f,-0.023275179173273985f,0.13016004580016993f,-0.029297582578229973f,0f,0f,0f,1f], start_interpolation: 0, interpolation_duration: 1 }
$data merge entity $(bone_5) { transformation: [0.08843400345071516f,0.33282759681647683f,-0.9378846706686509f,0.0954355863966348f,-0.09825835256025059f,0.9408381524359698f,0.3239434128898837f,-1.3498887901986896f,0.9902149883665791f,0.0636345952940672f,0.11590517576886128f,-0.00691385576610151f,0f,0f,0f,1f], start_interpolation: 0, interpolation_duration: 1 }
$data merge entity $(bone_10) { transformation: [0.20052850405863232f,0.1205084047524653f,-0.9712343041063671f,0.12189811636351622f,-0.017915471977881528f,0.9926908887479952f,0.11922550157802284f,-1.0054379590633835f,0.9785031195268704f,-0.00652102604897805f,0.20122178386171163f,0.14649228802461176f,0f,0f,0f,1f], start_interpolation: 0, interpolation_duration: 1 }
$data merge entity $(bone_9) { transformation: [0.19641890590452735f,0.3746628015819634f,-0.9061166583360128f,0.25313409996423286f,-0.05243204077464235f,0.9268095982976747f,0.37185326353752624f,-0.6875f,0.9791172016175973f,-0.025529465604612278f,0.20168726256873099f,0.14990769078613603f,0f,0f,0f,1f], start_interpolation: 0, interpolation_duration: 1 }
$data merge entity $(item_display_item_display) { transformation: [1.2101696987167265f,0.5856823972166473f,0.41985056160859147f,0.8604719341700549f,-0.6204400635311161f,-0.15990929819718225f,0.8922169521032699f,-1.1171137338410149f,0.5963577818217846f,-1.3536423918818508f,0.07625743502440645f,0.28245914969308217f,0f,0f,0f,1f], start_interpolation: 0, interpolation_duration: 1 }
$data merge entity $(bone_2) { transformation: [-0.41985056160859135f,-0.846572796695042f,-0.2943861371037294f,0.4923829365294831f,-0.8922169521032699f,0.36786021691511583f,0.21709628474176998f,-0.9738891787725388f,-0.07625743502440649f,0.3569873887077887f,-0.9192388974271908f,0.6333101373145748f,0f,0f,0f,1f], start_interpolation: 0, interpolation_duration: 1 }
$data merge entity $(bone_1) { transformation: [-0.41985056160859135f,-0.8611484722920204f,0.24853974831410786f,0.2323015190905659f,-0.8922169521032699f,0.4256916556325269f,-0.035193044232545045f,-0.843139962135118f,-0.07625743502440649f,-0.23939491012541886f,-0.9566243898446275f,0.5354660598150642f,0f,0f,0f,1f], start_interpolation: 0, interpolation_duration: 1 }
$data merge entity $(bone_4) { transformation: [-0.004036650041629449f,-0.19910871080704637f,-0.9688084782229006f,0.10186519189320016f,-0.420795441056119f,0.8882169351056491f,-0.1815242330806399f,-1.0820603573403915f,0.8957600486814286f,0.4109383359633051f,-0.0884373280603715f,-0.32489546933131086f,0f,0f,0f,1f], start_interpolation: 0, interpolation_duration: 1 }
$data merge entity $(bone_3) { transformation: [-0.004036650041629449f,0.22898237995496004f,-0.9621856452192471f,0.18659154528533797f,-0.420795441056119f,0.8817133807124302f,0.21085987118616129f,-0.7802892569154072f,0.8957600486814286f,0.4098118437332926f,0.09351860614159804f,-0.18460713933637654f,0f,0f,0f,1f], start_interpolation: 0, interpolation_duration: 1 }
$data merge entity $(bone_8) { transformation: [0.08784245718897377f,0.0847352270475305f,-0.9915923425013684f,0.25735201960502263f,0.004264926542473734f,0.996200641936779f,0.08603726411021823f,-1.631690729468666f,0.995124979450059f,-0.011637101382185641f,0.0872055275860514f,0.23257972745563268f,0f,0f,0f,1f], start_interpolation: 0, interpolation_duration: 1 }
$data merge entity $(bone_7) { transformation: [0.08784245718897377f,-0.5404126030258434f,-0.8356971047580456f,0.07577636983150923f,0.004264926542473734f,0.8401372353462107f,-0.5422061928783621f,-1.3952644136493875f,0.995124979450059f,0.044218512622227465f,0.07605885426180668f,0.24762813096268552f,0f,0f,0f,1f], start_interpolation: 0, interpolation_duration: 1 }