# This file was generated by Animated Java via MC-Build. It is not recommended to edit this file directly.
$data merge entity $(bone_layer) { transformation: [-0.9957118599660862f,-0.005466755446800441f,-0.09342385406180823f,-0.062499999999999986f,-0.03919814155377317f,0.9309552550990281f,0.3632985393615475f,-0.71875f,0.08497886573500217f,0.36536616918974374f,-0.9270847667770213f,0.34375f,0f,0f,0f,1f], start_interpolation: 0, interpolation_duration: 1 }
$data merge entity $(bone_head) { transformation: [-0.9954946146873163f,0.016254259819683897f,-0.09341451261054717f,-0.062499999999999986f,-0.01887824377088256f,0.9314956663434278f,0.3632622131402335f,-0.71875f,0.09291977206536293f,0.3633890788412986f,-0.9269920675702643f,0.34375f,0f,0f,0f,1f], start_interpolation: 0, interpolation_duration: 1 }
$data merge entity $(bone_6) { transformation: [-0.9934822536093277f,-0.07918054950350624f,-0.0688887990875482f,0.15664468777660023f,-0.10350451313006115f,0.6357479990970478f,0.7647563181570163f,-1.6454628216541969f,-0.01675790932784349f,0.7674992978657522f,-0.6394551252427332f,0.1054228910243098f,0f,0f,0f,1f], start_interpolation: 0, interpolation_duration: 1 }
$data merge entity $(bone_5) { transformation: [-0.9934822536093277f,-0.10301676689942182f,-0.020069175294265898f,0.12333354876515629f,-0.10350451313006115f,0.9329520767016779f,0.3444243996801069f,-1.341244978340689f,-0.01675790932784349f,0.3449463267170948f,-0.9375340319732429f,0.20126454205129732f,0f,0f,0f,1f], start_interpolation: 0, interpolation_duration: 1 }
$data merge entity $(bone_10) { transformation: [-0.9986944746456059f,-0.0018479138286354464f,0.02463611886997066f,-0.029018691209743756f,0.0023576774531729795f,0.9855240341851833f,0.16934982546988278f,-0.9994467202901318f,-0.02459243113976201f,0.16952570087701618f,-0.9842330507864206f,0.23148869872770556f,0f,0f,0f,1f], start_interpolation: 0, interpolation_duration: 1 }
$data merge entity $(bone_9) { transformation: [-0.9994159467036947f,-0.029231626782934166f,0.017699646041117546f,-0.046874999999999986f,-0.019139959057660357f,0.9079163671862394f,0.4187141413453966f,-0.6875f,-0.02830949384267913f,0.41813081947037206f,-0.907945587779029f,0.375f,0f,0f,0f,1f], start_interpolation: 0, interpolation_duration: 1 }
$data merge entity $(item_display_item_display) { transformation: [-1.4756099857200056f,-0.03697052491337216f,-0.10694924797464538f,-0.9171475715658581f,-0.14216307598952652f,-0.4509045140884445f,0.9374879432457904f,-1.0526641701659716f,-0.0828068608329392f,1.4131057668677478f,0.29634269811560193f,0.8406239045492079f,0f,0f,0f,1f], start_interpolation: 0, interpolation_duration: 1 }
$data merge entity $(bone_2) { transformation: [0.10694924797464529f,0.7130372907729815f,0.6781811456126192f,-0.6877878909817335f,-0.9374879432457904f,0.27957474309739777f,-0.14554210967535458f,-0.8855876530531438f,-0.2963426981156019f,-0.6271089183081726f,0.7051799754064954f,0.39484820000640364f,0f,0f,0f,1f], start_interpolation: 0, interpolation_duration: 1 }
$data merge entity $(bone_1) { transformation: [0.10694924797464529f,0.9083035987731304f,0.37859796189770756f,-0.3847221947128253f,-0.9374879432457904f,0.20910526411749217f,-0.23583793415199925f,-0.8208641603452064f,-0.2963426981156019f,-0.33370580003070577f,0.8827144680823003f,0.29946928250545674f,0f,0f,0f,1f], start_interpolation: 0, interpolation_duration: 1 }
$data merge entity $(bone_4) { transformation: [-0.873512505010757f,-0.36266507300000045f,0.2908901038937442f,0.4482152127703175f,-0.41909108657332006f,0.8932307831121696f,-0.159439727052378f,-1.0802553583099666f,-0.20201417602622262f,-0.2608768510595217f,-0.9323754590081692f,0.3147875196588532f,0f,0f,0f,1f], start_interpolation: 0, interpolation_duration: 1 }
$data merge entity $(bone_3) { transformation: [-0.873512505010757f,-0.4516216498112612f,0.11036708358547646f,0.29228047637528726f,-0.41909108657332006f,0.8769241546546919f,0.23299417470158068f,-0.7802688937393011f,-0.20201417602622262f,0.15760417420287445f,-0.955270460264137f,0.37493439491774216f,0f,0f,0f,1f], start_interpolation: 0, interpolation_duration: 1 }
$data merge entity $(bone_8) { transformation: [-0.9982702407040616f,-0.005652971622754636f,0.037765186967015196f,-0.13836256594195653f,-0.00463319611397493f,0.9996118231087054f,0.026226821258238275f,-1.6556994195859067f,-0.03790613535661344f,0.025650504972877908f,-0.9979841822536788f,0.3276608784054113f,0f,0f,0f,1f], start_interpolation: 0, interpolation_duration: 1 }
$data merge entity $(bone_7) { transformation: [-0.9982702407040616f,0.012226651156792862f,0.03617560554173737f,-0.13386903281768636f,-0.00463319611397493f,0.9011539221152977f,-0.43339733698793914f,-1.3729403541717213f,-0.03790613535661344f,-0.43316630417349855f,-0.899442788265368f,0.17443548906427175f,0f,0f,0f,1f], start_interpolation: 0, interpolation_duration: 1 }