# This file was generated by Animated Java via MC-Build. It is not recommended to edit this file directly.
$data merge entity $(bone_layer) { transformation: [-0.9998305968848499f,-0.020921558726139565f,0.01005365174219405f,-0.062499999999999986f,-0.01801983107427103f,0.9726490881190422f,0.23201087704943996f,-0.71875f,-0.014631241264478019f,0.23176723185485973f,-0.9727640448831342f,0.34375f,0f,0f,0f,1f], start_interpolation: 0, interpolation_duration: 1 }
$data merge entity $(bone_head) { transformation: [-0.9998535911919599f,0.01384703864869618f,0.010052646477546294f,-0.062499999999999986f,0.015801900020576215f,0.9725903644809808f,0.2319876782816118f,-0.71875f,-0.0065647647544084245f,0.232112564156735f,-0.9726667782053137f,0.34375f,0f,0f,0f,1f], start_interpolation: 0, interpolation_duration: 1 }
$data merge entity $(bone_6) { transformation: [-0.992243981289824f,-0.10539300017952433f,-0.048703493977874386f,0.16044722561502608f,-0.11085824547935552f,0.7384846096185989f,0.6648868436030417f,-1.641410666138175f,-0.03410763848990641f,0.6657881626459101f,-0.7441863840652684f,0.05257977661255214f,0f,0f,0f,1f], start_interpolation: 0, interpolation_duration: 1 }
$data merge entity $(bone_5) { transformation: [-0.992243981289824f,-0.11585905595963322f,-0.007509591509305948f,0.12167615701444508f,-0.11085824547935552f,0.9282902976945857f,0.35455769156238515f,-1.3288989675237928f,-0.03410763848990641f,0.3533465754160355f,-0.9339343924437712f,0.16474998353174514f,0f,0f,0f,1f], start_interpolation: 0, interpolation_duration: 1 }
$data merge entity $(bone_10) { transformation: [-0.9863113543114792f,-0.012389686583239738f,0.15823310297718252f,-0.022632775498493705f,0.0219068822900555f,0.976785480012146f,0.2128813758500788f,-0.9929700964122601f,-0.15719733097156993f,0.21386122066380064f,-0.9631431902569784f,0.21919733495838345f,0f,0f,0f,1f], start_interpolation: 0, interpolation_duration: 1 }
$data merge entity $(bone_9) { transformation: [-0.9871500053722341f,-0.061408523784325764f,0.147525794694447f,-0.046874999999999986f,0.013270714063560465f,0.8885177525722947f,0.4586502932650559f,-0.6875f,-0.159244324991007f,0.45471441209896624f,-0.8762853692648589f,0.375f,0f,0f,0f,1f], start_interpolation: 0, interpolation_duration: 1 }
$data merge entity $(item_display_item_display) { transformation: [-0.7702640256352941f,-1.2638673709426216f,-0.07878223155398191f,-1.1713660280694598f,0.06119561631551402f,-0.17504625328781934f,0.9812548592036383f,-0.8666327158421419f,-1.2674900631068136f,0.7579295484296962f,0.09525251377587149f,0.21794026082367982f,0f,0f,0f,1f], start_interpolation: 0, interpolation_duration: 1 }
$data merge entity $(bone_2) { transformation: [0.0787822315539818f,0.9588987362298044f,-0.23268684845545096f,-0.6482878758691606f,-0.9812548592036383f,0.05366970496368313f,-0.11136548533113691f,-0.8189168348607121f,-0.09525251377587152f,0.24020913023539803f,0.9547919613771257f,0.15902133318316775f,0f,0f,0f,1f], start_interpolation: 0, interpolation_duration: 1 }
$data merge entity $(bone_1) { transformation: [0.0787822315539818f,0.9210494090669831f,-0.35397449321188f,-0.3322375580686709f,-0.9812548592036383f,0.03891451541634247f,-0.11733869371967504f,-0.806213541273036f,-0.09525251377587152f,0.3609067006128762f,0.9160100813918769f,0.28955836854296146f,0f,0f,0f,1f], start_interpolation: 0, interpolation_duration: 1 }
$data merge entity $(bone_4) { transformation: [-0.8433678508033962f,-0.33123504246558705f,0.3977627916382206f,0.45466838406497645f,-0.4139978715347786f,0.8988314118855366f,-0.14004672665850632f,-1.0790527221253696f,-0.3111391861641037f,-0.2825408964073711f,-0.895284173660493f,0.3641817039901477f,0f,0f,0f,1f], start_interpolation: 0, interpolation_duration: 1 }
$data merge entity $(bone_3) { transformation: [-0.8433678508033962f,-0.4683027179132498f,0.2205095375807426f,0.29231114017241716f,-0.4139978715347786f,0.8738042120079011f,0.2529371299694067f,-0.7802633813099624f,-0.3111391861641037f,0.12229442666604018f,-0.9308099607095194f,0.4120379754110335f,0f,0f,0f,1f], start_interpolation: 0, interpolation_duration: 1 }
$data merge entity $(bone_8) { transformation: [-0.9956583606457945f,-0.008339512859595312f,0.08121780007754827f,-0.139835054047712f,-0.010088176742977953f,0.9997290157581838f,-0.02065121573143236f,-1.6670022937489533f,-0.08102058082479506f,-0.021543008351500192f,-0.9954826797367831f,0.2658951420779967f,0f,0f,0f,1f], start_interpolation: 0, interpolation_duration: 1 }
$data merge entity $(bone_7) { transformation: [-0.9956583606457945f,0.015431920272238973f,0.08017315236962567f,-0.13400823338709783f,-0.010088176742977953f,0.9513182794851134f,-0.30802290300803414f,-1.3411289646437217f,-0.08102058082479506f,-0.3076524904072435f,-0.9469951488846077f,0.15386551217545175f,0f,0f,0f,1f], start_interpolation: 0, interpolation_duration: 1 }