# This file was generated by Animated Java via MC-Build. It is not recommended to edit this file directly.
$data merge entity $(bone_layer) { transformation: [-0.9972258214046726f,-0.01685996874208837f,0.07386753399018868f,-0.062499999999999986f,-0.006498587590310835f,0.9904648041624444f,0.13833745000823808f,-0.71875f,-0.07548800886966707f,0.13745989658611896f,-0.9877278710998422f,0.34375f,0f,0f,0f,1f], start_interpolation: 0, interpolation_duration: 1 }
$data merge entity $(bone_head) { transformation: [-0.9969124136560086f,0.026651792427613934f,0.07386014797539114f,-0.062499999999999986f,0.03670739485011434f,0.9897065948878536f,0.13832361764647344f,-0.71875f,-0.06941330320528691f,0.14060774514899727f,-0.9876291081890233f,0.34375f,0f,0f,0f,1f], start_interpolation: 0, interpolation_duration: 1 }
$data merge entity $(bone_6) { transformation: [-0.9904534083659136f,-0.12607867058330516f,-0.033782715243728424f,0.16361839986782944f,-0.12253191671074408f,0.8114753005521078f,0.5711653475072641f,-1.6327558631375276f,-0.04459792869109656f,0.5705068779680884f,-0.8190016981463377f,0.008436406544162847f,0f,0f,0f,1f], start_interpolation: 0, interpolation_duration: 1 }
$data merge entity $(bone_5) { transformation: [-0.9904534083659136f,-0.13052625416095842f,-3.60079203772274e-8f,0.11874999999999998f,-0.12253191671074408f,0.9316534200364442f,0.3416780978254594f,-1.3125f,-0.04459792869109656f,0.3390940900533444f,-0.9387529373942723f,0.12499999999999999f,0f,0f,0f,1f], start_interpolation: 0, interpolation_duration: 1 }
$data merge entity $(bone_10) { transformation: [-0.9716083052380994f,-0.0261717728136032f,0.2308564678291777f,-0.017625363478077645f,0.032296586939915294f,0.9687856847991725f,0.24553692239797986f,-0.9873056421419012f,-0.2300765778265593f,0.2465143712565085f,-0.9404349584106093f,0.20939475188503925f,0f,0f,0f,1f], start_interpolation: 0, interpolation_duration: 1 }
$data merge entity $(bone_9) { transformation: [-0.9725808861242236f,-0.08508985170013772f,0.21643968463169724f,-0.046874999999999986f,0.032328915855771065f,0.8721618680491671f,0.48814804836297127f,-0.6875f,-0.23030688471127056f,0.4817607217889767f,-0.8454970998152234f,0.375f,0f,0f,0f,1f], start_interpolation: 0, interpolation_duration: 1 }
$data merge entity $(item_display_item_display) { transformation: [-0.05059696265923952f,-1.479869207326228f,-0.06858891175829837f,-1.0345758518839987f,-0.12768432652687908f,-0.09839550533595f,0.9831656080795319f,-0.8859474041817541f,-1.4778895553259503f,0.05767435608504423f,-0.08259375505095203f,-0.1636931620396791f,0f,0f,0f,1f], start_interpolation: 0, interpolation_duration: 1 }
$data merge entity $(bone_2) { transformation: [0.06858891175829829f,0.7214686714488848f,-0.6737653975771639f,-0.5475105041138381f,-0.9831656080795319f,0.1065750547998138f,0.013806882718043978f,-0.8352486672914805f,0.08259375505095196f,0.669495865418299f,0.723871769802702f,0.03532881383146377f,0f,0f,0f,1f], start_interpolation: 0, interpolation_duration: 1 }
$data merge entity $(bone_1) { transformation: [0.06858891175829829f,0.7214686714488848f,-0.6737653975771639f,-0.2882327003118951f,-0.9831656080795319f,0.1065750547998138f,0.013806882718043978f,-0.7969482569727974f,0.08259375505095196f,0.669495865418299f,0.723871769802702f,0.275928890466165f,0f,0f,0f,1f], start_interpolation: 0, interpolation_duration: 1 }
$data merge entity $(bone_4) { transformation: [-0.8242845725384134f,-0.310722738148348f,0.45076770197794247f,0.45612449652184417f,-0.4078925442341626f,0.9026987581063145f,-0.13299966356006368f,-1.0792207762836183f,-0.3655814251357339f,-0.29330913828743554f,-0.8709085164430184f,0.39664930768267526f,0f,0f,0f,1f], start_interpolation: 0, interpolation_duration: 1 }
$data merge entity $(bone_3) { transformation: [-0.8242845725384134f,-0.4721130998519654f,0.2772171749676598f,0.2921030111041832f,-0.4078925442341626f,0.874331000445918f,0.2609583492686385f,-0.780300484563263f,-0.3655814251357339f,0.10223348731540734f,-0.9132689684245423f,0.43749999999999994f,0f,0f,0f,1f], start_interpolation: 0, interpolation_duration: 1 }
$data merge entity $(bone_8) { transformation: [-0.9932725171137115f,0.0029420708205220546f,0.10679880330100994f,-0.13895600327588098f,0.0012022088379234433f,0.9998765219680534f,-0.015533943057339433f,-1.6654021926509066f,-0.10683037093360026f,-0.015323765416892787f,-0.9931534185427036f,0.1924008690314834f,0f,0f,0f,1f], start_interpolation: 0, interpolation_duration: 1 }
$data merge entity $(bone_7) { transformation: [-0.9932725171137115f,0.02144279172419043f,0.10466540426670969f,-0.13125000000000003f,0.0012022088379234433f,0.9819887099851315f,-0.18892468348941896f,-1.3125f,-0.10683037093360026f,-0.187550244261519f,-0.975404242571794f,0.12500000000000003f,0f,0f,0f,1f], start_interpolation: 0, interpolation_duration: 1 }