# This file was generated by Animated Java via MC-Build. It is not recommended to edit this file directly.
$data merge entity $(bone_layer) { transformation: [-0.9965482172973283f,-0.014098932899682406f,0.08409121327509876f,-0.05630466472303207f,-0.004211461132840981f,0.9933559354245016f,0.1166392327200028f,-0.7094569970845481f,-0.0851608810083272f,0.11586055025535937f,-0.989799180994752f,0.3344569970845481f,0f,0f,0f,1f], start_interpolation: 0, interpolation_duration: 1 }
$data merge entity $(bone_head) { transformation: [-0.9960262500835267f,0.029377750231696264f,0.08407530514884756f,-0.05630466472303207f,0.03911472357644724f,0.9924064060155625f,0.1166171672559943f,-0.7094569970845481f,-0.08001092140505497f,0.11944234211785407f,-0.9896119337221614f,0.3344569970845481f,0f,0f,0f,1f], start_interpolation: 0, interpolation_duration: 1 }
$data merge entity $(bone_6) { transformation: [-0.9899677528875479f,-0.13251298264661715f,-0.020998263339762315f,0.16468720180852178f,-0.12338954693373069f,0.8400184774101398f,0.5281194020312068f,-1.6262901319074587f,-0.05234374795777882f,0.5260242414759464f,-0.8477958094696019f,-0.011588152710579197f,0f,0f,0f,1f], start_interpolation: 0, interpolation_duration: 1 }
$data merge entity $(bone_5) { transformation: [-0.9899677528875479f,-0.13376711862762983f,0.010342901297521426f,0.11835873761315474f,-0.12338954693373069f,0.9396830553450002f,0.3186485535660474f,-1.3014851085522463f,-0.05234374795777882f,0.3148048815878601f,-0.9467613868884892f,0.09895305127975072f,0f,0f,0f,1f], start_interpolation: 0, interpolation_duration: 1 }
$data merge entity $(bone_10) { transformation: [-0.9714820422906407f,-0.030114388552063866f,0.23090815913445006f,-0.012403601259236022f,0.03244393501902202f,0.9644425627706611f,0.26202729430567195f,-0.9781718243935911f,-0.23058844851225163f,0.26257126026755984f,-0.9359616012871406f,0.19189193867643276f,0f,0f,0f,1f], start_interpolation: 0, interpolation_duration: 1 }
$data merge entity $(bone_9) { transformation: [-0.9725209553434414f,-0.08676333755065607f,0.216044242401761f,-0.04222849854227405f,0.034684684940062716f,0.8636135554052626f,0.5029598389045491f,-0.6813046647230321f,-0.2302172105827202f,0.49663240951165505f,-0.8368729209229793f,0.36260932944606417f,0f,0f,0f,1f], start_interpolation: 0, interpolation_duration: 1 }
$data merge entity $(item_display_item_display) { transformation: [-0.14070764259041024f,-1.4619676796565906f,-0.1433368728492157f,-1.0183172680081138f,-0.22211637534894516f,-0.19292594603423607f,0.9694059745719779f,-0.9509800468990695f,-1.4607859272024415f,0.1686475265668662f,-0.13359407713653293f,-0.15111228770922974f,0f,0f,0f,1f], start_interpolation: 0, interpolation_duration: 1 }
$data merge entity $(bone_2) { transformation: [0.14333687284921562f,0.7555083922674596f,-0.6228479546135235f,-0.5237790803843484f,-0.9694059745719779f,0.19565282661963576f,0.013760500342784733f,-0.8557337274035237f,0.13359407713653287f,0.6091198835473035f,0.7681222964349961f,0.009424723482860248f,0f,0f,0f,1f], start_interpolation: 0, interpolation_duration: 1 }
$data merge entity $(bone_1) { transformation: [0.14333687284921562f,0.7542391025487173f,-0.6243844020627973f,-0.24805844156550477f,-0.9694059745719779f,0.19568042903335175f,0.013362246340358153f,-0.7844881010709165f,0.13359407713653287f,0.6106820333691088f,0.7668809222646129f,0.23057975006743106f,0f,0f,0f,1f], start_interpolation: 0, interpolation_duration: 1 }
$data merge entity $(bone_4) { transformation: [-0.8182752338111478f,-0.2930502534183853f,0.47295601013650335f,0.45371538980071185f,-0.4030427223468562f,0.9027914333966323f,-0.14665442174521012f,-1.0813623630765643f,-0.3839954068962716f,-0.310508345427684f,-0.8569048673834099f,0.40417444763433225f,0f,0f,0f,1f], start_interpolation: 0, interpolation_duration: 1 }
$data merge entity $(bone_3) { transformation: [-0.8182752338111478f,-0.4654735735498519f,0.3047953262101482f,0.2918038781041368f,-0.4030427223468562f,0.8801857429518951f,0.24862210186543826f,-0.7803524020735092f,-0.3839954068962716f,0.08072751412974527f,-0.9078460512598208f,0.43759856843680606f,0f,0f,0f,1f], start_interpolation: 0, interpolation_duration: 1 }
$data merge entity $(bone_8) { transformation: [-0.9931927678935374f,0.018588706146155404f,0.1059817891837538f,-0.14350861318780184f,0.021534704418461722f,0.999378453201099f,0.027754202451768184f,-1.664594964201642f,-0.10540067082392235f,0.02986264830326374f,-0.9929753446207181f,0.14839986205954378f,0f,0f,0f,1f], start_interpolation: 0, interpolation_duration: 1 }
$data merge entity $(bone_7) { transformation: [-0.9931927678935374f,0.03433255963419557f,0.10197526652939992f,-0.13125000000000003f,0.021534704418461722f,0.9921661333525802f,-0.12302012967211857f,-1.3053024781341107f,-0.10540067082392235f,-0.1199717175123139f,-0.9861534362285941f,0.10659620991253647f,0f,0f,0f,1f], start_interpolation: 0, interpolation_duration: 1 }