# This file was generated by Animated Java via MC-Build. It is not recommended to edit this file directly.
$data merge entity $(bone_layer) { transformation: [-0.9969371603622144f,-0.016219751110197952f,0.08055363097217397f,-0.04737609329446064f,-0.007104800271868085f,0.9939787509131931f,0.11221155932478047f,-0.6960641399416909f,-0.0818626264053067f,0.11126019911417155f,-0.9907347515813976f,0.321064139941691f,0f,0f,0f,1f], start_interpolation: 0, interpolation_duration: 1 }
$data merge entity $(bone_head) { transformation: [-0.996379159085061f,0.027272807806640757f,0.08052804042871411f,-0.04737609329446064f,0.036247187307220465f,0.9930270420648875f,0.11217591158611316f,-0.6960641399416909f,-0.07690716971298486f,0.11468865542067462f,-0.9904200116942993f,0.321064139941691f,0f,0f,0f,1f], start_interpolation: 0, interpolation_duration: 1 }
$data merge entity $(bone_6) { transformation: [-0.9886126729172612f,-0.14267594139736253f,-0.018180342860698348f,0.16779469019695076f,-0.13322344911060208f,0.8629344936395253f,0.48723585865702684f,-1.6153267458459601f,-0.05382838985575388f,0.4846538091994582f,-0.8719919803726088f,-0.030613322636185478f,0f,0f,0f,1f], start_interpolation: 0, interpolation_duration: 1 }
$data merge entity $(bone_5) { transformation: [-0.9886126729172612f,-0.14315492674199956f,0.013914599155164693f,0.11806439561520254f,-0.13322344911060208f,0.9495028232425463f,0.2837236523954043f,-1.2863373675063248f,-0.05382838985575388f,0.2791971626000636f,-0.9577621171260444f,0.06849608343302857f,0f,0f,0f,1f], start_interpolation: 0, interpolation_duration: 1 }
$data merge entity $(bone_10) { transformation: [-0.9768342248246279f,-0.030466230683086168f,0.20704965938988115f,-0.008008104143881686f,0.029324039545795443f,0.9596805337498284f,0.2792766125427456f,-0.9661177714129774f,-0.20721003333811946f,0.2794370804485498f,-0.9365553973114368f,0.1683369935321048f,0f,0f,0f,1f], start_interpolation: 0, interpolation_duration: 1 }
$data merge entity $(bone_9) { transformation: [-0.9779040513274757f,-0.0800697187693492f,0.19311267833445578f,-0.03553206997084547f,0.032405251877019925f,0.854521245435685f,0.5184046110422174f,-0.6723760932944607f,-0.20652739781466417f,0.5132078343471025f,-0.8330451084525137f,0.34475218658892126f,0f,0f,0f,1f], start_interpolation: 0, interpolation_duration: 1 }
$data merge entity $(item_display_item_display) { transformation: [-0.5251607954952351f,-1.3025773348112575f,-0.32077036437280176f,-1.0396803850292227f,-0.37972355052718215f,-0.3607020285525762f,0.9254593725799648f,-1.0671423975295975f,-1.3353837667518147f,0.613183861663561f,-0.13701132487512827f,0.01645931275416193f,0f,0f,0f,1f], start_interpolation: 0, interpolation_duration: 1 }
$data merge entity $(bone_2) { transformation: [0.32077036437280165f,0.8616040174486284f,-0.36647767117129176f,-0.5401638129602913f,-0.9254593725799648f,0.34903996528751546f,0.00896683145115496f,-0.8943036957829312f,0.13701132487512824f,0.34044830017345695f,0.9185635891020673f,0.014452789884252804f,0f,0f,0f,1f], start_interpolation: 0, interpolation_duration: 1 }
$data merge entity $(bone_1) { transformation: [0.32077036437280165f,0.8428888931216917f,-0.40768330871258285f,-0.22929540412674884f,-0.9254593725799648f,0.3490655218037066f,-0.007909672691676806f,-0.7659303186130103f,0.13701132487512824f,0.3844366987424529f,0.9010396977797771f,0.15376223992798874f,0f,0f,0f,1f], start_interpolation: 0, interpolation_duration: 1 }
$data merge entity $(bone_4) { transformation: [-0.8175406495014024f,-0.27333260431180867f,0.4857872718223152f,0.4491367854231695f,-0.3973204889490894f,0.9013276262230141f,-0.16971276564268897f,-1.0844614295957553f,-0.39144545714064144f,-0.3317299746728866f,-0.8455017328412459f,0.41259588093190885f,0f,0f,0f,1f], start_interpolation: 0, interpolation_duration: 1 }
$data merge entity $(bone_3) { transformation: [-0.8175406495014024f,-0.4530260401321031f,0.32475743718453903f,0.29137935014535565f,-0.3973204889490894f,0.8886039603282967f,0.22710551359174608f,-0.7804232276928518f,-0.39144545714064144f,0.0566750133926088f,-0.906479949690544f,0.43774341647118403f,0f,0f,0f,1f], start_interpolation: 0, interpolation_duration: 1 }
$data merge entity $(bone_8) { transformation: [-0.9932320522348353f,0.04237522857713828f,0.09855108360635292f,-0.1515382367957999f,0.052062727029321534f,0.9936863797702388f,0.09929473687310908f,-1.6596771758630986f,-0.09372255386435875f,0.10378565157644763f,-0.9891643655647469f,0.0910927733124356f,0f,0f,0f,1f], start_interpolation: 0, interpolation_duration: 1 }
$data merge entity $(bone_7) { transformation: [-0.9932320522348353f,0.05672926263726588f,0.09104815669514232f,-0.13125000000000003f,0.052062727029321534f,0.9973094769795723f,-0.051438052435089116f,-1.299243804664723f,-0.09372255386435875f,-0.04631752813849234f,-0.9935151182359511f,0.07662172011661812f,0f,0f,0f,1f], start_interpolation: 0, interpolation_duration: 1 }