# This file was generated by Animated Java via MC-Build. It is not recommended to edit this file directly.
$data merge entity $(bone_layer) { transformation: [-0.9979606926642822f,-0.021794696220220556f,0.06737662560006796f,-0.0368075801749271f,-0.013584597664965822f,0.993148495751321f,0.12004868452726446f,-0.6802113702623906f,-0.06949875658502414f,0.11883273609201281f,-0.9909535136572144f,0.30521137026239065f,0f,0f,0f,1f], start_interpolation: 0, interpolation_duration: 1 }
$data merge entity $(bone_head) { transformation: [-0.9974927340082268f,0.021746261421108044f,0.06734497542502857f,-0.0368075801749271f,0.029734886279743297f,0.9923294243762352f,0.11999229164850721f,-0.6802113702623906f,-0.06421901695544402f,0.12169393424215731f,-0.990488013168227f,0.30521137026239065f,0f,0f,0f,1f], start_interpolation: 0, interpolation_duration: 1 }
$data merge entity $(bone_6) { transformation: [-0.9865089394731333f,-0.1561123045083418f,-0.021894559212083258f,0.17238217853062632f,-0.14905439625821293f,0.880844209152537f,0.4491495111429997f,-1.6009995076285117f,-0.050832069559417964f,0.44681403616486415f,-0.8921244249467184f,-0.048225449328084424f,0f,0f,0f,1f], start_interpolation: 0, interpolation_duration: 1 }
$data merge entity $(bone_5) { transformation: [-0.9865089394731333f,-0.15705997300061408f,0.013512520972898784f,0.11784812808759712f,-0.14905439625821293f,0.9588891150152185f,0.24115030429772444f,-1.2687636264523254f,-0.050832069559417964f,0.2363553045446143f,-0.9693631633779324f,0.03591650319847409f,0f,0f,0f,1f], start_interpolation: 0, interpolation_duration: 1 }
$data merge entity $(bone_10) { transformation: [-0.9845839445854603f,-0.027206464582713162f,0.1669033971873651f,-0.004706269397968872f,0.023866779054831914f,0.9547614812387877f,0.29611504217599705f,-0.9524233133766332f,-0.16740917812976427f,0.29612551769076867f,-0.9393934946572838f,0.14145540937639778f,0f,0f,0f,1f], start_interpolation: 0, interpolation_duration: 1 }
$data merge entity $(bone_9) { transformation: [-0.9856480364490743f,-0.06661648213302239f,0.15511348281920895f,-0.02760568513119532f,0.02680546290845672f,0.8454275874958722f,0.5334169677270988f,-0.6618075801749271f,-0.1666715794679695f,0.529919275559146f,-0.8315083559342757f,0.3236151603498542f,0f,0f,0f,1f], start_interpolation: 0, interpolation_duration: 1 }
$data merge entity $(item_display_item_display) { transformation: [-0.8852842901260539f,-0.891846018856685f,-0.5269637539394205f,-0.9626243418895464f,-0.6999999474533528f,-0.408992659682533f,0.828608711643945f,-1.1904315899824234f,-0.9642797692571192f,1.1134692470037233f,-0.1177182446430272f,0.28762059649197386f,0f,0f,0f,1f], start_interpolation: 0, interpolation_duration: 1 }
$data merge entity $(bone_2) { transformation: [0.5269637539394204f,0.8377472616892262f,-0.00309322858782389f,-0.5431707306847162f,-0.8286087116439451f,0.5227841285276891f,0.137182151038301f,-0.9547611790382602f,0.11771824464302721f,-0.07032859426420202f,0.9794602793344799f,0.06880749698465788f,0f,0f,0f,1f], start_interpolation: 0, interpolation_duration: 1 }
$data merge entity $(bone_1) { transformation: [0.5269637539394204f,0.8308883114491136f,-0.10702642864327563f,-0.23536571576988505f,-0.8286087116439451f,0.5357665358950887f,0.0712489060893377f,-0.7565915852339963f,0.11771824464302721f,0.051757443061045405f,0.9806170083436951f,0.08582240979048686f,0f,0f,0f,1f], start_interpolation: 0, interpolation_duration: 1 }
$data merge entity $(bone_4) { transformation: [-0.8207873177061151f,-0.25294177519684924f,0.49124691460356723f,0.4431742649813714f,-0.3910002510838484f,0.8982408069841548f,-0.19854901758772575f,-1.0879376270990506f,-0.391002296786204f,-0.3551110738541697f,-0.8361560826456271f,0.4214056874363733f,0f,0f,0f,1f], start_interpolation: 0, interpolation_duration: 1 }
$data merge entity $(bone_3) { transformation: [-0.8207873177061151f,-0.43685301766301965f,0.338323090707642f,0.29089152084278563f,-0.3910002510838484f,0.8979930786870721f,0.19966644772397396f,-0.7805004215986443f,-0.391002296786204f,0.031534898694626695f,-0.907891193636915f,0.43792012882288195f,0f,0f,0f,1f], start_interpolation: 0, interpolation_duration: 1 }
$data merge entity $(bone_8) { transformation: [-0.9922130085987795f,0.07283581939387716f,0.09076731978395462f,-0.16224953873308592f,0.08876868972334394f,0.9781072641113666f,0.18813903561656845f,-1.6510473552373552f,-0.07507806182816691f,0.1947649221944864f,-0.9769500986484241f,0.026877833375944196f,0f,0f,0f,1f], start_interpolation: 0, interpolation_duration: 1 }
$data merge entity $(bone_7) { transformation: [-0.9922130085987795f,0.0869616398093772f,0.07733974482246703f,-0.13125000000000003f,0.08876868972334394f,0.9957880972597235f,0.022275147272571655f,-1.2941873177842567f,-0.07507806182816691f,0.029001228198976936f,-0.9957528804525452f,0.03944970845481048f,0f,0f,0f,1f], start_interpolation: 0, interpolation_duration: 1 }