# This file was generated by Animated Java via MC-Build. It is not recommended to edit this file directly.
$data merge entity $(bone_layer) { transformation: [-0.9990365653660704f,-0.028828054045837492f,0.048531841169161025f,-0.025692419825072865f,-0.022044933446023193f,0.9912365408608025f,0.13499850450076922f,-0.6635386297376094f,-0.05196553874154301f,0.13371431713924306f,-0.9902931482248376f,0.2885386297376093f,0f,0f,0f,1f], start_interpolation: 0, interpolation_duration: 1 }
$data merge entity $(bone_head) { transformation: [-0.9987139470769513f,0.01476744289111872f,0.0485012839462433f,-0.025692419825072865f,0.02119982258604333f,0.9906305636688936f,0.1349135050592436f,-0.6635386297376094f,-0.04605452677312901f,0.13576821776655906f,-0.989669627506167f,0.2885386297376093f,0f,0f,0f,1f], start_interpolation: 0, interpolation_duration: 1 }
$data merge entity $(bone_6) { transformation: [-0.9837560129930129f,-0.17158862368976882f,-0.029029681967123543f,0.17782589119983017f,-0.16789340961076557f,0.8944252319244262f,0.4143457579972365f,-1.58465375569659f,-0.04513213832030303f,0.41285964237000017f,-0.9086163298190748f,-0.06409637299784815f,0f,0f,0f,1f], start_interpolation: 0, interpolation_duration: 1 }
$data merge entity $(bone_5) { transformation: [-0.9837560129930129f,-0.17363966353184532f,0.011603683182893848f,0.11769108911179224f,-0.16789340961076557f,0.9661866229375508f,0.19535176561756312f,-1.2504707349803386f,-0.04513213832030303f,0.19061132417849316f,-0.979644855142256f,0.003501717314727898f,0f,0f,0f,1f], start_interpolation: 0, interpolation_duration: 1 }
$data merge entity $(bone_10) { transformation: [-0.9917653809798892f,-0.02097441234158216f,0.11816675729138333f,-0.0025356745966045556f,0.017045214455275334f,0.9500390731464297f,0.3113526394074987f,-0.9383957999816182f,-0.11879347521639774f,0.31142548630771716f,-0.941858349968414f,0.11400604461255631f,0f,0f,0f,1f], start_interpolation: 0, interpolation_duration: 1 }
$data merge entity $(bone_9) { transformation: [-0.9928035904998281f,-0.04867968079185481f,0.1094135246148881f,-0.019269314868804645f,0.01923759811709047f,0.8369552877281319f,0.546933049981993f,-0.6506924198250729f,-0.11819875426304169f,0.5451019492002601f,-0.8299957346087641f,0.30138483965014573f,0f,0f,0f,1f], start_interpolation: 0, interpolation_duration: 1 }
$data merge entity $(item_display_item_display) { transformation: [-1.0103027753557403f,-0.430408723151071f,-0.6657318667150223f,-0.796463068515131f,-0.9850543602203117f,-0.217929290369048f,0.7256520032668746f,-1.2156109141447482f,-0.4614097118515734f,1.4033368084633837f,-0.09149334344586454f,0.5366052003378542f,0f,0f,0f,1f], start_interpolation: 0, interpolation_duration: 1 }
$data merge entity $(bone_2) { transformation: [0.6657318667150222f,0.6791579135517326f,0.2733646777891116f,-0.5081399888247231f,-0.7256520032668747f,0.5670919313255229f,0.3616262259400215f,-0.9998698658457407f,0.0914933434458646f,-0.4440286915983781f,0.8790499398058162f,0.1497689908250746f,0f,0f,0f,1f], start_interpolation: 0, interpolation_duration: 1 }
$data merge entity $(bone_1) { transformation: [0.6657318667150222f,0.7219342253911194f,0.12163343624025416f,-0.2398833252786654f,-0.7256520032668747f,0.6313613167101133f,0.231839758506187f,-0.7654740842769345f,0.0914933434458646f,-0.24554808484489604f,0.9537276412394581f,0.056896213325370405f,0f,0f,0f,1f], start_interpolation: 0, interpolation_duration: 1 }
$data merge entity $(bone_4) { transformation: [-0.8264323375511768f,-0.2332871645768087f,0.49143068440251403f,0.4366374203739352f,-0.38439116816074687f,0.8937365515968503f,-0.22955725474167998f,-1.0913000211160466f,-0.3856070653139584f,-0.3787820921437043f,-0.8282355276701601f,0.43010453149670297f,0f,0f,0f,1f], start_interpolation: 0, interpolation_duration: 1 }
$data merge entity $(bone_3) { transformation: [-0.8264323375511768f,-0.419117555479895f,0.34679604008288145f,0.2903982854272033f,-0.38439116816074687f,0.9070154842404039f,0.16965986034684732f,-0.7805738225355757f,-0.3856070653139584f,0.006734299315980935f,-0.9107165375881525f,0.4381114252464974f,0f,0f,0f,1f], start_interpolation: 0, interpolation_duration: 1 }
$data merge entity $(bone_8) { transformation: [-0.9894107552758036f,0.10704887341576183f,0.08748363703855641f,-0.17432812063284955f,0.12753533033987688f,0.9507568954867379f,0.2824008242077897f,-1.6396344290646803f,-0.05294561208952321f,0.2905930174289322f,-0.9543342230915648f,-0.038058552099421425f,0f,0f,0f,1f], start_interpolation: 0, interpolation_duration: 1 }
$data merge entity $(bone_7) { transformation: [-0.9894107552758036f,0.1218977577154303f,0.06522104501637437f,-0.13125000000000006f,0.12753533033987688f,0.9873520443852981f,0.0939406210166347f,-1.289996355685131f,-0.05294561208952321f,0.1012901469418915f,-0.9924406366502342f,-0.0005466472303207182f,0f,0f,0f,1f], start_interpolation: 0, interpolation_duration: 1 }