# This file was generated by Animated Java via MC-Build. It is not recommended to edit this file directly.
$data merge entity $(bone_layer) { transformation: [-0.9997560161183905f,-0.035528416162383065f,0.028119090106661387f,-0.015123906705539375f,-0.03085830913187758f,0.9886825577190177f,0.15205133398971638f,-0.6476858600583091f,-0.033177045392191046f,0.15102839155444686f,-0.9887642549930041f,0.2726858600583091f,0f,0f,0f,1f], start_interpolation: 0, interpolation_duration: 1 }
$data merge entity $(bone_head) { transformation: [-0.9995723164632605f,0.008107801904949493f,0.02809711210322904f,-0.015123906705539375f,0.012287177383679546f,0.9883144963791118f,0.15193249000409512f,-0.6476858600583091f,-0.026536944666131334f,0.152212745179806f,-0.9879914325400874f,0.2726858600583091f,0f,0f,0f,1f], start_interpolation: 0, interpolation_duration: 1 }
$data merge entity $(bone_6) { transformation: [-0.9806296025489397f,-0.1873066702965875f,-0.036816241716283754f,0.18337246750577135f,-0.18677053057384446f,0.9044389645655033f,0.38339449492966904f,-1.5680179910208363f,-0.03851430271824923f,0.3831283269516025f,-0.9218314820664697f,-0.0779464474264957f,0f,0f,0f,1f], start_interpolation: 0, interpolation_duration: 1 }
$data merge entity $(bone_5) { transformation: [-0.9806296025489397f,-0.19062807513730035f,0.010008064805652727f,0.11757443276924164f,-0.18677053057384446f,0.9706576723665556f,0.15107899404826655f,-1.2331655426804544f,-0.03851430271824923f,0.14657632839373522f,-0.9874593541995589f,-0.02646086747956926f,0f,0f,0f,1f], start_interpolation: 0, interpolation_duration: 1 }
$data merge entity $(bone_10) { transformation: [-0.9965455798159533f,-0.013079423006113339f,0.0687544763244836f,-0.0012981497016413216f,0.009975679454380137f,0.9458380370732624f,0.3241607903802957f,-0.9253021462078304f,-0.06927043502612959f,0.3243753016479906f,-0.9424402389358001f,0.08858003676997006f,0f,0f,0f,1f], start_interpolation: 0, interpolation_duration: 1 }
$data merge entity $(bone_9) { transformation: [-0.9975589624471184f,-0.0292211791345839f,0.06342112527709699f,-0.011342930029154537f,0.011188851112570423f,0.8296094240066649f,0.5582320424430243f,-0.6401239067055393f,-0.06892696172187922f,0.5575789865923162f,-0.8272573648257695f,0.28024781341107874f,0f,0f,0f,1f], start_interpolation: 0, interpolation_duration: 1 }
$data merge entity $(item_display_item_display) { transformation: [-1.0299455050803745f,-0.05923428593385793f,-0.71127239367374f,-0.6460934688166967f,-1.06692144356732f,-0.04452155846686012f,0.6871475377624093f,-1.1807175654372406f,-0.07200495218274494f,1.4819774161938863f,-0.007786105874350214f,0.6945177568586933f,0f,0f,0f,1f], start_interpolation: 0, interpolation_duration: 1 }
$data merge entity $(bone_2) { transformation: [0.7112723936737398f,0.5134442774383404f,0.45759765708824185f,-0.4751708908015718f,-0.6871475377624094f,0.5239392557604683f,0.481963927892588f,-1.0091161740368666f,0.007786105874350288f,-0.6646673937257221f,0.7325543136822984f,0.22483012618040127f,0f,0f,0f,1f], start_interpolation: 0, interpolation_duration: 1 }
$data merge entity $(bone_1) { transformation: [0.7112723936737398f,0.6279625969044954f,0.2805060047410569f,-0.24117054523141454f,-0.6871475377624094f,0.6453474036123742f,0.30054666886733666f,-0.7686488382677165f,0.007786105874350288f,-0.41144830239014196f,0.8995159038265848f,0.0705234358401405f,0f,0f,0f,1f], start_interpolation: 0, interpolation_duration: 1 }
$data merge entity $(bone_4) { transformation: [-0.8328096566840613f,-0.21560904372077674f,0.48866071227642577f,0.4303096124016308f,-0.37793684213214956f,0.8883971766907173f,-0.25922919535563177f,-1.0941919949618844f,-0.37816831300880993f,-0.4008325102216596f,-0.8212591307840121f,0.438154530350061f,0f,0f,0f,1f], start_interpolation: 0, interpolation_duration: 1 }
$data merge entity $(bone_3) { transformation: [-0.8328096566840613f,-0.4019250960829006f,0.35175668948215144f,0.28994938131387027f,-0.37793684213214956f,0.914716271149809f,0.14051143217032194f,-0.780636473205202f,-0.37816831300880993f,-0.01619851902072072f,-0.9137126841235397f,0.4382969937124604f,0f,0f,0f,1f], start_interpolation: 0, interpolation_duration: 1 }
$data merge entity $(bone_8) { transformation: [-0.9849183205060911f,0.14063748630857106f,0.09067140704458665f,-0.18618779955014633f,0.16427892192116225f,0.9142365400563237f,0.3702979563746067f,-1.6269183172723494f,-0.03081753874026617f,0.37962197926318897f,-0.9235467154563246f,-0.09799403584792893f,0f,0f,0f,1f], start_interpolation: 0, interpolation_duration: 1 }
$data merge entity $(bone_7) { transformation: [-0.9849183205060911f,0.15720034411850187f,0.057343338058254215f,-0.13125000000000006f,0.16427892192116225f,0.9734720882903917f,0.15906326096529058f,-1.2865342565597668f,-0.03081753874026617f,0.16609881715127575f,-0.9846129014545837f,-0.03899416909620981f,0f,0f,0f,1f], start_interpolation: 0, interpolation_duration: 1 }