# This file was generated by Animated Java via MC-Build. It is not recommended to edit this file directly.
$data merge entity $(bone_layer) { transformation: [-1.0000287657144862f,-0.04068897870351076f,0.010453642088860543f,-0.006195335276967944f,-0.03838692585014863f,0.9862216918321147f,0.16648009599009772f,-0.6342930029154519f,-0.017067968380329857f,0.1659324725578517f,-0.9869131182041817f,0.2592930029154519f,0f,0f,0f,1f], start_interpolation: 0, interpolation_duration: 1 }
$data merge entity $(bone_head) { transformation: [-0.9999410547558869f,0.00296768736487204f,0.010444129709498309f,-0.006195335276967944f,0.004663748319393614f,0.9860593512907497f,0.16632860602938762f,-0.6342930029154519f,-0.009804920463614156f,0.16636751054148244f,-0.9860150683285382f,0.2592930029154519f,0f,0f,0f,1f], start_interpolation: 0, interpolation_duration: 1 }
$data merge entity $(bone_6) { transformation: [-0.9776577257556448f,-0.2010947856300976f,-0.04279680840815069f,0.1881607989830873f,-0.20276067583080112f,0.9117566362838961f,0.3570432201609862f,-1.5532504640923481f,-0.032779255741051394f,0.35795440588984684f,-0.9321045750428739f,-0.08948829504265807f,0f,0f,0f,1f], start_interpolation: 0, interpolation_duration: 1 }
$data merge entity $(bone_5) { transformation: [-0.9776577257556448f,-0.20536616383868508f,0.009768232579193467f,0.11747931314139905f,-0.20276067583080112f,0.9725899611982062f,0.11335251319279666f,-1.218554899142763f,-0.032779255741051394f,0.10905735246490383f,-0.9925002717305198f,-0.051683844445777075f,0f,0f,0f,1f], start_interpolation: 0, interpolation_duration: 1 }
$data merge entity $(bone_10) { transformation: [-0.998628673833841f,-0.005368263411750201f,0.026702268676868993f,-0.0006126427184484267f,0.0038812273424262966f,0.9423653739593144f,0.3342284472937853f,-0.9143288332291304f,-0.026957519752013052f,0.33454249910955014f,-0.9410522482131869f,0.06749784661974276f,0f,0f,0f,1f], start_interpolation: 0, interpolation_duration: 1 }
$data merge entity $(bone_9) { transformation: [-0.9996302789540824f,-0.01173486178698916f,0.024527503277414296f,-0.004646501457725951f,0.004244745468490432f,0.8236610849517452f,0.5670664857598461f,-0.6311953352769679f,-0.026856796795057997f,0.5669609423540164f,-0.8233067486125416f,0.2623906705539359f,0f,0f,0f,1f], start_interpolation: 0, interpolation_duration: 1 }
$data merge entity $(item_display_item_display) { transformation: [-1.0559603346336848f,0.2081280567204314f,-0.6811878290897309f,-0.5601064153936296f,-1.0344201830958633f,-0.015774205103402217f,0.7094229608617545f,-1.1572916741681811f,0.1395769695150595f,1.4689848766237732f,0.10412965092691531f,0.7724208674162654f,0f,0f,0f,1f], start_interpolation: 0, interpolation_duration: 1 }
$data merge entity $(bone_2) { transformation: [0.6811878290897309f,0.39967196868086613f,0.5958969823637933f,-0.4720011152464078f,-0.7094229608617545f,0.49506638230650535f,0.48019431911124777f,-0.9997949178482874f,-0.10412965092691523f,-0.7582833262418136f,0.6266888973863916f,0.2757750360354101f,0f,0f,0f,1f], start_interpolation: 0, interpolation_duration: 1 }
$data merge entity $(bone_1) { transformation: [0.6811878290897309f,0.5946966468698345f,0.4014558435759649f,-0.2496955970366827f,-0.7094229608617545f,0.6394815209370734f,0.2583421982115447f,-0.7607008383245947f,-0.10412965092691523f,-0.46636818350074283f,0.8661600858859391f,0.1011176131556536f,0f,0f,0f,1f], start_interpolation: 0, interpolation_duration: 1 }
$data merge entity $(bone_4) { transformation: [-0.8382891688267625f,-0.20087621863844432f,0.4855036251942022f,0.42491778380419654f,-0.37224600544811187f,0.883178005831563f,-0.28419464008683776f,-1.0963959334245552f,-0.37162172105597957f,-0.41930427175361135f,-0.8150025606877052f,0.44496303011398386f,0f,0f,0f,1f], start_interpolation: 0, interpolation_duration: 1 }
$data merge entity $(bone_3) { transformation: [-0.8382891688267625f,-0.38723837933088057f,0.3551217578020045f,0.28958507992294386f,-0.37224600544811187f,0.9205369488141685f,0.11567933828737333f,-0.7806843531339809f,-0.37162172105597957f,-0.035583761115972744f,-0.9158488096750381f,0.4384551672908372f,0f,0f,0f,1f], start_interpolation: 0, interpolation_duration: 1 }
$data merge entity $(bone_8) { transformation: [-0.9796934798320527f,0.16881153016920383f,0.09891740746651895f,-0.19625105370067464f,0.19507884471621434f,0.8757188223968403f,0.4415659417581792f,-1.6148059170254303f,-0.012082432781155108f,0.4518992779014329f,-0.8908659070422107f,-0.14775866503344454f,0f,0f,0f,1f], start_interpolation: 0, interpolation_duration: 1 }
$data merge entity $(bone_7) { transformation: [-0.9796934798320527f,0.18791706005184172f,0.05449004275496461f,-0.13125000000000006f,0.19507884471621434f,0.9572744158554852f,0.21328298002755885f,-1.2836643586005831f,-0.012082432781155108f,0.21958541866843875f,-0.9744933378972808f,-0.07151967930029146f,0f,0f,0f,1f], start_interpolation: 0, interpolation_duration: 1 }