# This file was generated by Animated Java via MC-Build. It is not recommended to edit this file directly.
$data merge entity $(bone_layer) { transformation: [-1.0000472698034395f,-0.04366300675270131f,-1.2072477041643994e-16f,0f,-0.04299966756988466f,0.9848543046811186f,0.17382182584459724f,-0.625f,-0.007582001554065337f,0.17365638598215627f,-0.9857925607652201f,0.25f,0f,0f,0f,1f], start_interpolation: 0, interpolation_duration: 1 }
$data merge entity $(bone_head) { transformation: [-1f,2.1265768495757713e-17f,-1.2060416625018976e-16f,0f,0f,0.984807753012208f,0.17364817766693033f,-0.625f,1.2246467991473532e-16f,0.17364817766693033f,-0.984807753012208f,0.25f,0f,0f,0f,1f], start_interpolation: 0, interpolation_duration: 1 }
$data merge entity $(bone_6) { transformation: [-0.9755775157120689f,-0.21056992206500602f,-0.04474597116591615f,0.1912848965099602f,-0.21299041924056406f,0.9173396906359365f,0.3361797760077263f,-1.5428459695829209f,-0.029742093887232077f,0.3376600247239583f,-0.9397424455012827f,-0.09838743984502346f,0f,0f,0f,1f], start_interpolation: 0, interpolation_duration: 1 }
$data merge entity $(bone_5) { transformation: [-0.9755775157120689f,-0.214976035491613f,0.011278216984632685f,0.11738688430971822f,-0.21299041924056406f,0.9730918272743743f,0.08729974515690206f,-1.2083456539573547f,-0.029742093887232077f,0.082931295999327f,-0.9951143433380847f,-0.06987980684525481f,0f,0f,0f,1f], start_interpolation: 0, interpolation_duration: 1 }
$data merge entity $(bone_10) { transformation: [-0.999f,4.188538737676991e-17f,-1.1496407686676225e-16f,-2.414598129775061e-17f,0f,0.9396926207859083f,0.34167812318234303f,-0.9065835152243409f,1.2234221523482057e-16f,0.34202014332566877f,-0.9387529281651225f,0.05283310000432792f,0f,0f,0f,1f], start_interpolation: 0, interpolation_duration: 1 }
$data merge entity $(bone_9) { transformation: [-1f,7.024285468436541e-17f,-1.0031719290535247e-16f,0f,0f,0.8191520442889918f,0.573576436351046f,-0.625f,1.2246467991473532e-16f,0.573576436351046f,-0.8191520442889918f,0.25f,0f,0f,0f,1f], start_interpolation: 0, interpolation_duration: 1 }
$data merge entity $(item_display_item_display) { transformation: [-1.0618952032252056f,0.3709036080932107f,-0.6453740911765917f,-0.5157460967680818f,-1.006801936359821f,-0.03331883366821792f,0.7266021655966873f,-1.1477206413343606f,0.2518685602230121f,1.4361938555543357f,0.18352753332454674f,0.8015838615447879f,0f,0f,0f,1f], start_interpolation: 0, interpolation_duration: 1 }
$data merge entity $(bone_2) { transformation: [0.6453740911765917f,0.3257365617738288f,0.6754278370395179f,-0.47952053532607697f,-0.7266021655966873f,0.49031763315986643f,0.45890433552250165f,-0.9886063876648965f,-0.18352753332454666f,-0.795760254174872f,0.5582962983063597f,0.29902317852490945f,0f,0f,0f,1f], start_interpolation: 0, interpolation_duration: 1 }
$data merge entity $(bone_1) { transformation: [0.6453740911765917f,0.5806657208790873f,0.474483288767989f,-0.26177088999641923f,-0.7266021655966873f,0.6383200416379569f,0.20869138696208608f,-0.7492363720506627f,-0.18352753332454666f,-0.48525750384644956f,0.8422910980105118f,0.11705161458249089f,0f,0f,0f,1f], start_interpolation: 0, interpolation_duration: 1 }
$data merge entity $(bone_4) { transformation: [-0.8413063685061414f,-0.18980529395134743f,0.4847007668362281f,0.4211297848061264f,-0.36805754784535927f,0.8793043065954868f,-0.3012104230825057f,-1.0977986440123055f,-0.36894346400067796f,-0.43220370951683296f,-0.8094641063816383f,0.44989331391012677f,0f,0f,0f,1f], start_interpolation: 0, interpolation_duration: 1 }
$data merge entity $(bone_3) { transformation: [-0.8413063685061414f,-0.3768654114735973f,0.35907289596740827f,0.289338094012281f,-0.36805754784535927f,0.9242173656636609f,0.09862070561821686f,-0.7807153039755359f,-0.36894346400067796f,-0.04961527394073535f,-0.9162808033742282f,0.4385648185140879f,0f,0f,0f,1f], start_interpolation: 0, interpolation_duration: 1 }
$data merge entity $(bone_8) { transformation: [-0.9753197111128135f,0.18744220405569362f,0.10821980696905131f,-0.2031159606963544f,0.21622317432416477f,0.8454971437791756f,0.4881480035599667f,-1.6054164000368887f,1.1944221623596283e-16f,0.49949999999999994f,-0.8651593783806543f,-0.1826300777072375f,0f,0f,0f,1f], start_interpolation: 0, interpolation_duration: 1 }
$data merge entity $(bone_7) { transformation: [-0.9753197111128135f,0.209064612934849f,0.056018694201817903f,-0.13125000000000006f,0.21622317432416477f,0.9430295273800398f,0.25268400030018495f,-1.28125f,1.1944221623596283e-16f,0.25856022605741824f,-0.9649599004627792f,-0.09374999999999997f,0f,0f,0f,1f], start_interpolation: 0, interpolation_duration: 1 }
execute on vehicle unless entity @s[tag=aj.transforms_only] at @s run function animated_java:rajeta/animations/attack1/zzz/frames/zzz/0