# This file was generated by Animated Java via MC-Build. It is not recommended to edit this file directly.
$data merge entity $(bone_layer) { transformation: [-1.001f,-2.1287034264253467e-17f,1.2072477041643994e-16f,-3.061616997868383e-17f,0f,0.9857925607652201f,0.17382182584459724f,-0.625f,-1.2258714459465004e-16f,0.17382182584459724f,-0.9857925607652201f,0.25f,0f,0f,0f,1f], start_interpolation: 0, interpolation_duration: 1 }
$data merge entity $(bone_head) { transformation: [-1f,-2.1265768495757713e-17f,1.2060416625018976e-16f,-3.061616997868383e-17f,0f,0.984807753012208f,0.17364817766693033f,-0.625f,-1.2246467991473532e-16f,0.17364817766693033f,-0.984807753012208f,0.25f,0f,0f,0f,1f], start_interpolation: 0, interpolation_duration: 1 }
$data merge entity $(bone_6) { transformation: [-0.9838229330686394f,-0.16773132483037567f,-0.0449434790869195f,0.17844158486231956f,-0.16756359052845857f,0.9857584423977084f,-0.0035481313846096874f,-1.6082426048185392f,0.04489854671846856f,0.0035479999116829752f,-0.9980492984117362f,-0.006132572563381095f,0f,0f,0f,1f], start_interpolation: 0, interpolation_duration: 1 }
$data merge entity $(bone_5) { transformation: [-0.9838229330686394f,-0.17364824687220234f,-5.8469596233249e-9f,0.11875000000000001f,-0.16756359052845857f,0.9512512140175685f,-0.2585602905025844f,-1.28125f,0.04489854671846856f,-0.25488706163380037f,-0.9649598831947467f,-0.09374999999999997f,0f,0f,0f,1f], start_interpolation: 0, interpolation_duration: 1 }
$data merge entity $(bone_10) { transformation: [-0.999f,-4.188538737676991e-17f,1.1496407686676225e-16f,-4.275099472046802e-18f,0f,0.9396926207859083f,0.34167812318234303f,-0.9321820166083719f,-1.2234221523482057e-16f,0.34202014332566877f,-0.9387529281651225f,0.03490883636835773f,0f,0f,0f,1f], start_interpolation: 0, interpolation_duration: 1 }
$data merge entity $(bone_9) { transformation: [-1f,-7.024285468436541e-17f,1.0031719290535247e-16f,-3.061616997868383e-17f,0f,0.8191520442889918f,0.573576436351046f,-0.625f,-1.2246467991473532e-16f,0.573576436351046f,-0.8191520442889918f,0.25f,0f,0f,0f,1f], start_interpolation: 0, interpolation_duration: 1 }
$data merge entity $(item_display_item_display) { transformation: [-0.42909521416787216f,0.7122430411917778f,-0.8193101023737803f,-0.4081067146094952f,-1.4074934524003515f,-0.03271382782006906f,0.31403567555176015f,-1.1818468266289068f,0.19818460788311612f,1.301246998380718f,0.4563478177103681f,0.3990452698542467f,0f,0f,0f,1f], start_interpolation: 0, interpolation_duration: 1 }
$data merge entity $(bone_2) { transformation: [0.8193101023737802f,0.28606347611191507f,0.4748286941278518f,-0.4849748124964701f,-0.3140356755517604f,0.938328968266901f,-0.021809218546712916f,-0.9404492037663337f,-0.45634781771036803f,-0.1321230719220773f,0.8674979989204787f,0.09492137721107774f,0f,0f,0f,1f], start_interpolation: 0, interpolation_duration: 1 }
$data merge entity $(bone_1) { transformation: [0.8193101023737802f,0.4599328333239203f,0.309445293974596f,-0.3125f,-0.3140356755517604f,0.8411978767102232f,-0.41632082210797167f,-0.625f,-0.45634781771036803f,0.24687632743712587f,0.842057814651891f,0.18749999999999994f,0f,0f,0f,1f], start_interpolation: 0, interpolation_duration: 1 }
$data merge entity $(bone_4) { transformation: [-0.8413063685061414f,-0.18980529395134732f,0.4847007668362283f,0.5244126233148799f,-0.36805754784535927f,0.8793043065954868f,-0.3012104230825057f,-0.9710468160994088f,-0.3689434640006781f,-0.43220370951683296f,-0.8094641063816382f,0.14467054624186385f,0f,0f,0f,1f], start_interpolation: 0, interpolation_duration: 1 }
$data merge entity $(bone_3) { transformation: [-0.8413063685061414f,-0.3768654114735973f,0.3590728959674085f,0.38308809401228094f,-0.36805754784535927f,0.9242173656636609f,0.09862070561821686f,-0.6244653039755359f,-0.3689434640006781f,-0.04961527394073544f,-0.9162808033742281f,0.12606481851408805f,0f,0f,0f,1f], start_interpolation: 0, interpolation_duration: 1 }
$data merge entity $(bone_8) { transformation: [-0.9753197111128135f,0.1874422040556935f,0.10821980696905154f,-0.20311596069635432f,0.21622317432416477f,0.8454971437791756f,0.4881480035599667f,-1.6054164000368887f,-1.1944221623596283e-16f,0.49949999999999994f,-0.8651593783806543f,-0.18263007770723755f,0f,0f,0f,1f], start_interpolation: 0, interpolation_duration: 1 }
$data merge entity $(bone_7) { transformation: [-0.9753197111128135f,0.20906461293484893f,0.05601869420181814f,-0.13125f,0.21622317432416477f,0.9430295273800398f,0.25268400030018495f,-1.28125f,-1.1944221623596283e-16f,0.25856022605741824f,-0.9649599004627792f,-0.09375000000000003f,0f,0f,0f,1f], start_interpolation: 0, interpolation_duration: 1 }