# This file was generated by Animated Java via MC-Build. It is not recommended to edit this file directly.
$data merge entity $(bone_layer) { transformation: [-1.0001f,0f,1.224769263827268e-16f,0f,0f,1.0001f,0f,1.46875f,-1.224769263827268e-16f,0f,-1.0001f,0f,0f,0f,0f,1f], start_interpolation: 0, interpolation_duration: 1 }
$data merge entity $(bone_head) { transformation: [-1f,0f,1.2246467991473532e-16f,0f,0f,1f,0f,1.46875f,-1.2246467991473532e-16f,0f,-1f,0f,0f,0f,0f,1f], start_interpolation: 0, interpolation_duration: 1 }
$data merge entity $(bone_10) { transformation: [-0.999f,0f,1.2246467991473535e-16f,4.212255280659912e-20f,0f,1f,0f,1.1232544219417422f,-1.2234221523482057e-16f,0f,-1f,-0.00034395674602608756f,0f,0f,0f,1f], start_interpolation: 0, interpolation_duration: 1 }
$data merge entity $(bone_9) { transformation: [-1f,-1.0673500138322974e-17f,1.2199866483456202e-16f,-3.827021247335479e-18f,0f,0.9961946980917455f,0.08715574274765818f,1.484375f,-1.2246467991473532e-16f,0.08715574274765818f,-0.9961946980917455f,0.03125f,0f,0f,0f,1f], start_interpolation: 0, interpolation_duration: 1 }
$data merge entity $(item_display_item_display) { transformation: [-0.1940068410771817f,0.0945784944412584f,-0.9754061994904883f,-0.34873985235996047f,-0.8373572582139738f,-0.5325688883802794f,0.11490953505158114f,1.0589449924103709f,-0.5091121366964548f,0.8398965933486211f,0.18270069717916126f,0.41759957484965526f,0f,0f,0f,1f], start_interpolation: 0, interpolation_duration: 1 }
$data merge entity $(bone_2) { transformation: [-0.9754062035788764f,0.09634021967088338f,-0.19313803378311958f,-0.42119521468121485f,0.11490951740559623f,0.9885275772782655f,-0.0872354960436165f,1.144345410051072f,0.18270068645042492f,-0.10739083310100908f,-0.9762626020371847f,-0.02293916767923922f,0f,0f,0f,1f], start_interpolation: 0, interpolation_duration: 1 }
$data merge entity $(bone_1) { transformation: [-0.9763825861650415f,0.1285432060694674f,-0.17364817766693622f,-0.375f,0.11502454194754377f,0.9896475546404957f,0.08583165117743455f,1.5f,0.18288357002044536f,0.06383072745527422f,-0.9810602621904055f,-4.592425496802574e-17f,0f,0f,0f,1f], start_interpolation: 0, interpolation_duration: 1 }
$data merge entity $(bone_4) { transformation: [-0.9942512949363566f,-0.019577399478045363f,0.09529998922903979f,0.391357270261998f,-0.04340994902492255f,0.9650244357222406f,-0.25464566515969755f,1.1253569169068032f,-0.08706858700491064f,-0.25757632633580324f,-0.9612879367121592f,4.792744283494015e-17f,0f,0f,0f,1f], start_interpolation: 0, interpolation_duration: 1 }