# This file was generated by Animated Java via MC-Build. It is not recommended to edit this file directly.
$data merge entity $(bone_layer) { transformation: [-1.0001f,0f,1.224769263827268e-16f,0f,0f,1.0001f,0f,1.4687869999999998f,-1.224769263827268e-16f,0f,-1.0001f,0f,0f,0f,0f,1f], start_interpolation: 0, interpolation_duration: 1 }
$data merge entity $(bone_head) { transformation: [-1f,0f,1.2246467991473532e-16f,0f,0f,1f,0f,1.4687869999999998f,-1.2246467991473532e-16f,0f,-1f,0f,0f,0f,0f,1f], start_interpolation: 0, interpolation_duration: 1 }
$data merge entity $(bone_10) { transformation: [-0.999f,0f,1.2246467991473535e-16f,4.2242075148006834e-20f,0f,1.0000000000000002f,0f,1.1232549156567047f,-1.2234221523482057e-16f,0f,-1.0000000000000002f,-0.00034493272000888156f,0f,0f,0f,1f], start_interpolation: 0, interpolation_duration: 1 }
$data merge entity $(bone_9) { transformation: [-1f,-1.0660894753335975e-17f,1.2199976700664994e-16f,-3.822490054178634e-18f,0f,0.9962036980098338f,0.08705281196797726f,1.4843935f,-1.2246467991473532e-16f,0.08705281196797726f,-0.9962036980098338f,0.031213f,0f,0f,0f,1f], start_interpolation: 0, interpolation_duration: 1 }
$data merge entity $(item_display_item_display) { transformation: [-0.19396035523295263f,0.09459683204982325f,-0.9754136660740635f,-0.34872198376652846f,-0.8373579713102753f,-0.5325789040267167f,0.11485790729785077f,1.058938981910476f,-0.5091286757599172f,0.8398881772901909f,0.182693298090308f,0.4175921026231734f,0f,0f,0f,1f], start_interpolation: 0, interpolation_duration: 1 }
$data merge entity $(bone_2) { transformation: [-0.975413670161472f,0.09629217674216865f,-0.19312428319707012f,-0.42117733557247555f,0.11485788965185083f,0.9885342401539727f,-0.0872279842019216f,1.1443435188413817f,0.1826932873612231f,-0.10737258840813324f,-0.97626599347293f,-0.022945843072250085f,0f,0f,0f,1f], start_interpolation: 0, interpolation_duration: 1 }
$data merge entity $(bone_1) { transformation: [-0.9763900602216936f,0.12849345550601893f,-0.17364297334588627f,-0.375f,0.1149728625143652f,0.9896528171370249f,0.08584021445687913f,1.5f,0.18287616352474784f,0.06384930246191316f,-0.9810604341168778f,-4.592425496802574e-17f,0f,0f,0f,1f], start_interpolation: 0, interpolation_duration: 1 }
$data merge entity $(bone_4) { transformation: [-0.9942512949363566f,-0.019587246101174047f,0.09529796591507142f,0.391357270261998f,-0.04340994902492257f,0.9650507414502921f,-0.2545459541063169f,1.1253569169068032f,-0.08706858700491064f,-0.257477001334903f,-0.9613145452663009f,4.792744283494015e-17f,0f,0f,0f,1f], start_interpolation: 0, interpolation_duration: 1 }
$data merge entity $(bone_3) { transformation: [-0.9952465414778344f,-0.043619387365328076f,0.08707278979269396f,0.375f,-0.043453402427349914f,0.9990482215818581f,0.0038016801040229855f,1.5f,-0.0871557427476583f,-5.341834311771754e-18f,-0.9961946980917455f,4.592425496802574e-17f,0f,0f,0f,1f], start_interpolation: 0, interpolation_duration: 1 }