# This file was generated by Animated Java via MC-Build. It is not recommended to edit this file directly.
$data merge entity $(bone_layer) { transformation: [-1.0001f,0f,1.224769263827268e-16f,0f,0f,1.0001f,0f,1.4688326875f,-1.224769263827268e-16f,0f,-1.0001f,0f,0f,0f,0f,1f], start_interpolation: 0, interpolation_duration: 1 }
$data merge entity $(bone_head) { transformation: [-1f,0f,1.2246467991473532e-16f,0f,0f,1f,0f,1.4688326875f,-1.2246467991473532e-16f,0f,-1f,0f,0f,0f,0f,1f], start_interpolation: 0, interpolation_duration: 1 }
$data merge entity $(bone_10) { transformation: [-0.999f,0f,1.2246467991473532e-16f,4.2389089271613665e-20f,0f,0.9999999999999999f,0f,1.1232555302468747f,-1.2234221523482057e-16f,0f,-0.9999999999999999f,-0.0003461331814293457f,0f,0f,0f,1f], start_interpolation: 0, interpolation_duration: 1 }
$data merge entity $(bone_9) { transformation: [-1f,-1.0645329501002474e-17f,1.2200112616871067e-16f,-3.816894949115029e-18f,0f,0.9962147964103006f,0.08692571203725162f,1.48441634375f,-1.2246467991473532e-16f,0.08692571203725162f,-0.9962147964103006f,0.0311673125f,0f,0f,0f,1f], start_interpolation: 0, interpolation_duration: 1 }
$data merge entity $(item_display_item_display) { transformation: [-0.19390295485918696f,0.09461947725422828f,-0.9754228819445506f,-0.3486999185454319f,-0.8373588479149028f,-0.5325912704655112f,0.11479415683108582f,1.058931561261185f,-0.5091490979227038f,0.8398777846496892f,0.18268416170108331f,0.41758287566968616f,0f,0f,0f,1f], start_interpolation: 0, interpolation_duration: 1 }
$data merge entity $(bone_2) { transformation: [-0.9754228860307494f,0.0962328524367598f,-0.19310730571194898f,-0.4211552582398146f,0.11479413918506741f,0.9885424638210686f,-0.08721870688866425f,1.144341184975028f,0.18268415097156807f,-0.10735005977854022f,-0.9762701806617576f,-0.02295408584215031f,0f,0f,0f,1f], start_interpolation: 0, interpolation_duration: 1 }
$data merge entity $(bone_1) { transformation: [-0.9763992853160656f,0.12843202292817976f,-0.17363654892001207f,-0.375f,0.11490904823330071f,0.9896593113738351f,0.08585078942667684f,1.5f,0.18286701798955762f,0.06387223886511378f,-0.9810606458491568f,-4.592425496802574e-17f,0f,0f,0f,1f], start_interpolation: 0, interpolation_duration: 1 }
$data merge entity $(bone_4) { transformation: [-0.9942512949363566f,-0.019599404396269865f,0.09529546612871752f,0.391357270261998f,-0.04340994902492257f,0.9650832094769916f,-0.2544228274177517f,1.1253569169068032f,-0.08706858700491064f,-0.2573543512997224f,-0.9613473872768716f,4.792744283494015e-17f,0f,0f,0f,1f], start_interpolation: 0, interpolation_duration: 1 }