# This file was generated by Animated Java via MC-Build. It is not recommended to edit this file directly.
$data merge entity $(bone_layer) { transformation: [-1.0001f,0f,1.224769263827268e-16f,0f,0f,1.0001f,0f,1.4691879375f,-1.224769263827268e-16f,0f,-1.0001f,0f,0f,0f,0f,1f], start_interpolation: 0, interpolation_duration: 1 }
$data merge entity $(bone_head) { transformation: [-1f,0f,1.2246467991473532e-16f,0f,0f,1f,0f,1.4691879375f,-1.2246467991473532e-16f,0f,-1f,0f,0f,0f,0f,1f], start_interpolation: 0, interpolation_duration: 1 }
$data merge entity $(bone_10) { transformation: [-0.999f,0f,1.2246467991473535e-16f,4.351067237781906e-20f,0f,1f,0f,1.1232604959031998f,-1.2234221523482057e-16f,0f,-1f,-0.0003552916025103131f,0f,0f,0f,1f], start_interpolation: 0, interpolation_duration: 1 }
$data merge entity $(bone_9) { transformation: [-1f,-1.052429365741159e-17f,1.2201162678052919e-16f,-3.77338937157532e-18f,0f,0.996300540412782f,0.08593737937125229f,1.48459396875f,-1.2246467991473532e-16f,0.08593737937125229f,-0.996300540412782f,0.0308120625f,0f,0f,0f,1f], start_interpolation: 0, interpolation_duration: 1 }
$data merge entity $(item_display_item_display) { transformation: [-0.19345663802760096f,0.09479563288983818f,-0.9754943962873764f,-0.3485283045087285f,-0.837365516112294f,-0.532687395323665f,0.11429843082598154f,1.058873902370157f,-0.5093078849075966f,0.8397969557269812f,0.1826131197987858f,0.4175111199911458f,0f,0f,0f,1f], start_interpolation: 0, interpolation_duration: 1 }
$data merge entity $(bone_2) { transformation: [-0.9754944003641699f,0.09577152872993541f,-0.19297535890076684f,-0.42098358293657206f,0.1142984131798226f,0.9886062711554676f,-0.08714650524637613f,1.144323090219301f,0.18261310906592437f,-0.10717488006437545f,-0.9763027181568551f,-0.0230181792105252f,0f,0f,0f,1f], start_interpolation: 0, interpolation_duration: 1 }
$data merge entity $(bone_1) { transformation: [-0.9764708712354053f,0.1279543177365484f,-0.17358666481427354f,-0.375f,0.11441282600582843f,0.989709661998467f,0.08593305645815401f,1.5f,0.18279590497089526f,0.0640505856292874f,-0.9810622710136278f,-4.592425496802574e-17f,0f,0f,0f,1f], start_interpolation: 0, interpolation_duration: 1 }
$data merge entity $(bone_4) { transformation: [-0.9942512949363566f,-0.019693932141040482f,0.09527597574521172f,0.39135727026199807f,-0.04340994902492265f,0.9653351334717695f,-0.2534652962649815f,1.1253569169068032f,-0.08706858700491064f,-0.2564005248080926f,-0.9616022213135238f,4.7927442834940154e-17f,0f,0f,0f,1f], start_interpolation: 0, interpolation_duration: 1 }
$data merge entity $(bone_3) { transformation: [-0.9952465414778344f,-0.04361938736532816f,0.08707278979269396f,0.375f,-0.04345340242735f,0.9990482215818581f,0.0038016801040229916f,1.5f,-0.0871557427476583f,-5.341834311771765e-18f,-0.9961946980917455f,4.592425496802574e-17f,0f,0f,0f,1f], start_interpolation: 0, interpolation_duration: 1 }