# This file was generated by Animated Java via MC-Build. It is not recommended to edit this file directly.
$data merge entity $(bone_layer) { transformation: [-1.0001f,0f,1.224769263827268e-16f,0f,0f,1.0001f,0f,1.469625f,-1.224769263827268e-16f,0f,-1.0001f,0f,0f,0f,0f,1f], start_interpolation: 0, interpolation_duration: 1 }
$data merge entity $(bone_head) { transformation: [-1f,0f,1.2246467991473532e-16f,0f,0f,1f,0f,1.469625f,-1.2246467991473532e-16f,0f,-1f,0f,0f,0f,0f,1f], start_interpolation: 0, interpolation_duration: 1 }
$data merge entity $(bone_10) { transformation: [-0.999f,-1.5407439555097887e-33f,1.224646799147353e-16f,4.4838206254040664e-20f,0f,1f,0f,1.1232670598138594f,-1.2234221523482057e-16f,0f,-1f,-0.0003661317392513429f,0f,0f,0f,1f], start_interpolation: 0, interpolation_duration: 1 }
$data merge entity $(bone_9) { transformation: [-1f,-1.03753695980822e-17f,1.2202438089300746e-16f,-3.7198646524100856e-18f,0f,0.9964046856445924f,0.08472132214207342f,1.4848124999999999f,-1.2246467991473532e-16f,0.08472132214207342f,-0.9964046856445924f,0.030375f,0f,0f,0f,1f], start_interpolation: 0, interpolation_duration: 1 }
$data merge entity $(item_display_item_display) { transformation: [-0.1929075569449809f,0.09501253739583931f,-0.9755820274129303f,-0.3483170649729586f,-0.8373733602118902f,-0.5328055788013543f,0.11368848141127615f,1.05880306581265f,-0.5095032189112909f,0.8396974651240521f,0.1825257159505885f,0.4174228146982422f,0f,0f,0f,1f], start_interpolation: 0, interpolation_duration: 1 }
$data merge entity $(bone_2) { transformation: [-0.9755820314781527f,0.0952038703204513f,-0.19281318142950543f,-0.4207723480583108f,0.1136884637649519f,0.9886844398306497f,-0.08705751916703887f,1.1443009561559017f,0.1825257052136107f,-0.10695934513992134f,-0.9763426987607953f,-0.023097034152095863f,0f,0f,0f,1f], start_interpolation: 0, interpolation_duration: 1 }
$data merge entity $(bone_1) { transformation: [-0.9765585900682209f,0.1273665337274736f,-0.17352546282957093f,-0.375f,0.11380226603098288f,0.9897712524357518f,0.08603436579632973f,1.5f,0.18270841362723794f,0.06427000807539705f,-0.981064218923413f,-4.592425496802574e-17f,0f,0f,0f,1f], start_interpolation: 0, interpolation_duration: 1 }
$data merge entity $(bone_4) { transformation: [-0.9942512949363566f,-0.019810202605394667f,0.09525186817124011f,0.3913572702619981f,-0.043409949024922775f,0.9656437710042461f,-0.25228690779815044f,1.1253569169068032f,-0.08706858700491064f,-0.2552266902058483f,-0.9619144440975695f,4.792744283494016e-17f,0f,0f,0f,1f], start_interpolation: 0, interpolation_duration: 1 }
$data merge entity $(bone_3) { transformation: [-0.9952465414778344f,-0.043619387365328284f,0.08707278979269396f,0.375f,-0.04345340242735012f,0.9990482215818581f,0.003801680104023003f,1.5f,-0.0871557427476583f,-5.341834311771779e-18f,-0.9961946980917455f,4.592425496802574e-17f,0f,0f,0f,1f], start_interpolation: 0, interpolation_duration: 1 }