# This file was generated by Animated Java via MC-Build. It is not recommended to edit this file directly.
$data merge entity $(bone_layer) { transformation: [-1.0001f,0f,1.224769263827268e-16f,0f,0f,1.0001f,0f,1.4698011874999999f,-1.224769263827268e-16f,0f,-1.0001f,0f,0f,0f,0f,1f], start_interpolation: 0, interpolation_duration: 1 }
$data merge entity $(bone_head) { transformation: [-1f,0f,1.2246467991473532e-16f,0f,0f,1f,0f,1.4698011874999999f,-1.2246467991473532e-16f,0f,-1f,0f,0f,0f,0f,1f], start_interpolation: 0, interpolation_duration: 1 }
$data merge entity $(bone_10) { transformation: [-0.999f,1.5407439555097887e-33f,1.2246467991473532e-16f,4.5357041095816676e-20f,0f,1f,0f,1.1232698478826801f,-1.2234221523482057e-16f,0f,-1f,-0.0003703683472442501f,0f,0f,0f,1f], start_interpolation: 0, interpolation_duration: 1 }
$data merge entity $(bone_9) { transformation: [-1f,-1.0315331334539405e-17f,1.2202947089157294e-16f,-3.6982879066176084e-18f,0f,0.9964462486370324f,0.08423107251593961f,1.48490059375f,-1.2246467991473532e-16f,0.08423107251593961f,-0.9964462486370324f,0.0301988125f,0f,0f,0f,1f], start_interpolation: 0, interpolation_duration: 1 }
$data merge entity $(item_display_item_display) { transformation: [-0.1926862192774f,0.0951000318489274f,-0.975617243002047f,-0.34823187834463265f,-0.8373764100590266f,-0.5328531960760133f,0.1134425815478254f,1.0587745418789f,-0.5095819549172034f,0.8396573440242818f,0.18249048152944983f,0.4173872096236855f,0f,0f,0f,1f], start_interpolation: 0, interpolation_duration: 1 }
$data merge entity $(bone_2) { transformation: [-0.975617247062605f,0.0949750080936627f,-0.19274785361085806f,-0.4206871882876752f,0.11344256390143688f,0.9887158469931185f,-0.08702159846927894f,1.1442920734227304f,0.1824904707908128f,-0.10687245548918908f,-0.9763587999952982f,-0.023128822310406163f,0f,0f,0f,1f], start_interpolation: 0, interpolation_duration: 1 }
$data merge entity $(bone_1) { transformation: [-0.9765938409035085f,0.1271295674091832f,-0.17350084437744612f,-0.375f,0.11355612002145833f,0.9897959696063152f,0.08607523544415353f,1.5f,0.18267314393474754f,0.06435846208113007f,-0.981064988083637f,-4.592425496802574e-17f,0f,0f,0f,1f], start_interpolation: 0, interpolation_duration: 1 }
$data merge entity $(bone_4) { transformation: [-0.9942512949363566f,-0.01985706491702233f,0.09524210985829352f,0.3913572702619981f,-0.04340994902492282f,0.965767781378182f,-0.25181177251573794f,1.1253569169068032f,-0.08706858700491064f,-0.25475338942739373f,-0.9620399013202223f,4.792744283494016e-17f,0f,0f,0f,1f], start_interpolation: 0, interpolation_duration: 1 }
$data merge entity $(bone_3) { transformation: [-0.9952465414778344f,-0.043619387365328326f,0.08707278979269396f,0.375f,-0.043453402427350164f,0.9990482215818581f,0.0038016801040230063f,1.5f,-0.0871557427476583f,-5.341834311771785e-18f,-0.9961946980917455f,4.592425496802574e-17f,0f,0f,0f,1f], start_interpolation: 0, interpolation_duration: 1 }