# This file was generated by Animated Java via MC-Build. It is not recommended to edit this file directly.
$data merge entity $(bone_layer) { transformation: [-1.0001f,0f,1.224769263827268e-16f,0f,0f,1.0001f,0f,1.469992f,-1.224769263827268e-16f,0f,-1.0001f,0f,0f,0f,0f,1f], start_interpolation: 0, interpolation_duration: 1 }
$data merge entity $(bone_head) { transformation: [-1f,0f,1.2246467991473532e-16f,0f,0f,1f,0f,1.469992f,-1.2246467991473532e-16f,0f,-1f,0f,0f,0f,0f,1f], start_interpolation: 0, interpolation_duration: 1 }
$data merge entity $(bone_10) { transformation: [-0.999f,0f,1.2246467991473532e-16f,4.590837600163017e-20f,0f,1f,0f,1.1232729595391524f,-1.2234221523482057e-16f,0f,-1f,-0.00037487033839955775f,0f,0f,0f,1f], start_interpolation: 0, interpolation_duration: 1 }
$data merge entity $(bone_9) { transformation: [-1f,-1.0250306589157282e-17f,1.2203495008171576e-16f,-3.674920114881378e-18f,0f,0.9964909896198744f,0.0837001051755816f,1.484996f,-1.2246467991473532e-16f,0.0837001051755816f,-0.9964909896198744f,0.030008000000000003f,0f,0f,0f,1f], start_interpolation: 0, interpolation_duration: 1 }
$data merge entity $(item_display_item_display) { transformation: [-0.19244651300747856f,0.09519482565370495f,-0.9756553104452532f,-0.3481395996066345f,-0.8373796403198239f,-0.5329047500418604f,0.11317625793718963f,1.0587436706663347f,-0.5096672224197913f,0.8396138830150343f,0.18245232209898507f,0.4173486440642468f,0f,0f,0f,1f], start_interpolation: 0, interpolation_duration: 1 }
$data merge entity $(bone_2) { transformation: [-0.9756553145007598f,0.09472712951103779f,-0.19267713466060915f,-0.4205949548317713f,0.11317624029073305f,0.9887497937927797f,-0.08698266441303124f,1.144282479209731f,0.18245231135855117f,-0.10677835084573478f,-0.976376227624673f,-0.023163249377264508f,0f,0f,0f,1f], start_interpolation: 0, interpolation_duration: 1 }
$data merge entity $(bone_1) { transformation: [-0.9766319464472071f,0.12687291779275484f,-0.17347421684357772f,-0.375f,0.1132895298205536f,0.9898226665468354f,0.08611951708614325f,1.5f,0.18263494630485602f,0.0644542591367359f,-0.9810658106709034f,-4.592425496802574e-17f,0f,0f,0f,1f], start_interpolation: 0, interpolation_duration: 1 }
$data merge entity $(bone_4) { transformation: [-0.9942512949363566f,-0.01990781176059285f,0.09523151552024622f,0.3913572702619981f,-0.04340994902492286f,0.9659018219239096f,-0.25129712837540724f,1.1253569169068032f,-0.08706858700491064f,-0.25424073126660307f,-0.962175509832791f,4.792744283494016e-17f,0f,0f,0f,1f], start_interpolation: 0, interpolation_duration: 1 }
$data merge entity $(bone_3) { transformation: [-0.9952465414778344f,-0.04361938736532837f,0.08707278979269396f,0.375f,-0.043453402427350206f,0.9990482215818581f,0.00380168010402301f,1.5f,-0.0871557427476583f,-5.3418343117717896e-18f,-0.9961946980917455f,4.592425496802574e-17f,0f,0f,0f,1f], start_interpolation: 0, interpolation_duration: 1 }