# This file was generated by Animated Java via MC-Build. It is not recommended to edit this file directly.
$data merge entity $(bone_layer) { transformation: [-1.0001f,0f,1.224769263827268e-16f,0f,0f,1.0001f,0f,1.470894f,-1.224769263827268e-16f,0f,-1.0001f,0f,0f,0f,0f,1f], start_interpolation: 0, interpolation_duration: 1 }
$data merge entity $(bone_head) { transformation: [-1f,0f,1.2246467991473532e-16f,0f,0f,1f,0f,1.470894f,-1.2246467991473532e-16f,0f,-1f,0f,0f,0f,0f,1f], start_interpolation: 0, interpolation_duration: 1 }
$data merge entity $(bone_10) { transformation: [-0.999f,0f,1.2246467991473532e-16f,4.836605439689298e-20f,0f,1.0000000000000002f,0f,1.1232889680755977f,-1.2234221523482057e-16f,0f,-1.0000000000000002f,-0.00039493880546266624f,0f,0f,0f,1f], start_interpolation: 0, interpolation_duration: 1 }
$data merge entity $(bone_9) { transformation: [-1f,-9.942885543044043e-18f,1.2206038199881444e-16f,-3.564456973598287e-18f,0f,0.996698656982549f,0.08118982183243909f,1.485447f,-1.2246467991473532e-16f,0.08118982183243909f,-0.996698656982549f,0.029106000000000003f,0f,0f,0f,1f], start_interpolation: 0, interpolation_duration: 1 }
$data merge entity $(item_display_item_display) { transformation: [-0.1913134449623612f,0.0956434456260011f,-0.9758342569747281f,-0.3477030894573491f,-0.8373938862753841f,-0.53314822876067f,0.11191713630168457f,1.0585980257422942f,-0.5100702353649376f,0.8394083020069238f,0.18227193288219273f,0.4171662687524046f,0f,0f,0f,1f], start_interpolation: 0, interpolation_duration: 1 }
$data merge entity $(bone_2) { transformation: [-0.9758342610063572f,0.09355510365425804f,-0.19234328068954623f,-0.42015888680224334f,0.11191711865492777f,0.9889093163009539f,-0.08679817213028543f,1.1442374899729135f,0.18227192213326596f,-0.10633346939426397f,-0.9764584679792703f,-0.023325994662809185f,0f,0f,0f,1f], start_interpolation: 0, interpolation_duration: 1 }
$data merge entity $(bone_1) { transformation: [-0.9768110720784356f,0.12565951110189455f,-0.17334882963149728f,-0.375f,0.1120291478027305f,0.9899478539884145f,0.08632911690922662f,1.5f,0.18245437650977572f,0.06490711558346891f,-0.9810695524982228f,-4.592425496802574e-17f,0f,0f,0f,1f], start_interpolation: 0, interpolation_duration: 1 }
$data merge entity $(bone_4) { transformation: [-0.9942512949363564f,-0.020147623129666642f,0.09518106849370331f,0.39135727026199824f,-0.04340994902492311f,0.9665317391787729f,-0.24886336308446533f,1.1253569169068032f,-0.08706858700491064f,-0.2518163426830788f,-0.9628128534220379f,4.792744283494017e-17f,0f,0f,0f,1f], start_interpolation: 0, interpolation_duration: 1 }
$data merge entity $(bone_3) { transformation: [-0.9952465414778343f,-0.04361938736532862f,0.08707278979269396f,0.375f,-0.043453402427350456f,0.9990482215818581f,0.0038016801040230315f,1.5f,-0.0871557427476583f,-5.3418343117718204e-18f,-0.9961946980917455f,4.592425496802574e-17f,0f,0f,0f,1f], start_interpolation: 0, interpolation_duration: 1 }