# This file was generated by Animated Java via MC-Build. It is not recommended to edit this file directly.
$data merge entity $(bone_layer) { transformation: [-1.0001f,0f,1.224769263827268e-16f,0f,0f,1.0001f,0f,1.4711523125000001f,-1.224769263827268e-16f,0f,-1.0001f,0f,0f,0f,0f,1f], start_interpolation: 0, interpolation_duration: 1 }
$data merge entity $(bone_head) { transformation: [-1f,0f,1.2246467991473532e-16f,0f,0f,1f,0f,1.4711523125000001f,-1.2246467991473532e-16f,0f,-1f,0f,0f,0f,0f,1f], start_interpolation: 0, interpolation_duration: 1 }
$data merge entity $(bone_10) { transformation: [-0.999f,-1.5407439555097887e-33f,1.2246467991473532e-16f,4.902476292807606e-20f,0f,1f,0f,1.1232939482941708f,-1.2234221523482057e-16f,0f,-1f,-0.0004003175688060308f,0f,0f,0f,1f], start_interpolation: 0, interpolation_duration: 1 }
$data merge entity $(bone_9) { transformation: [-1f,-9.854835368880128e-18f,1.2206752248846065e-16f,-3.532822815967812e-18f,0f,0.9967569635053046f,0.08047083759775837f,1.48557615625f,-1.2246467991473532e-16f,0.08047083759775837f,-0.9967569635053046f,0.028847687500000004f,0f,0f,0f,1f], start_interpolation: 0, interpolation_duration: 1 }
$data merge entity $(item_display_item_display) { transformation: [-0.1909889783658213f,0.09577207689248808f,-0.9758851978744629f,-0.34757799331379685f,-0.8373976546459299f,-0.533217887054398f,0.11155650101513462f,1.0585564040010345f,-0.5101856310562617f,0.8393493874501506f,0.18222027233757843f,0.4171140192913457f,0f,0f,0f,1f], start_interpolation: 0, interpolation_duration: 1 }
$data merge entity $(bone_2) { transformation: [-0.9758852018992543f,0.09321938124162672f,-0.19224780798485083f,-0.42003398665196573f,0.1115564833682984f,0.9889547112267166f,-0.08674520252428936f,1.1442247167999975f,0.18222026158621984f,-0.10620605492818982f,-0.9764819763641517f,-0.023372602233994375f,0f,0f,0f,1f], start_interpolation: 0, interpolation_duration: 1 }
$data merge entity $(bone_1) { transformation: [-0.9768620639632175f,0.12531196285764373f,-0.17331306919643252f,-0.375f,0.11166815151981822f,0.989983396730442f,0.08638922464175212f,1.5f,0.1824026642504703f,0.06503680621633205f,-0.9810705794750495f,-4.592425496802574e-17f,0f,0f,0f,1f], start_interpolation: 0, interpolation_duration: 1 }
$data merge entity $(bone_4) { transformation: [-0.9942512949363564f,-0.02021627622978786f,0.09516651035305979f,0.39135727026199824f,-0.04340994902492315f,0.9667110039397021f,-0.24816609596709002f,1.1253569169068032f,-0.08706858700491064f,-0.2511217573952808f,-0.9629942492661491f,4.792744283494018e-17f,0f,0f,0f,1f], start_interpolation: 0, interpolation_duration: 1 }
$data merge entity $(bone_3) { transformation: [-0.9952465414778343f,-0.04361938736532866f,0.08707278979269396f,0.375f,-0.0434534024273505f,0.9990482215818581f,0.003801680104023035f,1.5f,-0.0871557427476583f,-5.341834311771825e-18f,-0.9961946980917455f,4.592425496802574e-17f,0f,0f,0f,1f], start_interpolation: 0, interpolation_duration: 1 }