# This file was generated by Animated Java via MC-Build. It is not recommended to edit this file directly.
$data merge entity $(bone_layer) { transformation: [-1.0001f,0f,1.224769263827268e-16f,0f,0f,1.0001f,0f,1.4714230000000001f,-1.224769263827268e-16f,0f,-1.0001f,0f,0f,0f,0f,1f], start_interpolation: 0, interpolation_duration: 1 }
$data merge entity $(bone_head) { transformation: [-1f,0f,1.2246467991473532e-16f,0f,0f,1f,0f,1.4714230000000001f,-1.2246467991473532e-16f,0f,-1f,0f,0f,0f,0f,1f], start_interpolation: 0, interpolation_duration: 1 }
$data merge entity $(bone_10) { transformation: [-0.999f,0f,1.2246467991473532e-16f,4.9693504121663327e-20f,0f,0.9999999999999999f,0f,1.1232993565041474f,-1.2234221523482057e-16f,0f,-0.9999999999999999f,-0.00040577825505494144f,0f,0f,0f,1f], start_interpolation: 0, interpolation_duration: 1 }
$data merge entity $(bone_9) { transformation: [-1f,-9.762561465726618e-18f,1.2207493690453616e-16f,-3.4996731579233905e-18f,0f,0.9968175068071014f,0.0797173639985316f,1.4857114999999999f,-1.2246467991473532e-16f,0.0797173639985316f,-0.9968175068071014f,0.028576999999999995f,0f,0f,0f,1f], start_interpolation: 0, interpolation_duration: 1 }
$data merge entity $(item_display_item_display) { transformation: [-0.19064897652817314f,0.09590694531577293f,-0.9759384332984112f,-0.3474468614633589f,-0.8374014548037678f,-0.5332908496427076f,0.11117856439032121f,1.0585128302286608f,-0.5103065463437575f,0.8392876309868728f,0.18216613634578177f,0.41705925654833587f,0f,0f,0f,1f], start_interpolation: 0, interpolation_duration: 1 }
$data merge entity $(bone_2) { transformation: [-0.9759384373160376f,0.09286753695304636f,-0.19214782629372848f,-0.4199030933477343f,0.11117854674340492f,0.9890021428978358f,-0.08668963079580513f,1.1442113846177255f,0.18216612559187512f,-0.10607253142903228f,-0.976506590230236f,-0.023421443106021445f,0f,0f,0f,1f], start_interpolation: 0, interpolation_duration: 1 }
$data merge entity $(bone_1) { transformation: [-0.9769153526687063f,0.1249477380110867f,-0.17327566616836237f,-0.375f,0.11128983657998491f,0.9900204949767639f,0.08645225156098446f,1.5f,0.18234847406594107f,0.06517271125153781f,-0.9810716343437652f,-4.592425496802574e-17f,0f,0f,0f,1f], start_interpolation: 0, interpolation_duration: 1 }
$data merge entity $(bone_4) { transformation: [-0.9942512949363564f,-0.020288207012203026f,0.09515120164037932f,0.3913572702619983f,-0.04340994902492325f,0.9668983170111771f,-0.2474352862600782f,1.1253569169068032f,-0.08706858700491064f,-0.2503937563462461f,-0.9631837975899434f,4.792744283494018e-17f,0f,0f,0f,1f], start_interpolation: 0, interpolation_duration: 1 }
$data merge entity $(bone_3) { transformation: [-0.9952465414778343f,-0.043619387365328756f,0.08707278979269396f,0.375f,-0.043453402427350594f,0.9990482215818581f,0.0038016801040230436f,1.5f,-0.0871557427476583f,-5.341834311771837e-18f,-0.9961946980917455f,4.592425496802574e-17f,0f,0f,0f,1f], start_interpolation: 0, interpolation_duration: 1 }