# This file was generated by Animated Java via MC-Build. It is not recommended to edit this file directly.
$data merge entity $(bone_layer) { transformation: [-1.0001f,0f,1.224769263827268e-16f,0f,0f,1.0001f,0f,1.4723055624999999f,-1.224769263827268e-16f,0f,-1.0001f,0f,0f,0f,0f,1f], start_interpolation: 0, interpolation_duration: 1 }
$data merge entity $(bone_head) { transformation: [-1f,0f,1.2246467991473532e-16f,0f,0f,1f,0f,1.4723055624999999f,-1.2246467991473532e-16f,0f,-1f,0f,0f,0f,0f,1f], start_interpolation: 0, interpolation_duration: 1 }
$data merge entity $(bone_10) { transformation: [-0.999f,0f,1.2246467991473535e-16f,5.172111674406312e-20f,0f,1f,0f,1.1233183383495213f,-1.2234221523482057e-16f,0f,-1f,-0.00042233496858093064f,0f,0f,0f,1f], start_interpolation: 0, interpolation_duration: 1 }
$data merge entity $(bone_9) { transformation: [-1f,-9.461668741446627e-18f,1.2209862673775536e-16f,-3.391590423856143e-18f,0f,0.9970109489753713f,0.07726038844860583f,1.48615278125f,-1.2246467991473532e-16f,0.07726038844860583f,-0.9970109489753713f,0.027694437500000002f,0f,0f,0f,1f], start_interpolation: 0, interpolation_duration: 1 }
$data merge entity $(item_display_item_display) { transformation: [-0.189540483166514f,0.09634720844187791f,-0.9761109673938009f,-0.3470190094559143f,-0.8374127877823323f,-0.5335285063648338f,0.1099461493401781f,1.0583710587268857f,-0.510700722634722f,0.8390861387971842f,0.18198962492077864f,0.41688063325937474f,0f,0f,0f,1f], start_interpolation: 0, interpolation_duration: 1 }
$data merge entity $(bone_2) { transformation: [-0.9761109713880676f,0.09172009482921135f,-0.19182230251032723f,-0.41947625495053104f,0.10994613169302299f,0.9891558101794062f,-0.08650798410587922f,1.1441682919529894f,0.18198961415856532f,-0.10563714968155413f,-0.9765866950484086f,-0.023580689534498253f,0f,0f,0f,1f], start_interpolation: 0, interpolation_duration: 1 }
$data merge entity $(bone_1) { transformation: [-0.9770880594475151f,0.12376001377539064f,-0.17315421760790073f,-0.375f,0.11005618788090389f,0.9901404050003774f,0.08665802844983309f,1.5f,0.18217178594450983f,0.06561583174816893f,-0.981074922230603f,-4.592425496802574e-17f,0f,0f,0f,1f], start_interpolation: 0, interpolation_duration: 1 }
$data merge entity $(bone_4) { transformation: [-0.9942512949363566f,-0.020522652852948114f,0.0951009108119135f,0.39135727026199835f,-0.043409949024923435f,0.9675052037701676f,-0.24505153948363603f,1.1253569169068032f,-0.08706858700491066f,-0.24801915530362542f,-0.9637979870073627f,4.792744283494019e-17f,0f,0f,0f,1f], start_interpolation: 0, interpolation_duration: 1 }
$data merge entity $(bone_3) { transformation: [-0.9952465414778344f,-0.04361938736532896f,0.08707278979269395f,0.375f,-0.04345340242735079f,0.999048221581858f,0.0038016801040230614f,1.5f,-0.08715574274765832f,-5.3418343117718604e-18f,-0.9961946980917455f,4.592425496802574e-17f,0f,0f,0f,1f], start_interpolation: 0, interpolation_duration: 1 }