# This file was generated by Animated Java via MC-Build. It is not recommended to edit this file directly.
$data merge entity $(bone_layer) { transformation: [-1.0001f,0f,1.224769263827268e-16f,0f,0f,1.0001f,0f,1.4726219999999999f,-1.224769263827268e-16f,0f,-1.0001f,0f,0f,0f,0f,1f], start_interpolation: 0, interpolation_duration: 1 }
$data merge entity $(bone_head) { transformation: [-1f,0f,1.2246467991473532e-16f,0f,0f,1f,0f,1.4726219999999999f,-1.2246467991473532e-16f,0f,-1f,0f,0f,0f,0f,1f], start_interpolation: 0, interpolation_duration: 1 }
$data merge entity $(bone_10) { transformation: [-0.999f,0f,1.2246467991473532e-16f,5.2391233990764963e-20f,0f,1f,0f,1.1233256478374485f,-1.2234221523482057e-16f,0f,-1f,-0.00042780689115622106f,0f,0f,0f,1f], start_interpolation: 0, interpolation_duration: 1 }
$data merge entity $(bone_9) { transformation: [-1f,-9.353771364433527e-18f,1.2210693996608252e-16f,-3.3528380067056235e-18f,0f,0.9970788316361756f,0.07637933950381438f,1.4863110000000002f,-1.2246467991473532e-16f,0.07637933950381438f,-0.9970788316361756f,0.027378f,0f,0f,0f,1f], start_interpolation: 0, interpolation_duration: 1 }
$data merge entity $(item_display_item_display) { transformation: [-0.18914306405743048f,0.09650526030460715f,-0.9761724417604233f,-0.3468654926383804f,-0.8374164570620909f,-0.5336136292869456f,0.10950421033362219f,1.058320338823172f,-0.510842029164146f,0.8390138433737282f,0.18192633637465253f,0.4168165620351699f,0f,0f,0f,1f], start_interpolation: 0, interpolation_duration: 1 }
$data merge entity $(bone_2) { transformation: [-0.9761724457463149f,0.09130858517268403f,-0.19170576005801304f,-0.4193231895171756f,0.10950419268638975f,0.9892105407590767f,-0.08644268526160626f,1.1441529816161038f,0.18192632560946143f,-0.10548103301019476f,-0.9766153611966905f,-0.023637787614656507f,0f,0f,0f,1f], start_interpolation: 0, interpolation_duration: 1 }
$data merge entity $(bone_1) { transformation: [-0.9771495953416566f,0.12333409256953208f,-0.17311086024188893f,-0.375f,0.10961380649288263f,0.9901830076769285f,0.08673191300791633f,1.5f,0.18210843404350494f,0.06577471336252233f,-0.981076044622587f,-4.592425496802574e-17f,0f,0f,0f,1f], start_interpolation: 0, interpolation_duration: 1 }
$data merge entity $(bone_4) { transformation: [-0.9942512949363566f,-0.020606681719295653f,0.09508273863271818f,0.3913572702619984f,-0.04340994902492352f,0.967721368293664f,-0.24419649807786423f,1.1253569169068032f,-0.08706858700491066f,-0.24716738865869514f,-0.9640167753419076f,4.776481250906737e-17f,0f,0f,0f,1f], start_interpolation: 0, interpolation_duration: 1 }
$data merge entity $(bone_3) { transformation: [-0.9952465414778344f,-0.04361938736532907f,0.08707278979269395f,0.375f,-0.04345340242735087f,0.999048221581858f,0.00380168010402307f,1.5f,-0.08715574274765832f,-4.9081534427776725e-18f,-0.9961946980917455f,4.592425496802574e-17f,0f,0f,0f,1f], start_interpolation: 0, interpolation_duration: 1 }