# This file was generated by Animated Java via MC-Build. It is not recommended to edit this file directly.
$data merge entity $(bone_layer) { transformation: [-1.0001f,0f,1.224769263827268e-16f,0f,0f,1.0001f,0f,1.4729489375f,-1.224769263827268e-16f,0f,-1.0001f,0f,0f,0f,0f,1f], start_interpolation: 0, interpolation_duration: 1 }
$data merge entity $(bone_head) { transformation: [-1f,0f,1.2246467991473532e-16f,0f,0f,1f,0f,1.4729489375f,-1.2246467991473532e-16f,0f,-1f,0f,0f,0f,0f,1f], start_interpolation: 0, interpolation_duration: 1 }
$data merge entity $(bone_10) { transformation: [-0.999f,0f,1.2246467991473532e-16f,5.3052104793814597e-20f,0f,1f,0f,1.1233334796286636f,-1.2234221523482057e-16f,0f,-1f,-0.00043320331078929367f,0f,0f,0f,1f], start_interpolation: 0, interpolation_duration: 1 }
$data merge entity $(bone_9) { transformation: [-1f,-9.242286076065124e-18f,1.2211542889703476e-16f,-3.3127997104159997e-18f,0f,0.9971481490177925f,0.07546899303946218f,1.48647446875f,-1.2246467991473532e-16f,0.07546899303946218f,-0.9971481490177925f,0.0270510625f,0f,0f,0f,1f], start_interpolation: 0, interpolation_duration: 1 }
$data merge entity $(item_display_item_display) { transformation: [-0.18873247163280163f,0.09666866646990369f,-0.9762357415472477f,-0.3467068192096229f,-0.8374200296190192f,-0.533701528113928f,0.10904757164531267f,1.0582679977892255f,-0.5109880117422079f,0.8389391204442603f,0.1818609470006035f,0.4167503498885161f,0f,0f,0f,1f], start_interpolation: 0, interpolation_duration: 1 }
$data merge entity $(bone_2) { transformation: [-0.9762357455244868f,0.09088336492935344f,-0.19158544605310596f,-0.4191650312416876f,0.10904755399800495f,0.9892668844669368f,-0.08637512526261484f,1.1441372410451986f,0.18186093623233604f,-0.10531972880803571f,-0.9766449480729933f,-0.023696780994422965f,0f,0f,0f,1f], start_interpolation: 0, interpolation_duration: 1 }
$data merge entity $(bone_1) { transformation: [-0.9772129584829697f,0.12289399997686978f,-0.17306616810528536f,-0.375f,0.10915671070871366f,0.990226807526404f,0.08680830699489646f,1.5f,0.18204297921154758f,0.06593886885404639f,-0.9810771729553353f,-4.592425496802574e-17f,0f,0f,0f,1f], start_interpolation: 0, interpolation_duration: 1 }
$data merge entity $(bone_4) { transformation: [-0.9942512949363566f,-0.02069348192240819f,0.09506388548394772f,0.3913572702619984f,-0.0434099490249236f,0.967943911889288f,-0.24331288449672314f,1.1253569169068032f,-0.08706858700491066f,-0.24628715606460108f,-0.964242032849937f,4.79274428349402e-17f,0f,0f,0f,1f], start_interpolation: 0, interpolation_duration: 1 }
$data merge entity $(bone_3) { transformation: [-0.9952465414778344f,-0.04361938736532915f,0.08707278979269395f,0.375f,-0.043453402427350955f,0.999048221581858f,0.003801680104023077f,1.5f,-0.08715574274765832f,-5.341834311771885e-18f,-0.9961946980917455f,4.592425496802574e-17f,0f,0f,0f,1f], start_interpolation: 0, interpolation_duration: 1 }