# This file was generated by Animated Java via MC-Build. It is not recommended to edit this file directly.
$data merge entity $(bone_layer) { transformation: [-1.0001f,0f,1.224769263827268e-16f,0f,0f,1.0001f,0f,1.4732859999999999f,-1.224769263827268e-16f,0f,-1.0001f,0f,0f,0f,0f,1f], start_interpolation: 0, interpolation_duration: 1 }
$data merge entity $(bone_head) { transformation: [-1f,0f,1.2246467991473532e-16f,0f,0f,1f,0f,1.4732859999999999f,-1.2246467991473532e-16f,0f,-1f,0f,0f,0f,0f,1f], start_interpolation: 0, interpolation_duration: 1 }
$data merge entity $(bone_10) { transformation: [-0.999f,0f,1.2246467991473532e-16f,5.3699976791887766e-20f,0f,0.9999999999999999f,0f,1.123341851998289f,-1.2234221523482057e-16f,0f,-0.9999999999999999f,-0.00043849358712468034f,0f,0f,0f,1f], start_interpolation: 0, interpolation_duration: 1 }
$data merge entity $(bone_9) { transformation: [-1f,-9.127340110723396e-18f,1.221240741587086e-16f,-3.2715214592422396e-18f,0f,0.9972187429366257f,0.07453038800312226f,1.486643f,-1.2246467991473532e-16f,0.07453038800312226f,-0.9972187429366257f,0.026714f,0f,0f,0f,1f], start_interpolation: 0, interpolation_duration: 1 }
$data merge entity $(item_display_item_display) { transformation: [-0.18830917830911853f,0.0968372500577157f,-0.9763007735149062f,-0.34654316517575445f,-0.8374234803570465f,-0.5337920972527428f,0.10857675376069255f,1.0582141016631297f,-0.5111385016913086f,0.8388620529692461f,0.18179353172482815f,0.4166820713338257f,0f,0f,0f,1f], start_interpolation: 0, interpolation_duration: 1 }
$data merge entity $(bone_2) { transformation: [-0.9763007774832251f,0.09044491657017537f,-0.19146150775616547f,-0.41900196024780495f,0.10857673611331212f,0.9893247571119748f,-0.08630537260398151f,1.1441210957878847f,0.18179352095338935f,-0.10515342139914374f,-0.9766754188098641f,-0.023757602070382813f,0f,0f,0f,1f], start_interpolation: 0, interpolation_duration: 1 }
$data merge entity $(bone_1) { transformation: [-0.9772780555387638f,0.1224402372112833f,-0.1730202025025328f,-0.375f,0.10868542153484696f,0.9902717334597991f,0.08688712825451904f,1.5f,0.18197549644983918f,0.06610811010889119f,-0.9810783029247284f,-4.592425496802574e-17f,0f,0f,0f,1f], start_interpolation: 0, interpolation_duration: 1 }
$data merge entity $(bone_4) { transformation: [-0.9942512949363566f,-0.020782952201198225f,0.09504436550990741f,0.39135727026199846f,-0.043409949024923684f,0.968172502802637f,-0.24240169376993093f,1.1253569169068032f,-0.08706858700491066f,-0.24537944843584714f,-0.9644734249538904f,4.7927442834940204e-17f,0f,0f,0f,1f], start_interpolation: 0, interpolation_duration: 1 }
$data merge entity $(bone_3) { transformation: [-0.9952465414778344f,-0.043619387365329235f,0.08707278979269395f,0.375f,-0.04345340242735104f,0.999048221581858f,0.003801680104023084f,1.5f,-0.08715574274765832f,-5.341834311771894e-18f,-0.9961946980917455f,4.592425496802574e-17f,0f,0f,0f,1f], start_interpolation: 0, interpolation_duration: 1 }