# This file was generated by Animated Java via MC-Build. It is not recommended to edit this file directly.
$data merge entity $(bone_layer) { transformation: [-1.0001f,0f,1.224769263827268e-16f,0f,0f,1.0001f,0f,1.473989f,-1.224769263827268e-16f,0f,-1.0001f,0f,0f,0f,0f,1f], start_interpolation: 0, interpolation_duration: 1 }
$data merge entity $(bone_head) { transformation: [-1f,0f,1.2246467991473532e-16f,0f,0f,1f,0f,1.473989f,-1.2246467991473532e-16f,0f,-1f,0f,0f,0f,0f,1f], start_interpolation: 0, interpolation_duration: 1 }
$data merge entity $(bone_10) { transformation: [-0.999f,1.5407439555097887e-33f,1.2246467991473532e-16f,5.494204048638921e-20f,0f,1f,0f,1.1233602892712404f,-1.2234221523482057e-16f,0f,-1f,-0.00044863580686808555f,0f,0f,0f,1f], start_interpolation: 0, interpolation_duration: 1 }
$data merge entity $(bone_9) { transformation: [-1f,-8.887575247064335e-18f,1.2214175712198653e-16f,-3.1854287892621803e-18f,0f,0.9973631352895086f,0.07257255931467106f,1.4869945f,-1.2246467991473532e-16f,0.07257255931467106f,-0.9973631352895086f,0.026011f,0f,0f,0f,1f], start_interpolation: 0, interpolation_duration: 1 }
$data merge entity $(item_display_item_display) { transformation: [-0.1874263786242516f,0.09718924093719059f,-0.9764356630325683f,-0.3462016199310998f,-0.8374299180513497f,-0.533980824463225f,0.10759466277694557f,1.0581019077562273f,-0.5114523291063484f,0.8387012164958555f,0.1816529231806197f,0.41653961320059174f,0f,0f,0f,1f], start_interpolation: 0, interpolation_duration: 1 }
$data merge entity $(bone_2) { transformation: [-0.9764356669822836f,0.0895302660183358f,-0.1912033464967304f,-0.4186618007711274f,0.10759464512942947f,0.9894447543081807f,-0.08615956424852622f,1.1440876926860195f,0.18165291240256748f,-0.10480653433211981f,-0.9767388646802969f,-0.02388445688855314f,0f,0f,0f,1f], start_interpolation: 0, interpolation_duration: 1 }
$data merge entity $(bone_1) { transformation: [-0.977413080062346f,0.121493706493572f,-0.17292469518692713f,-0.375f,0.10770234747690638f,0.9903646812215107f,0.08705172334296009f,1.5f,0.1818347471497172f,0.0664610974290173f,-0.9810805508507082f,-4.592425496802574e-17f,0f,0f,0f,1f], start_interpolation: 0, interpolation_duration: 1 }
$data merge entity $(bone_4) { transformation: [-0.9942512949363566f,-0.020969498031739846f,0.09500338241175965f,0.3913572702619985f,-0.04340994902492388f,0.9686465068550562f,-0.24050056358177443f,1.1253569169068032f,-0.08706858700491066f,-0.24348557433612875f,-0.9649532818987527f,4.792744283494021e-17f,0f,0f,0f,1f], start_interpolation: 0, interpolation_duration: 1 }
$data merge entity $(bone_3) { transformation: [-0.9952465414778344f,-0.04361938736532943f,0.08707278979269395f,0.375f,-0.04345340242735123f,0.999048221581858f,0.0038016801040231013f,1.5f,-0.08715574274765832f,-5.341834311771919e-18f,-0.9961946980917455f,4.592425496802574e-17f,0f,0f,0f,1f], start_interpolation: 0, interpolation_duration: 1 }