# This file was generated by Animated Java via MC-Build. It is not recommended to edit this file directly.
$data merge entity $(bone_layer) { transformation: [-1.0001f,0f,1.224769263827268e-16f,0f,0f,1.0001f,0f,1.4743541875f,-1.224769263827268e-16f,0f,-1.0001f,0f,0f,0f,0f,1f], start_interpolation: 0, interpolation_duration: 1 }
$data merge entity $(bone_head) { transformation: [-1f,0f,1.2246467991473532e-16f,0f,0f,1f,0f,1.4743541875f,-1.2246467991473532e-16f,0f,-1f,0f,0f,0f,0f,1f], start_interpolation: 0, interpolation_duration: 1 }
$data merge entity $(bone_10) { transformation: [-0.999f,0f,1.224646799147353e-16f,5.552908620691339e-20f,0f,1f,0f,1.1233703881299613f,-1.2234221523482057e-16f,0f,-1f,-0.0004534293989546627f,0f,0f,0f,1f], start_interpolation: 0, interpolation_duration: 1 }
$data merge entity $(bone_9) { transformation: [-1f,-8.76301098626235e-18f,1.2215075712034379e-16f,-3.140706218965818e-18f,0f,0.997436625853184f,0.07155541493566553f,1.48717709375f,-1.2246467991473532e-16f,0.07155541493566553f,-0.997436625853184f,0.0256458125f,0f,0f,0f,1f], start_interpolation: 0, interpolation_duration: 1 }
$data merge entity $(item_display_item_display) { transformation: [-0.18696781707564314f,0.09737229330986877f,-0.9765053363262005f,-0.3460240814123608f,-0.8374328571041331f,-0.5340787717690949f,0.10708443111873918f,1.0580437414562172f,-0.5116153293445941f,0.83861761371986f,0.18157987977314677f,0.4164655828091449f,0f,0f,0f,1f], start_interpolation: 0, interpolation_duration: 1 }
$data merge entity $(bone_2) { transformation: [-0.9765053402662522f,0.0890550294568783f,-0.1910694171235297f,-0.41848507272179525f,0.10708441347116113f,0.9895067125488821f,-0.08608364660166849f,1.1440704851365975f,0.18157986899165957f,-0.1046263234044764f,-0.9767717663957295f,-0.023950355414546286f,0f,0f,0f,1f], start_interpolation: 0, interpolation_duration: 1 }
$data merge entity $(bone_1) { transformation: [-0.9774828230893415f,0.12100194148673457f,-0.17287527504455846f,-0.375f,0.10719160507623736f,0.9904125630981635f,0.08713733217459692f,1.5f,0.18176163062228184f,0.0666444672404765f,-0.9810816605256477f,-4.592425496802574e-17f,0f,0f,0f,1f], start_interpolation: 0, interpolation_duration: 1 }
$data merge entity $(bone_4) { transformation: [-0.9942512949363566f,-0.021066371169134356f,0.09498194840674967f,0.39135727026199857f,-0.04340994902492396f,0.968891264608673f,-0.23951261697593249f,1.1253569169068032f,-0.08706858700491066f,-0.24250139251305447f,-0.9652010856739635f,4.7927442834940216e-17f,0f,0f,0f,1f], start_interpolation: 0, interpolation_duration: 1 }
$data merge entity $(bone_3) { transformation: [-0.9952465414778344f,-0.04361938736532951f,0.08707278979269395f,0.375f,-0.043453402427351316f,0.999048221581858f,0.0038016801040231083f,1.5f,-0.08715574274765832f,-5.341834311771928e-18f,-0.9961946980917455f,4.592425496802574e-17f,0f,0f,0f,1f], start_interpolation: 0, interpolation_duration: 1 }