# This file was generated by Animated Java via MC-Build. It is not recommended to edit this file directly.
$data merge entity $(bone_layer) { transformation: [-1.0001f,0f,1.224769263827268e-16f,0f,0f,1.0001f,0f,1.474728f,-1.224769263827268e-16f,0f,-1.0001f,0f,0f,0f,0f,1f], start_interpolation: 0, interpolation_duration: 1 }
$data merge entity $(bone_head) { transformation: [-1f,0f,1.2246467991473532e-16f,0f,0f,1f,0f,1.474728f,-1.2246467991473532e-16f,0f,-1f,0f,0f,0f,0f,1f], start_interpolation: 0, interpolation_duration: 1 }
$data merge entity $(bone_10) { transformation: [-0.999f,-1.5407439555097887e-33f,1.224646799147353e-16f,5.608886219160009e-20f,0f,1f,0f,1.1233810952899845f,-1.2234221523482057e-16f,0f,-1f,-0.00045800031674970293f,0f,0f,0f,1f], start_interpolation: 0, interpolation_duration: 1 }
$data merge entity $(bone_9) { transformation: [-1f,-8.63549532846172e-18f,1.2215983810995613e-16f,-3.094927390805191e-18f,0f,0.9975107777606456f,0.0705141705712544f,1.487364f,-1.2246467991473532e-16f,0.0705141705712544f,-0.9975107777606456f,0.025272f,0f,0f,0f,1f], start_interpolation: 0, interpolation_duration: 1 }
$data merge entity $(item_display_item_display) { transformation: [-0.1864984442436386f,0.09755981319363408f,-0.976576373431349f,-0.34584226771445176f,-0.8374355786771399f,-0.5341789678879039f,0.10656210316945734f,1.057984282984183f,-0.5117821625070438f,0.8385319988622006f,0.18150511018639792f,0.4163897843938235f,0f,0f,0f,1f], start_interpolation: 0, interpolation_duration: 1 }
$data merge entity $(bone_2) { transformation: [-0.9765763773615095f,0.08856849607916936f,-0.19093245057282568f,-0.4183041528301668f,0.10656208552182196f,0.9895698672416526f,-0.08600581245809927f,1.1440529734389713f,0.18150509940139498f,-0.10444184673593243f,-0.9768054051558466f,-0.024017811203850926f,0f,0f,0f,1f], start_interpolation: 0, interpolation_duration: 1 }
$data merge entity $(bone_1) { transformation: [-0.9775539312928023f,0.12049851222307284f,-0.17282482450739792f,-0.375f,0.10666875427609807f,0.990461291300254f,0.08722503824601506f,1.5f,0.18168678618758255f,0.06683217030636766f,-0.9810827552948672f,-4.592425496802574e-17f,0f,0f,0f,1f], start_interpolation: 0, interpolation_duration: 1 }
$data merge entity $(bone_4) { transformation: [-0.9942512949363566f,-0.021165509564948726f,0.09495990586681446f,0.3913572702619986f,-0.043409949024924045f,0.9691407594405747f,-0.23850107906799864f,1.1253569169068032f,-0.08706858700491066f,-0.24149370508525128f,-0.9654537024431394f,4.7764812509067396e-17f,0f,0f,0f,1f], start_interpolation: 0, interpolation_duration: 1 }
$data merge entity $(bone_3) { transformation: [-0.9952465414778344f,-0.043619387365329595f,0.08707278979269395f,0.375f,-0.0434534024273514f,0.999048221581858f,0.003801680104023115f,1.5f,-0.08715574274765832f,-4.908153442777737e-18f,-0.9961946980917455f,4.592425496802574e-17f,0f,0f,0f,1f], start_interpolation: 0, interpolation_duration: 1 }