# This file was generated by Animated Java via MC-Build. It is not recommended to edit this file directly.
$data merge entity $(bone_layer) { transformation: [-1.0001f,0f,1.224769263827268e-16f,0f,0f,1.0001f,0f,1.4751100625f,-1.224769263827268e-16f,0f,-1.0001f,0f,0f,0f,0f,1f], start_interpolation: 0, interpolation_duration: 1 }
$data merge entity $(bone_head) { transformation: [-1f,0f,1.2246467991473532e-16f,0f,0f,1f,0f,1.4751100625f,-1.2246467991473532e-16f,0f,-1f,0f,0f,0f,0f,1f], start_interpolation: 0, interpolation_duration: 1 }
$data merge entity $(bone_10) { transformation: [-0.999f,0f,1.2246467991473535e-16f,5.661803788814902e-20f,0f,1f,0f,1.1233924258678962f,-1.2234221523482057e-16f,0f,-1f,-0.00046232136422982503f,0f,0f,0f,1f], start_interpolation: 0, interpolation_duration: 1 }
$data merge entity $(bone_9) { transformation: [-1f,-8.50515569162765e-18f,1.2216898196056048e-16f,-3.048138229035267e-18f,0f,0.9975854429670602f,0.06944986666808153f,1.4875550312499999f,-1.2246467991473532e-16f,0.06944986666808153f,-0.9975854429670602f,0.024889937499999997f,0f,0f,0f,1f], start_interpolation: 0, interpolation_duration: 1 }
$data merge entity $(item_display_item_display) { transformation: [-0.18601873249584186f,0.09775162232917649f,-0.9766486837612871f,-0.3456563556488473f,-0.8374380604012761f,-0.5342813077449958f,0.10602819995475962f,1.0579235976584338f,-0.5119526600692582f,0.8384444552421537f,0.18142868935672557f,0.4163122926572167f,0f,0f,0f,1f], start_interpolation: 0, interpolation_duration: 1 }
$data merge entity $(bone_2) { transformation: [-0.9766486876813384f,0.08807114915701922f,-0.19079259298117798f,-0.41811922143348523f,0.10602818230707194f,0.9896341366745074f,-0.0859261315617127f,1.1440351821844978f,0.18142867856812964f,-0.1042532887474755f,-0.9768397444710968f,-0.024086756642322626f,0f,0f,0f,1f], start_interpolation: 0, interpolation_duration: 1 }
$data merge entity $(bone_1) { transformation: [-0.9776263139953337f,0.11998392051056762f,-0.17277340363265054f,-0.375f,0.10613431662369563f,0.9905107973996581f,0.08731475860079324f,1.5f,0.18161028885698663f,0.06702401848298457f,-0.9810838312436274f,-4.592425496802574e-17f,0f,0f,0f,1f], start_interpolation: 0, interpolation_duration: 1 }
$data merge entity $(bone_4) { transformation: [-0.9942512949363566f,-0.02126681210028273f,0.09493726992319444f,0.3913572702619986f,-0.043409949024924156f,0.9693946693141022f,-0.23746694808131877f,1.1253569169068032f,-0.08706858700491066f,-0.24046350618855564f,-0.9657108073064498f,4.792744283494022e-17f,0f,0f,0f,1f], start_interpolation: 0, interpolation_duration: 1 }
$data merge entity $(bone_3) { transformation: [-0.9952465414778344f,-0.043619387365329707f,0.08707278979269395f,0.375f,-0.04345340242735151f,0.999048221581858f,0.0038016801040231256f,1.5f,-0.08715574274765832f,-5.341834311771953e-18f,-0.9961946980917455f,4.592425496802574e-17f,0f,0f,0f,1f], start_interpolation: 0, interpolation_duration: 1 }