# This file was generated by Animated Java via MC-Build. It is not recommended to edit this file directly.
$data merge entity $(bone_layer) { transformation: [-1.0001f,0f,1.224769263827268e-16f,0f,0f,1.0001f,0f,1.476302f,-1.224769263827268e-16f,0f,-1.0001f,0f,0f,0f,0f,1f], start_interpolation: 0, interpolation_duration: 1 }
$data merge entity $(bone_head) { transformation: [-1f,0f,1.2246467991473532e-16f,0f,0f,1f,0f,1.476302f,-1.2246467991473532e-16f,0f,-1f,0f,0f,0f,0f,1f], start_interpolation: 0, interpolation_duration: 1 }
$data merge entity $(bone_10) { transformation: [-0.999f,0f,1.2246467991473532e-16f,5.799042390414903e-20f,0f,1f,0f,1.12343029524218f,-1.2234221523482057e-16f,0f,-1f,-0.00047352774648595775f,0f,0f,0f,1f], start_interpolation: 0, interpolation_duration: 1 }
$data merge entity $(bone_9) { transformation: [-1f,-8.098467743897331e-18f,1.2219661471096337e-16f,-2.9021679846193984e-18f,0f,0.9978110814974687f,0.0661290075598597f,1.488151f,-1.2246467991473532e-16f,0.0661290075598597f,-0.9978110814974687f,0.023698000000000007f,0f,0f,0f,1f], start_interpolation: 0, interpolation_duration: 1 }
$data merge entity $(item_display_item_display) { transformation: [-0.1845222870421582f,0.09835099675317435f,-0.9768723596368097f,-0.345075800778065f,-0.8374438544779961f,-0.5346001413517811f,0.1043622511432796f,1.0577348305799763f,-0.5124844545757152f,0.8381710865356268f,0.18119026881684008f,0.4160704053491198f,0f,0f,0f,1f], start_interpolation: 0, interpolation_duration: 1 }
$data merge entity $(bone_2) { transformation: [-0.9768723635253258f,0.0865190631231719f,-0.19035713040685429f,-0.4175421624406673f,0.1043622334954698f,0.9898328269988574f,-0.08567671104382431f,1.1439803728731603f,0.18119025801703742f,-0.10366497147898376f,-0.9769466024752738f,-0.0243018546686854f,0f,0f,0f,1f], start_interpolation: 0, interpolation_duration: 1 }
$data merge entity $(bone_1) { transformation: [-0.9778502137390649f,0.11837819113924804f,-0.1726139141351723f,-0.375f,0.10446670019566547f,0.9906633102659888f,0.08759517248719986f,1.5f,0.1813716296466841f,0.06762255212155925f,-0.9810869086904956f,-4.592425496802574e-17f,0f,0f,0f,1f], start_interpolation: 0, interpolation_duration: 1 }
$data merge entity $(bone_4) { transformation: [-0.9942512949363564f,-0.021582694065502832f,0.09486595719357468f,0.39135727026199874f,-0.04340994902492447f,0.9701797107566512f,-0.23423899154878935f,1.1253569169068032f,-0.08706858700491066f,-0.2372477948327766f,-0.9665058432332175f,4.792744283494024e-17f,0f,0f,0f,1f], start_interpolation: 0, interpolation_duration: 1 }
$data merge entity $(bone_3) { transformation: [-0.9952465414778343f,-0.04361938736533001f,0.08707278979269395f,0.375f,-0.04345340242735182f,0.999048221581858f,0.0038016801040231516f,1.5f,-0.08715574274765832f,-5.34183431177199e-18f,-0.9961946980917455f,4.592425496802574e-17f,0f,0f,0f,1f], start_interpolation: 0, interpolation_duration: 1 }