# This file was generated by Animated Java via MC-Build. It is not recommended to edit this file directly.
$data merge entity $(bone_layer) { transformation: [-1.0001f,0f,1.224769263827268e-16f,0f,0f,1.0001f,0f,1.4767133125f,-1.224769263827268e-16f,0f,-1.0001f,0f,0f,0f,0f,1f], start_interpolation: 0, interpolation_duration: 1 }
$data merge entity $(bone_head) { transformation: [-1f,0f,1.2246467991473532e-16f,0f,0f,1f,0f,1.4767133125f,-1.2246467991473532e-16f,0f,-1f,0f,0f,0f,0f,1f], start_interpolation: 0, interpolation_duration: 1 }
$data merge entity $(bone_10) { transformation: [-0.999f,0f,1.2246467991473532e-16f,5.836630759946932e-20f,0f,1f,0f,1.1234442513816385f,-1.2234221523482057e-16f,0f,-1f,-0.0004765970697845831f,0f,0f,0f,1f], start_interpolation: 0, interpolation_duration: 1 }
$data merge entity $(bone_9) { transformation: [-1f,-7.958107256728e-18f,1.2220583601247933e-16f,-2.8517967309619677e-18f,0f,0.9978863791385711f,0.06498287720401298f,1.4883566562500001f,-1.2246467991473532e-16f,0.06498287720401298f,-0.9978863791385711f,0.023286687499999997f,0f,0f,0f,1f], start_interpolation: 0, interpolation_duration: 1 }
$data merge entity $(item_display_item_display) { transformation: [-0.18400594275085688f,0.0985581722220744f,-0.9769488726236458f,-0.3448752680337779f,-0.8374451691262801f,-0.5347100086519917f,0.1037872600777371f,1.0576698866827758f,-0.5126679254053493f,0.8380766631613312f,0.181107992438059f,0.41598688845360515f,0f,0f,0f,1f], start_interpolation: 0, interpolation_duration: 1 }
$data merge entity $(bone_2) { transformation: [-0.9769488765012807f,0.08598329921914535f,-0.19020716326751788f,-0.4173429895609238f,0.1037872424298996f,0.9899007529445292f,-0.08559034775400517f,1.1439617036584648f,0.18110798163439f,-0.10346193297655515f,-0.9769833813392488f,-0.024376082504385548f,0f,0f,0f,1f], start_interpolation: 0, interpolation_duration: 1 }
$data merge entity $(bone_1) { transformation: [-0.9779268033045853f,0.1178239709521358f,-0.17255920505016567f,-0.375f,0.10389113356346306f,0.9907152593851417f,0.08769211588466906f,1.5f,0.18128927090529529f,0.06782909914263792f,-0.9810878724987505f,-4.592425496802574e-17f,0f,0f,0f,1f], start_interpolation: 0, interpolation_duration: 1 }
$data merge entity $(bone_4) { transformation: [-0.9942512949363564f,-0.021691642955131183f,0.09484110471354366f,0.3913572702619988f,-0.04340994902492455f,0.9704481179082203f,-0.23312448771857208f,1.1253569169068032f,-0.08706858700491066f,-0.23613750882547296f,-0.9667777087224696f,4.792744283494024e-17f,0f,0f,0f,1f], start_interpolation: 0, interpolation_duration: 1 }
$data merge entity $(bone_3) { transformation: [-0.9952465414778343f,-0.043619387365330095f,0.08707278979269395f,0.375f,-0.043453402427351906f,0.999048221581858f,0.0038016801040231594f,1.5f,-0.08715574274765832f,-5.341834311772001e-18f,-0.9961946980917455f,4.592425496802574e-17f,0f,0f,0f,1f], start_interpolation: 0, interpolation_duration: 1 }