# This file was generated by Animated Java via MC-Build. It is not recommended to edit this file directly.
$data merge entity $(bone_layer) { transformation: [-1.0001f,0f,1.224769263827268e-16f,0f,0f,1.0001f,0f,1.477984f,-1.224769263827268e-16f,0f,-1.0001f,0f,0f,0f,0f,1f], start_interpolation: 0, interpolation_duration: 1 }
$data merge entity $(bone_head) { transformation: [-1f,0f,1.2246467991473532e-16f,0f,0f,1f,0f,1.477984f,-1.2246467991473532e-16f,0f,-1f,0f,0f,0f,0f,1f], start_interpolation: 0, interpolation_duration: 1 }
$data merge entity $(bone_10) { transformation: [-0.999f,0f,1.2246467991473532e-16f,5.92118147134125e-20f,0f,1f,0f,1.1234902556422717f,-1.2234221523482057e-16f,0f,-1f,-0.00048350115931089857f,0f,0f,0f,1f], start_interpolation: 0, interpolation_duration: 1 }
$data merge entity $(bone_9) { transformation: [-1f,-7.524419344620513e-18f,1.2223330536373823e-16f,-2.6961823930028138e-18f,0f,0.9981106834137142f,0.061441546655405514f,1.488992f,-1.2246467991473532e-16f,0.061441546655405514f,-0.9981106834137142f,0.022016000000000008f,0f,0f,0f,1f], start_interpolation: 0, interpolation_duration: 1 }
$data merge entity $(item_display_item_display) { transformation: [-0.1824109331913677f,0.09919932393846931f,-0.977183066565526f,-0.3442551197263318f,-0.8374470113128926f,-0.5350489204376341f,0.10201056798992468f,1.0574698880382396f,-0.513234600056698f,0.83778466616946f,0.1808538040406342f,0.415728724449787f,0f,0f,0f,1f], start_interpolation: 0, interpolation_duration: 1 }
$data merge entity $(bone_2) { transformation: [-0.9771830704095487f,0.08432758461832876f,-0.18974484282163165f,-0.41672754038350457f,0.10201055034204837f,0.9901085308426633f,-0.08532259238616373f,1.1439048202246258f,0.1808537932250234f,-0.1028346032472612f,-0.9770966942176699f,-0.024605404676351233f,0f,0f,0f,1f], start_interpolation: 0, interpolation_duration: 1 }
$data merge entity $(bone_1) { transformation: [-0.9781612316411898f,0.11611141671931698f,-0.17239125216096f,-0.375f,0.10211266300505342f,0.9908735437227801f,0.08799218376808382f,1.5f,0.18103482805307647f,0.06846721301245548f,-0.9810905318950438f,-4.592425496802574e-17f,0f,0f,0f,1f], start_interpolation: 0, interpolation_duration: 1 }
$data merge entity $(bone_4) { transformation: [-0.9942512949363564f,-0.02202804260260891f,0.09476353653423832f,0.3913572702619989f,-0.043409949024924885f,0.9712692322238629f,-0.2296794611211926f,1.1253569169068032f,-0.08706858700491066f,-0.23270548741782102f,-0.9676095376145291f,4.792744283494026e-17f,0f,0f,0f,1f], start_interpolation: 0, interpolation_duration: 1 }
$data merge entity $(bone_3) { transformation: [-0.9952465414778343f,-0.04361938736533043f,0.08707278979269395f,0.375f,-0.04345340242735224f,0.999048221581858f,0.003801680104023188f,1.5f,-0.08715574274765832f,-5.3418343117720415e-18f,-0.9961946980917455f,4.592425496802574e-17f,0f,0f,0f,1f], start_interpolation: 0, interpolation_duration: 1 }