# This file was generated by Animated Java via MC-Build. It is not recommended to edit this file directly.
$data merge entity $(bone_layer) { transformation: [-1.0001f,0f,1.224769263827268e-16f,0f,0f,1.0001f,0f,1.4784185625f,-1.224769263827268e-16f,0f,-1.0001f,0f,0f,0f,0f,1f], start_interpolation: 0, interpolation_duration: 1 }
$data merge entity $(bone_head) { transformation: [-1f,0f,1.2246467991473532e-16f,0f,0f,1f,0f,1.4784185625f,-1.2246467991473532e-16f,0f,-1f,0f,0f,0f,0f,1f], start_interpolation: 0, interpolation_duration: 1 }
$data merge entity $(bone_10) { transformation: [-0.999f,1.5407439555097887e-33f,1.2246467991473532e-16f,5.93917368827793e-20f,0f,0.9999999999999999f,0f,1.1235069928426453f,-1.2234221523482057e-16f,0f,-0.9999999999999999f,-0.00048497033531733763f,0f,0f,0f,1f], start_interpolation: 0, interpolation_duration: 1 }
$data merge entity $(bone_9) { transformation: [-1f,-7.376080371829307e-18f,1.2224234644740296e-16f,-2.6429638355373663e-18f,0f,0.9981845094643846f,0.06023026702037536f,1.48920928125f,-1.2246467991473532e-16f,0.06023026702037536f,-0.9981845094643846f,0.021581437500000005f,0f,0f,0f,1f], start_interpolation: 0, interpolation_duration: 1 }
$data merge entity $(item_display_item_display) { transformation: [-0.18186551142244106f,0.09941897780753133f,-0.9772624021248131f,-0.34404281594661223f,-0.8374468719252707f,-0.5351646485792412f,0.10140283829182027f,1.0574017112847283f,-0.5134283518249f,0.8376847054606903f,0.18076687135535524f,0.4156403825067711f,0f,0f,0f,1f], start_interpolation: 0, interpolation_duration: 1 }
$data merge entity $(bone_2) { transformation: [-0.9772624059573418f,0.08376115563153938f,-0.18958707421587787f,-0.41651701646211636f,0.10140282064394689f,0.9901788710777287f,-0.08523069421684984f,1.1438856414495726f,0.18076686053566146f,-0.10262003741230878f,-0.977135338657638f,-0.02468383283248413f,0f,0f,0f,1f], start_interpolation: 0, interpolation_duration: 1 }
$data merge entity $(bone_1) { transformation: [-0.9782406466039457f,0.11552561102501946f,-0.17233418270671116f,-0.375f,0.1015043249689158f,0.9909269107490153f,0.08809500307065012f,1.5f,0.18094780834400548f,0.06868544788169484f,-0.9810913310720832f,-4.592425496802574e-17f,0f,0f,0f,1f], start_interpolation: 0, interpolation_duration: 1 }
$data merge entity $(bone_4) { transformation: [-0.9942512949363564f,-0.02214302450544516f,0.0947367351301993f,0.39135727026199896f,-0.04340994902492498f,0.9715472393122241f,-0.22850063043775046f,1.1253569169068032f,-0.08706858700491066f,-0.23153109564494193f,-0.9678912195626227f,4.7927442834940265e-17f,0f,0f,0f,1f], start_interpolation: 0, interpolation_duration: 1 }
$data merge entity $(bone_3) { transformation: [-0.9952465414778343f,-0.043619387365330525f,0.08707278979269396f,0.375f,-0.043453402427352336f,0.999048221581858f,0.0038016801040231967f,1.5f,-0.08715574274765832f,-5.341834311772054e-18f,-0.9961946980917455f,4.592425496802574e-17f,0f,0f,0f,1f], start_interpolation: 0, interpolation_duration: 1 }