# This file was generated by Animated Java via MC-Build. It is not recommended to edit this file directly.
$data merge entity $(bone_layer) { transformation: [-1.0001f,0f,1.224769263827268e-16f,0f,0f,1.0001f,0f,1.4797500000000001f,-1.224769263827268e-16f,0f,-1.0001f,0f,0f,0f,0f,1f], start_interpolation: 0, interpolation_duration: 1 }
$data merge entity $(bone_head) { transformation: [-1f,0f,1.2246467991473532e-16f,0f,0f,1f,0f,1.4797500000000001f,-1.2246467991473532e-16f,0f,-1f,0f,0f,0f,0f,1f], start_interpolation: 0, interpolation_duration: 1 }
$data merge entity $(bone_10) { transformation: [-0.999f,0f,1.2246467991473532e-16f,5.959747339807158e-20f,0f,1f,0f,1.123561471265017f,-1.2234221523482057e-16f,0f,-1f,-0.00048665030145480376f,0f,0f,0f,1f], start_interpolation: 0, interpolation_duration: 1 }
$data merge entity $(bone_9) { transformation: [-1f,-6.921524234591067e-18f,1.222689262604712e-16f,-2.479909768273391e-18f,0f,0.998401550108975f,0.05651853448202455f,1.489875f,-1.2246467991473532e-16f,0.05651853448202455f,-0.998401550108975f,0.020250000000000004f,0f,0f,0f,1f], start_interpolation: 0, interpolation_duration: 1 }
$data merge entity $(item_display_item_display) { transformation: [-0.18019459795661857f,0.10009319141328034f,-0.9775030741127915f,-0.3433916527825294f,-0.8374440037691421f,-0.5355186604756462f,0.0995404683205755f,1.0571935298487365f,-0.5140218355462752f,0.8373781208719718f,0.18050051320304786f,0.4153695491570552f,0f,0f,0f,1f], start_interpolation: 0, interpolation_duration: 1 }
$data merge entity $(bone_2) { transformation: [-0.9775030779101083f,0.08202509560997492f,-0.18910477615977714f,-0.41587185540118504f,0.09954045067276257f,0.9903921043732888f,-0.08494809164961888f,1.1438277527986893f,0.18050050237084733f,-0.10196255825166016f,-0.9772533987449972f,-0.024924132575338608f,0f,0f,0f,1f], start_interpolation: 0, interpolation_duration: 1 }
$data merge entity $(bone_1) { transformation: [-0.9784815594695778f,0.11373038024677579f,-0.1721605018199788f,-0.375f,0.09964009076352609f,0.9910879922123429f,0.08841065549549709f,1.5f,0.18068118355440174f,0.0693541080357247f,-0.981093429601865f,-4.592425496802574e-17f,0f,0f,0f,1f], start_interpolation: 0, interpolation_duration: 1 }
$data merge entity $(bone_4) { transformation: [-0.9942512949363564f,-0.02249510891809725f,0.09465375107274543f,0.39135727026199907f,-0.04340994902492533f,0.9723901044485719f,-0.22488677394668888f,1.1253569169068032f,-0.08706858700491066f,-0.2279308115311721f,-0.9687453774401763f,4.792744283494028e-17f,0f,0f,0f,1f], start_interpolation: 0, interpolation_duration: 1 }
$data merge entity $(bone_3) { transformation: [-0.9952465414778343f,-0.04361938736533087f,0.08707278979269396f,0.375f,-0.04345340242735268f,0.999048221581858f,0.003801680104023227f,1.5f,-0.08715574274765832f,-5.3418343117720954e-18f,-0.9961946980917455f,4.592425496802574e-17f,0f,0f,0f,1f], start_interpolation: 0, interpolation_duration: 1 }