# This file was generated by Animated Java via MC-Build. It is not recommended to edit this file directly.
$data merge entity $(bone_layer) { transformation: [-1.0001f,0f,1.224769263827268e-16f,0f,0f,1.0001f,0f,1.480657f,-1.224769263827268e-16f,0f,-1.0001f,0f,0f,0f,0f,1f], start_interpolation: 0, interpolation_duration: 1 }
$data merge entity $(bone_head) { transformation: [-1f,0f,1.2246467991473532e-16f,0f,0f,1f,0f,1.480657f,-1.2246467991473532e-16f,0f,-1f,0f,0f,0f,0f,1f], start_interpolation: 0, interpolation_duration: 1 }
$data merge entity $(bone_10) { transformation: [-0.999f,-7.703719777548943e-34f,1.224646799147353e-16f,5.944010663245514e-20f,0f,0.9999999999999999f,0f,1.1236013532093658f,-1.2234221523482057e-16f,0f,-0.9999999999999999f,-0.000485365304297037f,0f,0f,0f,1f], start_interpolation: 0, interpolation_duration: 1 }
$data merge entity $(bone_9) { transformation: [-1f,-6.611816961105726e-18f,1.2228606504050823e-16f,-2.368834303590725e-18f,0f,0.9985414988684783f,0.053989582675667225f,1.4903285f,-1.2246467991473532e-16f,0.053989582675667225f,-0.9985414988684783f,0.019343f,0f,0f,0f,1f], start_interpolation: 0, interpolation_duration: 1 }
$data merge entity $(item_display_item_display) { transformation: [-0.1790565002799031f,0.10055353610824208f,-0.977664950831133f,-0.3429474691962827f,-0.8374399423159025f,-0.5357593317774403f,0.09827146802266208f,1.0570523206661742f,-0.5144260031544393f,0.8371689941639737f,0.18031905747599045f,0.41518490896278043f,0f,0f,0f,1f], start_interpolation: 0, interpolation_duration: 1 }
$data merge entity $(bone_2) { transformation: [-0.9776649546044662f,0.08084194191952714f,-0.18877716219110488f,-0.4154322349149502f,0.09827145037493473f,0.9905353935901803f,-0.08475468179607058f,1.1437890715791659f,0.18031904663527273f,-0.10151460225911461f,-0.9773335290210399f,-0.025087835266313828f,0f,0f,0f,1f], start_interpolation: 0, interpolation_duration: 1 }
$data merge entity $(bone_1) { transformation: [-0.9786435982026689f,0.11250708845899185f,-0.17204320022428576f,-0.375f,0.09836982019512987f,0.991195626910147f,0.0886262244991766f,1.5f,0.1804995461814542f,0.069809628567134f,-0.981094556904485f,-4.592425496802574e-17f,0f,0f,0f,1f], start_interpolation: 0, interpolation_duration: 1 }
$data merge entity $(bone_4) { transformation: [-0.9942512949363564f,-0.022734777591810112f,0.09459647142060462f,0.3913572702619992f,-0.043409949024925565f,0.9729565829353206f,-0.22242316437025658f,1.1253569169068032f,-0.08706858700491066f,-0.22547642362490083f,-0.9693195776142628f,4.7764812509067464e-17f,0f,0f,0f,1f], start_interpolation: 0, interpolation_duration: 1 }
$data merge entity $(bone_3) { transformation: [-0.9952465414778343f,-0.04361938736533111f,0.08707278979269396f,0.375f,-0.04345340242735292f,0.999048221581858f,0.003801680104023247f,1.5f,-0.08715574274765832f,-4.908153442777923e-18f,-0.9961946980917455f,4.592425496802574e-17f,0f,0f,0f,1f], start_interpolation: 0, interpolation_duration: 1 }