# This file was generated by Animated Java via MC-Build. It is not recommended to edit this file directly.
$data merge entity $(bone_layer) { transformation: [-1.0001f,0f,1.224769263827268e-16f,0f,0f,1.0001f,0f,1.481576f,-1.224769263827268e-16f,0f,-1.0001f,0f,0f,0f,0f,1f], start_interpolation: 0, interpolation_duration: 1 }
$data merge entity $(bone_head) { transformation: [-1f,0f,1.2246467991473532e-16f,0f,0f,1f,0f,1.481576f,-1.2246467991473532e-16f,0f,-1f,0f,0f,0f,0f,1f], start_interpolation: 0, interpolation_duration: 1 }
$data merge entity $(bone_10) { transformation: [-0.999f,0f,1.2246467991473532e-16f,5.903555382923103e-20f,0f,1f,0f,1.1236440611580918f,-1.2234221523482057e-16f,0f,-1f,-0.00048206187996681013f,0f,0f,0f,1f], start_interpolation: 0, interpolation_duration: 1 }
$data merge entity $(bone_9) { transformation: [-1f,-6.297968874658665e-18f,1.223026304487046e-16f,-2.2562892627490838e-18f,0f,0.9986767656915975f,0.051426818565512566f,1.490788f,-1.2246467991473532e-16f,0.051426818565512566f,-0.9986767656915975f,0.018424000000000003f,0f,0f,0f,1f], start_interpolation: 0, interpolation_duration: 1 }
$data merge entity $(item_display_item_display) { transformation: [-0.17790348034123343f,0.10102084539614511f,-0.9778272549269245f,-0.34249691435584095f,-0.8374340852700363f,-0.5360027814197136f,0.09698541714231478f,1.0569097470182944f,-0.5148354149729931f,0.8369568729067104f,0.1801351947394147f,0.4149977073729372f,0f,0f,0f,1f], start_interpolation: 0, interpolation_duration: 1 }
$data merge entity $(bone_2) { transformation: [-0.9778272586759597f,0.07964270982715475f,-0.18844598950798963f,-0.41498669603719207f,0.09698539949471086f,0.990678949613899f,-0.08455797464907085f,1.1437505018110634f,0.18013518389006927f,-0.10106066278868943f,-0.9774144760344005f,-0.025253708740699227f,0f,0f,0f,1f], start_interpolation: 0, interpolation_duration: 1 }
$data merge entity $(bone_1) { transformation: [-0.9788060647407003f,0.11126732810349095f,-0.17192518525083472f,-0.375f,0.09708248197668755f,0.9913029514822583f,0.0888450903303579f,1.5f,0.18031549938945873f,0.07027118953933685f,-0.9810954492813921f,-4.592425496802574e-17f,0f,0f,0f,1f], start_interpolation: 0, interpolation_duration: 1 }
$data merge entity $(bone_4) { transformation: [-0.9942512949363563f,-0.022977468423254387f,0.09453781498552156f,0.39135727026199923f,-0.04340994902492581f,0.9735241900486522f,-0.21992550492330168f,1.1253569169068032f,-0.08706858700491066f,-0.2229880878768509f,-0.9698950323730885f,4.79274428349403e-17f,0f,0f,0f,1f], start_interpolation: 0, interpolation_duration: 1 }
$data merge entity $(bone_3) { transformation: [-0.9952465414778342f,-0.043619387365331344f,0.08707278979269396f,0.375f,-0.04345340242735316f,0.999048221581858f,0.003801680104023268f,1.5f,-0.08715574274765832f,-5.341834311772154e-18f,-0.9961946980917455f,4.592425496802574e-17f,0f,0f,0f,1f], start_interpolation: 0, interpolation_duration: 1 }