# This file was generated by Animated Java via MC-Build. It is not recommended to edit this file directly.
$data merge entity $(bone_layer) { transformation: [-1.0001f,0f,1.224769263827268e-16f,0f,0f,1.0001f,0f,1.4839063125f,-1.224769263827268e-16f,0f,-1.0001f,0f,0f,0f,0f,1f], start_interpolation: 0, interpolation_duration: 1 }
$data merge entity $(bone_head) { transformation: [-1f,0f,1.2246467991473532e-16f,0f,0f,1f,0f,1.4839063125f,-1.2246467991473532e-16f,0f,-1f,0f,0f,0f,0f,1f], start_interpolation: 0, interpolation_duration: 1 }
$data merge entity $(bone_10) { transformation: [-0.999f,-7.703719777548943e-34f,1.2246467991473532e-16f,5.690859073079132e-20f,0f,1f,0f,1.1237627777234627f,-1.2234221523482057e-16f,0f,-1f,-0.00046469390823879533f,0f,0f,0f,1f], start_interpolation: 0, interpolation_duration: 1 }
$data merge entity $(bone_9) { transformation: [-1f,-5.501961652411809e-18f,1.2234102437283238e-16f,-1.970908288335277e-18f,0f,0.998990275873917f,0.044926926328819776f,1.4919531562500001f,-1.2246467991473532e-16f,0.044926926328819776f,-0.998990275873917f,0.016093687500000002f,0f,0f,0f,1f], start_interpolation: 0, interpolation_duration: 1 }
$data merge entity $(item_display_item_display) { transformation: [-0.17498039226180712f,0.10220974561617069f,-0.9782310719993421f,-0.3413522131246863f,-0.8374113749529116f,-0.536618252658161f,0.09372320957786652f,1.0565505036054397f,-0.5158730962391607f,0.8364179689695699f,0.17966894489989554f,0.4145224850045911f,0f,0f,0f,1f], start_interpolation: 0, interpolation_duration: 1 }
$data merge entity $(bone_2) { transformation: [-0.9782310756867778f,0.07659991153173358f,-0.18760974418728957f,-0.4138564872651588f,0.09372319193074119f,0.9910356074040403f,-0.08405586327923945f,1.1436555143462774f,0.17966893402868261f,-0.09990935096694067f,-0.9776186351202403f,-0.02567433673138161f,0f,0f,0f,1f], start_interpolation: 0, interpolation_duration: 1 }
$data merge entity $(bone_1) { transformation: [-0.9792102859727505f,0.10812239934652881f,-0.17162972529464085f,-0.375f,0.09381700893968087f,0.9915672644277501f,0.08940206344867051f,1.5f,0.1798487828114941f,0.07144163264384436f,-0.9810965846675882f,-4.592425496802574e-17f,0f,0f,0f,1f], start_interpolation: 0, interpolation_duration: 1 }
$data merge entity $(bone_4) { transformation: [-0.9942512949363564f,-0.02359217862961387f,0.09438628939039181f,0.39135727026199946f,-0.04340994902492638f,0.974934723539808f,-0.2135857232167247f,1.1253569169068034f,-0.08706858700491063f,-0.2166718577569926f,-0.971325572201773f,4.77648125090675e-17f,0f,0f,0f,1f], start_interpolation: 0, interpolation_duration: 1 }
$data merge entity $(bone_3) { transformation: [-0.9952465414778343f,-0.04361938736533192f,0.08707278979269394f,0.375f,-0.04345340242735373f,0.9990482215818579f,0.0038016801040233195f,1.5f,-0.08715574274765829f,-4.908153442778022e-18f,-0.9961946980917455f,4.592425496802574e-17f,0f,0f,0f,1f], start_interpolation: 0, interpolation_duration: 1 }