# This file was generated by Animated Java via MC-Build. It is not recommended to edit this file directly.
$data merge entity $(bone_layer) { transformation: [-1.0001f,0f,1.224769263827268e-16f,0f,0f,1.0001f,0f,1.4848436875f,-1.224769263827268e-16f,0f,-1.0001f,0f,0f,0f,0f,1f], start_interpolation: 0, interpolation_duration: 1 }
$data merge entity $(bone_head) { transformation: [-1f,0f,1.2246467991473532e-16f,0f,0f,1f,0f,1.4848436875f,-1.2246467991473532e-16f,0f,-1f,0f,0f,0f,0f,1f], start_interpolation: 0, interpolation_duration: 1 }
$data merge entity $(bone_10) { transformation: [-0.999f,0f,1.2246467991473532e-16f,5.56095511032063e-20f,0f,1f,0f,1.123814768527395f,-1.2234221523482057e-16f,0f,-1f,-0.0004540864446951065f,0f,0f,0f,1f], start_interpolation: 0, interpolation_duration: 1 }
$data merge entity $(bone_9) { transformation: [-1f,-5.181697820486817e-18f,1.223550073937137e-16f,-1.8561129590002035e-18f,0f,0.9991044559043639f,0.042311773681150494f,1.4924218437499999f,-1.2246467991473532e-16f,0.042311773681150494f,-0.9991044559043639f,0.015156312500000012f,0f,0f,0f,1f], start_interpolation: 0, interpolation_duration: 1 }
$data merge entity $(item_display_item_display) { transformation: [-0.17380483430513596f,0.10268957802169795f,-0.9783903771695068f,-0.3408908544021948f,-0.8373990610960313f,-0.5368650756969773f,0.09241051332161523f,1.0564069229831061f,-0.5162903176001362f,0.836200777961014f,0.1794813831285738f,0.41433110937733014f,0f,0f,0f,1f], start_interpolation: 0, interpolation_duration: 1 }
$data merge entity $(bone_2) { transformation: [-0.9783903808321696f,0.07537517523656573f,-0.18727478648536522f,-0.4134016765849714f,0.0924104956747494f,0.991176094488428f,-0.08385254917898244f,1.1436184445283548f,0.1794813722485686f,-0.09944612950096927f,-0.9777003141776355f,-0.025843544263006554f,0f,0f,0f,1f], start_interpolation: 0, interpolation_duration: 1 }
$data merge entity $(bone_1) { transformation: [-0.9793697505827523f,0.10685683919296383f,-0.171512412265604f,-0.375f,0.09250299867342282f,0.9916704152254473f,0.08962690892256389f,1.5f,0.17966103328185046f,0.07191247099271376f,-0.9810965852737538f,-4.592425496802574e-17f,0f,0f,0f,1f], start_interpolation: 0, interpolation_duration: 1 }
$data merge entity $(bone_4) { transformation: [-0.9942512949363564f,-0.02383916730070082f,0.09432421014664061f,0.39135727026199957f,-0.043409949024926626f,0.975490474305815f,-0.211032961558779f,1.1253569169068034f,-0.08706858700491063f,-0.21412853299134382f,-0.971889413727685f,4.7764812509067513e-17f,0f,0f,0f,1f], start_interpolation: 0, interpolation_duration: 1 }
$data merge entity $(bone_3) { transformation: [-0.9952465414778343f,-0.04361938736533217f,0.08707278979269394f,0.375f,-0.04345340242735398f,0.9990482215818579f,0.0038016801040233403f,1.5f,-0.08715574274765829f,-4.908153442778053e-18f,-0.9961946980917455f,4.592425496802574e-17f,0f,0f,0f,1f], start_interpolation: 0, interpolation_duration: 1 }