# This file was generated by Animated Java via MC-Build. It is not recommended to edit this file directly.
$data merge entity $(bone_layer) { transformation: [-1.0001f,0f,1.224769263827268e-16f,0f,0f,1.0001f,0f,1.4857795624999999f,-1.224769263827268e-16f,0f,-1.0001f,0f,0f,0f,0f,1f], start_interpolation: 0, interpolation_duration: 1 }
$data merge entity $(bone_head) { transformation: [-1f,0f,1.2246467991473532e-16f,0f,0f,1f,0f,1.4857795624999999f,-1.2246467991473532e-16f,0f,-1f,0f,0f,0f,0f,1f], start_interpolation: 0, interpolation_duration: 1 }
$data merge entity $(bone_10) { transformation: [-0.999f,0f,1.2246467991473532e-16f,5.405991903260691e-20f,0f,1f,0f,1.123869112931899f,-1.2234221523482057e-16f,0f,-1f,-0.00044143273856793105f,0f,0f,0f,1f], start_interpolation: 0, interpolation_duration: 1 }
$data merge entity $(bone_9) { transformation: [-1f,-4.861911057729077e-18f,1.2236813166623617e-16f,-1.741501326684999e-18f,0f,0.9992116237223142f,0.03970051659886041f,1.4928897812500002f,-1.2246467991473532e-16f,0.03970051659886041f,-0.9992116237223142f,0.014220437499999999f,0f,0f,0f,1f], start_interpolation: 0, interpolation_duration: 1 }
$data merge entity $(item_display_item_display) { transformation: [-0.17263131244906174f,0.10316955434938788f,-0.9785476345163087f,-0.34042972020107143f,-0.8373849479683046f,-0.5371110700756716f,0.09109965597238626f,1.0562641040390288f,-0.5167067629499679f,0.8359836968850028f,0.1792941149738326f,0.41413991642790887f,0f,0f,0f,1f], start_interpolation: 0, interpolation_duration: 1 }
$data merge entity $(bone_2) { transformation: [-0.9785476381542412f,0.07415196667438047f,-0.1869411824641046f,-0.41294749169481965f,0.09109963832581784f,0.9913146496589904f,-0.0836487971723333f,1.143582086483507f,0.17929410408505148f,-0.0989835906087193f,-0.9777816080447331f,-0.02601248591775181f,0f,0f,0f,1f], start_interpolation: 0, interpolation_duration: 1 }
$data merge entity $(bone_1) { transformation: [-0.9795271653195607f,0.10559302036819383f,-0.17139616813262756f,-0.375f,0.09119082915497281f,0.9917715854371982f,0.0898518502726283f,1.5f,0.17947357766271418f,0.07238256951026578f,-0.9810963248081389f,-4.592425496802574e-17f,0f,0f,0f,1f], start_interpolation: 0, interpolation_duration: 1 }
$data merge entity $(bone_4) { transformation: [-0.9942512949363564f,-0.02408559778257769f,0.0942615854780426f,0.3913572702619996f,-0.04340994902492685f,0.976038667669799f,-0.20848284231326336f,1.1253569169068034f,-0.08706858700491063f,-0.2115878143769619f,-0.9724457095201504f,4.7927442834940345e-17f,0f,0f,0f,1f], start_interpolation: 0, interpolation_duration: 1 }
$data merge entity $(bone_3) { transformation: [-0.9952465414778343f,-0.04361938736533239f,0.08707278979269394f,0.375f,-0.0434534024273542f,0.9990482215818579f,0.0038016801040233602f,1.5f,-0.08715574274765829f,-5.3418343117722826e-18f,-0.9961946980917455f,4.592425496802574e-17f,0f,0f,0f,1f], start_interpolation: 0, interpolation_duration: 1 }