# This file was generated by Animated Java via MC-Build. It is not recommended to edit this file directly.
$data merge entity $(bone_layer) { transformation: [-1.0001f,0f,1.224769263827268e-16f,0f,0f,1.0001f,0f,1.4867109375f,-1.224769263827268e-16f,0f,-1.0001f,0f,0f,0f,0f,1f], start_interpolation: 0, interpolation_duration: 1 }
$data merge entity $(bone_head) { transformation: [-1f,0f,1.2246467991473532e-16f,0f,0f,1f,0f,1.4867109375f,-1.2246467991473532e-16f,0f,-1f,0f,0f,0f,0f,1f], start_interpolation: 0, interpolation_duration: 1 }
$data merge entity $(bone_10) { transformation: [-0.999f,0f,1.2246467991473532e-16f,5.226784863745337e-20f,0f,1f,0f,1.123925621211643f,-1.2234221523482057e-16f,0f,-1f,-0.0004267993732874186f,0f,0f,0f,1f], start_interpolation: 0, interpolation_duration: 1 }
$data merge entity $(bone_9) { transformation: [-1f,-4.543628964753688e-18f,1.22380363058986e-16f,-1.6274407854294108e-18f,0f,0.9993115006236246f,0.03710154607775188f,1.49335546875f,-1.2246467991473532e-16f,0.03710154607775188f,-0.9993115006236246f,0.013289062499999987f,0f,0f,0f,1f], start_interpolation: 0, interpolation_duration: 1 }
$data merge entity $(item_display_item_display) { transformation: [-0.1714635900236015f,0.10364812694260025f,-0.9787023567344205f,-0.3399702942891155f,-0.8373690984547365f,-0.537355449257186f,0.0897948445441589f,1.056122500721201f,-0.5171210982442314f,0.8357674239493299f,0.17910774080363354f,0.41394952028041515f,0f,0f,0f,1f], start_interpolation: 0, interpolation_duration: 1 }
$data merge entity $(bone_2) { transformation: [-0.9787023603477452f,0.07293421364929348f,-0.1866099952551079f,-0.4124953905070635f,0.08979482689792448f,0.9914508439924031f,-0.08344526954311327f,1.1435465507951392f,0.17910772990612092f,-0.09852321770075448f,-0.9778622585322361f,-0.02618062004003249f,0f,0f,0f,1f], start_interpolation: 0, interpolation_duration: 1 }
$data merge entity $(bone_1) { transformation: [-0.9796820423901353f,0.10433499967182887f,-0.17128135818521648f,-0.375f,0.08988471160953401f,0.9918704673526559f,0.09007616006743688f,1.5f,0.17928701692304397f,0.07285042098095984f,-0.9810958065987914f,-4.592425496802574e-17f,0f,0f,0f,1f], start_interpolation: 0, interpolation_duration: 1 }
$data merge entity $(bone_4) { transformation: [-0.9942512949363563f,-0.024330680023361573f,0.09419862274459885f,0.39135727026199973f,-0.0434099490249271f,0.9765776066586165f,-0.20594357115137618f,1.1253569169068034f,-0.08706858700491064f,-0.20905787759022498f,-0.9729927363420752f,4.792744283494036e-17f,0f,0f,0f,1f], start_interpolation: 0, interpolation_duration: 1 }
$data merge entity $(bone_3) { transformation: [-0.9952465414778342f,-0.04361938736533264f,0.08707278979269392f,0.375f,-0.04345340242735445f,0.9990482215818579f,0.0038016801040233823f,1.5f,-0.0871557427476583f,-5.341834311772312e-18f,-0.9961946980917455f,4.592425496802574e-17f,0f,0f,0f,1f], start_interpolation: 0, interpolation_duration: 1 }