# This file was generated by Animated Java via MC-Build. It is not recommended to edit this file directly.
$data merge entity $(bone_layer) { transformation: [-1.0001f,0f,1.224769263827268e-16f,0f,0f,1.0001f,0f,1.4876348125f,-1.224769263827268e-16f,0f,-1.0001f,0f,0f,0f,0f,1f], start_interpolation: 0, interpolation_duration: 1 }
$data merge entity $(bone_head) { transformation: [-1f,0f,1.2246467991473532e-16f,0f,0f,1f,0f,1.4876348125f,-1.2246467991473532e-16f,0f,-1f,0f,0f,0f,0f,1f], start_interpolation: 0, interpolation_duration: 1 }
$data merge entity $(bone_10) { transformation: [-0.999f,0f,1.2246467991473532e-16f,5.0244674898175046e-20f,0f,0.9999999999999999f,0f,1.12398407234672f,-1.2234221523482057e-16f,0f,-0.9999999999999999f,-0.00041027890599279124f,0f,0f,0f,1f], start_interpolation: 0, interpolation_duration: 1 }
$data merge entity $(bone_9) { transformation: [-1f,-4.2278795020789524e-18f,1.2239167807303926e-16f,-1.514298729273187e-18f,0f,0.9994038947250187f,0.034523256052459914f,1.49381740625f,-1.2246467991473532e-16f,0.034523256052459914f,-0.9994038947250187f,0.012365187500000006f,0f,0f,0f,1f], start_interpolation: 0, interpolation_duration: 1 }
$data merge entity $(item_display_item_display) { transformation: [-0.1703054282645694f,0.10412373657260812f,-0.9788540793120187f,-0.3395140669353296f,-0.8373515985417497f,-0.5375974323025501f,0.0885002892723091f,1.0559825601690203f,-0.5175319908210492f,0.8355526603774676f,0.17892286106850086f,0.4137605366260165f,0f,0f,0f,1f], start_interpolation: 0, interpolation_duration: 1 }
$data merge entity $(bone_2) { transformation: [-0.9788540829009369f,0.0717258493486173f,-0.18628227753435128f,-0.4120468321880311f,0.08850027162644347f,0.9915842703008286f,-0.08324263819713493f,1.1435119397453772f,0.17892285016232934f,-0.09806649492662024f,-0.9779420106849872f,-0.026347404914492924f,0f,0f,0f,1f], start_interpolation: 0, interpolation_duration: 1 }
$data merge entity $(bone_1) { transformation: [-0.9798339168177547f,0.1030868373927822f,-0.1711683364700709f,-0.375f,0.0885888604869304f,0.9919667763606898f,0.09029910516837147f,1.5f,0.1791019521144438f,0.0733145180229367f,-0.9810950372904044f,-4.592425496802574e-17f,0f,0f,0f,1f], start_interpolation: 0, interpolation_duration: 1 }
$data merge entity $(bone_4) { transformation: [-0.9942512949363563f,-0.024573626111566823f,0.09413553748243755f,0.39135727026199985f,-0.04340994902492732f,0.9771056791931101f,-0.2034233713569414f,1.1253569169068034f,-0.08706858700491064f,-0.20654691619169677f,-0.9735288555398184f,4.792744283494037e-17f,0f,0f,0f,1f], start_interpolation: 0, interpolation_duration: 1 }
$data merge entity $(bone_3) { transformation: [-0.9952465414778342f,-0.04361938736533287f,0.08707278979269392f,0.375f,-0.043453402427354675f,0.9990482215818578f,0.0038016801040234014f,1.5f,-0.0871557427476583f,-5.3418343117723404e-18f,-0.9961946980917455f,4.592425496802574e-17f,0f,0f,0f,1f], start_interpolation: 0, interpolation_duration: 1 }