# This file was generated by Animated Java via MC-Build. It is not recommended to edit this file directly.
$data merge entity $(bone_layer) { transformation: [-1.0001f,0f,1.224769263827268e-16f,0f,0f,1.0001f,0f,1.488093f,-1.224769263827268e-16f,0f,-1.0001f,0f,0f,0f,0f,1f], start_interpolation: 0, interpolation_duration: 1 }
$data merge entity $(bone_head) { transformation: [-1f,0f,1.2246467991473532e-16f,0f,0f,1f,0f,1.488093f,-1.2246467991473532e-16f,0f,-1f,0f,0f,0f,0f,1f], start_interpolation: 0, interpolation_duration: 1 }
$data merge entity $(bone_10) { transformation: [-0.999f,0f,1.2246467991473532e-16f,4.9150818089222545e-20f,0f,1f,0f,1.1240139489173397f,-1.2234221523482057e-16f,0f,-1f,-0.0004013468873102291f,0f,0f,0f,1f], start_interpolation: 0, interpolation_duration: 1 }
$data merge entity $(bone_9) { transformation: [-1f,-4.07127582488733e-18f,1.223969874620134e-16f,-1.4581869437447527e-18f,0f,0.9994472491760967f,0.03324448998455645f,1.4940465f,-1.2246467991473532e-16f,0.03324448998455645f,-0.9994472491760967f,0.011906999999999994f,0f,0f,0f,1f], start_interpolation: 0, interpolation_duration: 1 }
$data merge entity $(item_display_item_display) { transformation: [-0.16973110743287242f,0.10435993989984513f,-0.978928676724567f,-0.3392876201746158f,-0.8373422627834026f,-0.5377172827569253f,0.08785817424281335f,1.0559133513156802f,-0.5177357300074836f,0.8354460645479216f,0.1788311692770815f,0.4136667673092853f,0f,0f,0f,1f], start_interpolation: 0, interpolation_duration: 1 }
$data merge entity $(bone_2) { transformation: [-0.9789286803013822f,0.07112641852211907f,-0.18612004586183234f,-0.41182433792390255f,0.08785815659714444f,0.9916498240688973f,-0.08314187118099128f,1.1434950106826087f,0.1788311583666165f,-0.0978399663345264f,-0.9779814710846585f,-0.02643012208206855f,0f,0f,0f,1f], start_interpolation: 0, interpolation_duration: 1 }
$data merge entity $(bone_1) { transformation: [-0.9799085888902725f,0.10246772291868536f,-0.17111260379917806f,-0.375f,0.08794610269984428f,0.992013883317958f,0.09040983532964326f,1.5f,0.17901016853515167f,0.07354468753271236f,-0.9810945614448855f,-4.592425496802574e-17f,0f,0f,0f,1f], start_interpolation: 0, interpolation_duration: 1 }
$data merge entity $(bone_4) { transformation: [-0.9942512949363563f,-0.02469405246623065f,0.09410401845922171f,0.39135727026199985f,-0.043409949024927445f,0.9773651596829332f,-0.20217299761245958f,1.1253569169068034f,-0.08706858700491064f,-0.2053011164381466f,-0.9737923355347479f,4.7927442834940376e-17f,0f,0f,0f,1f], start_interpolation: 0, interpolation_duration: 1 }
$data merge entity $(bone_3) { transformation: [-0.9952465414778342f,-0.043619387365332996f,0.08707278979269392f,0.375f,-0.0434534024273548f,0.9990482215818579f,0.0038016801040234127f,1.5f,-0.0871557427476583f,-5.341834311772356e-18f,-0.9961946980917455f,4.592425496802574e-17f,0f,0f,0f,1f], start_interpolation: 0, interpolation_duration: 1 }