# This file was generated by Animated Java via MC-Build. It is not recommended to edit this file directly.
$data merge entity $(bone_layer) { transformation: [-1.0001f,0f,1.224769263827268e-16f,0f,0f,1.0001f,0f,1.497856f,-1.224769263827268e-16f,0f,-1.0001f,0f,0f,0f,0f,1f], start_interpolation: 0, interpolation_duration: 1 }
$data merge entity $(bone_head) { transformation: [-1f,0f,1.2246467991473532e-16f,0f,0f,1f,0f,1.497856f,-1.2246467991473532e-16f,0f,-1f,0f,0f,0f,0f,1f], start_interpolation: 0, interpolation_duration: 1 }
$data merge entity $(bone_10) { transformation: [-0.999f,9.62964972193618e-35f,1.2246467991473535e-16f,1.1761944254300933e-20f,0f,0.9999999999999999f,0f,1.1247923057892044f,-1.2234221523482057e-16f,0f,-0.9999999999999999f,-0.0000960435634379652f,0f,0f,0f,1f], start_interpolation: 0, interpolation_duration: 1 }
$data merge entity $(bone_9) { transformation: [-1f,-7.332133914560158e-19f,1.2246248496883104e-16f,-2.625642737371923e-19f,0f,0.9999820769065348f,0.005987141696418163f,1.498928f,-1.2246467991473532e-16f,0.005987141696418163f,-0.9999820769065348f,0.002143999999999998f,0f,0f,0f,1f], start_interpolation: 0, interpolation_duration: 1 }
$data merge entity $(item_display_item_display) { transformation: [-0.15750355379770178f,0.10944469953038939f,-0.9804159771677516f,-0.33443353360922523f,-0.8370398791289319f,-0.540245516097693f,0.0741621405041758f,1.0544694174441698f,-0.5220707531445503f,0.8331612329441647f,0.17687704381869856f,0.4116617322518646f,0f,0f,0f,1f], start_interpolation: 0, interpolation_duration: 1 }
$data merge entity $(bone_2) { transformation: [-0.9804159804868905f,0.058330242438344546f,-0.18271039385599533f,-0.4070780506164301f,0.07416212286487918f,0.9929490176989872f,-0.08095200913375085f,1.1431715406605272f,0.17687703281687978f,-0.09300984392901786f,-0.9788077871544525f,-0.02819290511933561f,0f,0f,0f,1f], start_interpolation: 0, interpolation_duration: 1 }
$data merge entity $(bone_1) { transformation: [-0.9813973778647552f,0.08926066258484898f,-0.1699756477707803f,-0.375f,0.07423635922410328f,0.9929139738141856f,0.09279441563840318f,1.5f,0.17705408690378355f,0.07844982294075983f,-0.9810695569587463f,-4.592425496802574e-17f,0f,0f,0f,1f], start_interpolation: 0, interpolation_duration: 1 }
$data merge entity $(bone_4) { transformation: [-0.9942512949363562f,-0.027250156913125052f,0.09339588569947163f,0.3913572702620008f,-0.043409949024929916f,0.9825131952244178f,-0.1754548304708589f,1.1253569169068034f,-0.08706858700491064f,-0.17867918221806067f,-0.9790269715379926f,4.792744283494049e-17f,0f,0f,0f,1f], start_interpolation: 0, interpolation_duration: 1 }
$data merge entity $(bone_3) { transformation: [-0.9952465414778341f,-0.04361938736533546f,0.08707278979269394f,0.375f,-0.04345340242735727f,0.9990482215818577f,0.003801680104023628f,1.5f,-0.0871557427476583f,-5.341834311772657e-18f,-0.9961946980917455f,4.592425496802574e-17f,0f,0f,0f,1f], start_interpolation: 0, interpolation_duration: 1 }