# This file was generated by Animated Java via MC-Build. It is not recommended to edit this file directly.
$data merge entity $(bone_layer) { transformation: [-1.0001f,0f,1.224769263827268e-16f,0f,0f,1.0001f,0f,1.4894480625000002f,-1.224769263827268e-16f,0f,-1.0001f,0f,0f,0f,0f,1f], start_interpolation: 0, interpolation_duration: 1 }
$data merge entity $(bone_head) { transformation: [-1f,0f,1.2246467991473532e-16f,0f,0f,1f,0f,1.4894480625000002f,-1.2246467991473532e-16f,0f,-1f,0f,0f,0f,0f,1f], start_interpolation: 0, interpolation_duration: 1 }
$data merge entity $(bone_10) { transformation: [-0.999f,0f,1.224646799147353e-16f,4.556578222870037e-20f,0f,1f,0f,1.1241057644450319f,-1.2234221523482057e-16f,0f,-1f,-0.00037207284794624033f,0f,0f,0f,1f], start_interpolation: 0, interpolation_duration: 1 }
$data merge entity $(bone_9) { transformation: [-1f,-3.608091663297723e-18f,1.2241151702829197e-16f,-1.2922396484177904e-18f,0f,0.9995658920883935f,0.029462304280791957f,1.49472403125f,-1.2246467991473532e-16f,0.029462304280791957f,-0.9995658920883935f,0.010551937499999983f,0f,0f,0f,1f], start_interpolation: 0, interpolation_duration: 1 }
$data merge entity $(item_display_item_display) { transformation: [-0.16803282086798965f,0.10505977344516287f,-0.9791467791474358f,-0.3386172006782958f,-0.8373121045050873f,-0.5380711140362494f,0.0859588034412509f,1.0557094223586574f,-0.5183381239696805f,0.8351304809689568f,0.17855998710839838f,0.4133892772208973f,0f,0f,0f,1f], start_interpolation: 0, interpolation_duration: 1 }
$data merge entity $(bone_2) { transformation: [-0.9791467826884623f,0.06935304553033535f,-0.18564140978375573f,-0.411166186767397f,0.08595878579621753f,0.9918412967015329f,-0.08284279873266986f,1.143445860000806f,0.1785599761852389f,-0.09716993996647769f,-0.9780978160039199f,-0.026674759776627373f,0f,0f,0f,1f], start_interpolation: 0, interpolation_duration: 1 }
$data merge entity $(bone_1) { transformation: [-0.9801269095980604f,0.10063634578753951f,-0.1709490186818465f,-0.375f,0.08604483062684437f,0.9921506504325404f,0.09073794117503818f,1.5f,0.17873871490013904f,0.07422541850887604f,-0.9810927881923447f,-4.592425496802574e-17f,0f,0f,0f,1f], start_interpolation: 0, interpolation_duration: 1 }
$data merge entity $(bone_4) { transformation: [-0.9942512949363563f,-0.025049968975179734f,0.09400990145575654f,0.391357270262f,-0.04340994902492778f,0.9781231928072393f,-0.19847316195955936f,1.1253569169068034f,-0.08706858700491064f,-0.20161477809653447f,-0.974562231163333f,4.792744283494039e-17f,0f,0f,0f,1f], start_interpolation: 0, interpolation_duration: 1 }
$data merge entity $(bone_3) { transformation: [-0.9952465414778342f,-0.04361938736533333f,0.08707278979269392f,0.375f,-0.04345340242735513f,0.9990482215818579f,0.0038016801040234413f,1.5f,-0.0871557427476583f,-5.341834311772396e-18f,-0.9961946980917455f,4.592425496802574e-17f,0f,0f,0f,1f], start_interpolation: 0, interpolation_duration: 1 }