# This file was generated by Animated Java via MC-Build. It is not recommended to edit this file directly.
$data merge entity $(bone_layer) { transformation: [-1.0001f,0f,1.224769263827268e-16f,0f,0f,1.0001f,0f,1.4903314375f,-1.224769263827268e-16f,0f,-1.0001f,0f,0f,0f,0f,1f], start_interpolation: 0, interpolation_duration: 1 }
$data merge entity $(bone_head) { transformation: [-1f,0f,1.2246467991473532e-16f,0f,0f,1f,0f,1.4903314375f,-1.2246467991473532e-16f,0f,-1f,0f,0f,0f,0f,1f], start_interpolation: 0, interpolation_duration: 1 }
$data merge entity $(bone_10) { transformation: [-0.999f,0f,1.2246467991473532e-16f,4.294783218928838e-20f,0f,1f,0f,1.1241684105495469f,-1.2234221523482057e-16f,0f,-1f,-0.00035069566359207f,0f,0f,0f,1f], start_interpolation: 0, interpolation_duration: 1 }
$data merge entity $(bone_9) { transformation: [-1f,-3.306110340725014e-18f,1.2242004517657036e-16f,-1.1840574117981134e-18f,0f,0.9996355297037804f,0.02699643965122725f,1.49516571875f,-1.2246467991473532e-16f,0.02699643965122725f,-0.9996355297037804f,0.009668562500000002f,0f,0f,0f,1f], start_interpolation: 0, interpolation_duration: 1 }
$data merge entity $(item_display_item_display) { transformation: [-0.16692588678211184f,0.10551702661245838f,-0.9792869372236471f,-0.33817957342929195f,-0.8372903935100862f,-0.5383012783920191f,0.08472030817486159f,1.055577086259628f,-0.5187307059137051f,0.834924482079897f,0.1783831941800721f,0.4132082403803758f,0f,0f,0f,1f], start_interpolation: 0, interpolation_duration: 1 }
$data merge entity $(bone_2) { transformation: [-0.9792869407413468f,0.06819649758193713f,-0.18533031433365288f,-0.41073702375252297f,0.08472029053028576f,0.9919641873725469f,-0.0826469802399736f,1.143414555826208f,0.17838318324863953f,-0.0967330795947253f,-0.9781733748401674f,-0.02683424606153809f,0f,0f,0f,1f], start_interpolation: 0, interpolation_duration: 1 }
$data merge entity $(bone_1) { transformation: [-0.9802672079492961f,0.0994421530504987f,-0.17084337627187218f,-0.375f,0.08480509562591168f,0.9922377577009861f,0.09095233888361104f,1.5f,0.17856174499363317f,0.07466920643210587f,-0.98109133766211f,-4.592425496802574e-17f,0f,0f,0f,1f], start_interpolation: 0, interpolation_duration: 1 }
$data merge entity $(bone_4) { transformation: [-0.9942512949363563f,-0.02528180069289038f,0.09394782100242405f,0.39135727026200007f,-0.04340994902492803f,0.978609819400699f,-0.19605967891992657f,1.1253569169068034f,-0.08706858700491064f,-0.19921006984150302f,-0.9750566184743898f,4.79274428349404e-17f,0f,0f,0f,1f], start_interpolation: 0, interpolation_duration: 1 }
$data merge entity $(bone_3) { transformation: [-0.9952465414778342f,-0.04361938736533358f,0.08707278979269392f,0.375f,-0.04345340242735538f,0.9990482215818579f,0.003801680104023463f,1.5f,-0.0871557427476583f,-5.341834311772427e-18f,-0.9961946980917455f,4.592425496802574e-17f,0f,0f,0f,1f], start_interpolation: 0, interpolation_duration: 1 }