# This file was generated by Animated Java via MC-Build. It is not recommended to edit this file directly.
$data merge entity $(bone_layer) { transformation: [-1.0001f,0f,1.224769263827268e-16f,0f,0f,1.0001f,0f,1.490766f,-1.224769263827268e-16f,0f,-1.0001f,0f,0f,0f,0f,1f], start_interpolation: 0, interpolation_duration: 1 }
$data merge entity $(bone_head) { transformation: [-1f,0f,1.2246467991473532e-16f,0f,0f,1f,0f,1.490766f,-1.2246467991473532e-16f,0f,-1f,0f,0f,0f,0f,1f], start_interpolation: 0, interpolation_duration: 1 }
$data merge entity $(bone_10) { transformation: [-0.999f,0f,1.2246467991473532e-16f,4.1578874446589754e-20f,0f,1f,0f,1.1242000391196016f,-1.2234221523482057e-16f,0f,-1f,-0.00033951727531185937f,0f,0f,0f,1f], start_interpolation: 0, interpolation_duration: 1 }
$data merge entity $(bone_9) { transformation: [-1f,-3.157547860147997e-18f,1.2242396709031059e-16f,-1.1308388543326663e-18f,0f,0.9996675545597876f,0.0257833349366234f,1.495383f,-1.2246467991473532e-16f,0.0257833349366234f,-0.9996675545597876f,0.009234000000000003f,0f,0f,0f,1f], start_interpolation: 0, interpolation_duration: 1 }
$data merge entity $(item_display_item_display) { transformation: [-0.16638140420572062f,0.10574226239874797f,-0.9793552993052762f,-0.33796412294421085f,-0.8372791192592881f,-0.5384143584158697f,0.08411096898751563f,1.0555121616869496f,-0.5189237947781193f,0.8348230666401248f,0.17829622154901206f,0.4131191418841269f,0f,0f,0f,1f], start_interpolation: 0, interpolation_duration: 1 }
$data merge entity $(bone_2) { transformation: [-0.9793553028115017f,0.06762741565095828f,-0.1851775459049076f,-0.41052587232123816f,0.08411095134317739f,0.9920240816547412f,-0.08255040448848767f,1.1433993699300788f,0.17829621061351048f,-0.09651815409258407f,-0.9782104616141778f,-0.026912704333648903f,0f,0f,0f,1f], start_interpolation: 0, interpolation_duration: 1 }
$data merge entity $(bone_1) { transformation: [-0.9803356384499516f,0.09885460124170613f,-0.17079169709991404f,-0.375f,0.08419514648966706f,0.9922800141076065f,0.09105795358007956f,1.5f,0.17847468529880928f,0.07488752510232725f,-0.9810905387840305f,-4.592425496802574e-17f,0f,0f,0f,1f], start_interpolation: 0, interpolation_duration: 1 }
$data merge entity $(bone_4) { transformation: [-0.9942512949363563f,-0.02539579030697634f,0.09391707167529573f,0.3913572702620001f,-0.043409949024928125f,0.9788470225661656f,-0.19487196498985068f,1.1253569169068034f,-0.08706858700491064f,-0.19802666549744385f,-0.9752976473410215f,4.7927442834940407e-17f,0f,0f,0f,1f], start_interpolation: 0, interpolation_duration: 1 }
$data merge entity $(bone_3) { transformation: [-0.9952465414778342f,-0.043619387365333676f,0.08707278979269392f,0.375f,-0.04345340242735548f,0.9990482215818579f,0.0038016801040234717f,1.5f,-0.0871557427476583f,-5.341834311772439e-18f,-0.9961946980917455f,4.592425496802574e-17f,0f,0f,0f,1f], start_interpolation: 0, interpolation_duration: 1 }