# This file was generated by Animated Java via MC-Build. It is not recommended to edit this file directly.
$data merge entity $(bone_layer) { transformation: [-1.0001f,0f,1.224769263827268e-16f,0f,0f,1.0001f,0f,1.4911953125f,-1.224769263827268e-16f,0f,-1.0001f,0f,0f,0f,0f,1f], start_interpolation: 0, interpolation_duration: 1 }
$data merge entity $(bone_head) { transformation: [-1f,0f,1.2246467991473532e-16f,0f,0f,1f,0f,1.4911953125f,-1.2246467991473532e-16f,0f,-1f,0f,0f,0f,0f,1f], start_interpolation: 0, interpolation_duration: 1 }
$data merge entity $(bone_10) { transformation: [-0.999f,0f,1.2246467991473532e-16f,4.017404316672697e-20f,0f,1f,0f,1.1242318116531762f,-1.2234221523482057e-16f,0f,-1f,-0.0003280459573707095f,0f,0f,0f,1f], start_interpolation: 0, interpolation_duration: 1 }
$data merge entity $(bone_9) { transformation: [-1f,-3.0107756132437103e-18f,1.2242766458944348e-16f,-1.0782632364367717e-18f,0f,0.9996977469314613f,0.0245848485893233f,1.49559765625f,-1.2246467991473532e-16f,0.0245848485893233f,-0.9996977469314613f,0.008804687500000005f,0f,0f,0f,1f], start_interpolation: 0, interpolation_duration: 1 }
$data merge entity $(item_display_item_display) { transformation: [-0.16584353645622196f,0.10596496952641185f,-0.9794224556589258f,-0.33775116753845225f,-0.8372675966804637f,-0.5385259776544613f,0.08350893928333279f,1.0554481356737933f,-0.5191145277919066f,0.8347228262271098f,0.17821029827373167f,0.4130310937362012f,0f,0f,0f,1f], start_interpolation: 0, interpolation_duration: 1 }
$data merge entity $(bone_2) { transformation: [-0.9794224591538166f,0.06706512096484873f,-0.18502679820788237f,-0.4103172516337947f,0.08350892163923736f,0.9920828896554669f,-0.08245483648343604f,1.1433845059192234f,0.17821028733421068f,-0.09630581292335716f,-0.9782470464486102f,-0.026990215700485397f,0f,0f,0f,1f], start_interpolation: 0, interpolation_duration: 1 }
$data merge entity $(bone_1) { transformation: [-0.9804028620158325f,0.09827409150273297f,-0.17074083017976943f,-0.375f,0.08359251415339075f,0.9923213748334656f,0.09116238602699948f,1.5f,0.1783886760102209f,0.07510320890569837f,-0.9810896943110693f,-4.592425496802574e-17f,0f,0f,0f,1f], start_interpolation: 0, interpolation_duration: 1 }
$data merge entity $(bone_4) { transformation: [-0.9942512949363562f,-0.025508366075896537f,0.09388655802358828f,0.3913572702620002f,-0.04340994902492824f,0.9790799445734544f,-0.1936983181643419f,1.1253569169068034f,-0.08706858700491064f,-0.19685727163145264f,-0.9755343539634003f,4.792744283494041e-17f,0f,0f,0f,1f], start_interpolation: 0, interpolation_duration: 1 }
$data merge entity $(bone_3) { transformation: [-0.9952465414778341f,-0.04361938736533379f,0.08707278979269392f,0.375f,-0.0434534024273556f,0.9990482215818579f,0.0038016801040234812f,1.5f,-0.0871557427476583f,-5.341834311772453e-18f,-0.9961946980917455f,4.592425496802574e-17f,0f,0f,0f,1f], start_interpolation: 0, interpolation_duration: 1 }