# This file was generated by Animated Java via MC-Build. It is not recommended to edit this file directly.
$data merge entity $(bone_layer) { transformation: [-1.0001f,0f,1.224769263827268e-16f,0f,0f,1.0001f,0f,1.491619f,-1.224769263827268e-16f,0f,-1.0001f,0f,0f,0f,0f,1f], start_interpolation: 0, interpolation_duration: 1 }
$data merge entity $(bone_head) { transformation: [-1f,0f,1.2246467991473532e-16f,0f,0f,1f,0f,1.491619f,-1.2246467991473532e-16f,0f,-1f,0f,0f,0f,0f,1f], start_interpolation: 0, interpolation_duration: 1 }
$data merge entity $(bone_10) { transformation: [-0.999f,3.851859888774472e-34f,1.2246467991473532e-16f,3.873661881865472e-20f,0f,1f,0f,1.1242636812768296f,-1.2234221523482057e-16f,0f,-1f,-0.0003163084968304721f,0f,0f,0f,1f], start_interpolation: 0, interpolation_duration: 1 }
$data merge entity $(bone_9) { transformation: [-1f,-2.8659221832296257e-18f,1.2243114112291142e-16f,-1.0263764823653959e-18f,0f,0.9997261349815534f,0.023402030570977627f,1.4958095f,-1.2246467991473532e-16f,0.023402030570977627f,-0.9997261349815534f,0.008380999999999993f,0f,0f,0f,1f], start_interpolation: 0, interpolation_duration: 1 }
$data merge entity $(item_display_item_display) { transformation: [-0.1653127522523034f,0.10618494616495439f,-0.9794883619271414f,-0.33754089735949494f,-0.8372558503772163f,-0.538636041977893f,0.08291474712929263f,1.0553850599524757f,-0.5193027392108511f,0.8346238503004427f,0.17812549945971048f,0.4129441738352555f,0f,0f,0f,1f], start_interpolation: 0, interpolation_duration: 1 }
$data merge entity $(bone_2) { transformation: [-0.9794883654108467f,0.0665101082497666f,-0.18487819645753792f,-0.41011134477844696f,0.08291472948544473f,0.9921405735914306f,-0.08236036588082139f,1.143369971578545f,0.17812548851622323f,-0.09609624204031897f,-0.978283099417845f,-0.02706671241509158f,0f,0f,0f,1f], start_interpolation: 0, interpolation_duration: 1 }
$data merge entity $(bone_1) { transformation: [-0.9804688342450918f,0.09770113329654811f,-0.1706908129532485f,-0.375f,0.08299772721265739f,0.9923618182162225f,0.09126554127449436f,1.5f,0.17830379230853177f,0.07531606932895035f,-0.9810888070655136f,-4.592425496802574e-17f,0f,0f,0f,1f], start_interpolation: 0, interpolation_duration: 1 }
$data merge entity $(bone_4) { transformation: [-0.9942512949363562f,-0.025619430893785572f,0.09385631187116354f,0.39135727026200023f,-0.043409949024928354f,0.9793084350807295f,-0.19253977590457982f,1.1253569169068034f,-0.08706858700491064f,-0.19570292215603535f,-0.9757665844947536f,4.792744283494042e-17f,0f,0f,0f,1f], start_interpolation: 0, interpolation_duration: 1 }
$data merge entity $(bone_3) { transformation: [-0.9952465414778341f,-0.0436193873653339f,0.08707278979269392f,0.375f,-0.04345340242735571f,0.9990482215818579f,0.0038016801040234908f,1.5f,-0.0871557427476583f,-5.341834311772467e-18f,-0.9961946980917455f,4.592425496802574e-17f,0f,0f,0f,1f], start_interpolation: 0, interpolation_duration: 1 }