# This file was generated by Animated Java via MC-Build. It is not recommended to edit this file directly.
$data merge entity $(bone_layer) { transformation: [-1.0001f,0f,1.224769263827268e-16f,0f,0f,1.0001f,0f,1.4920366875f,-1.224769263827268e-16f,0f,-1.0001f,0f,0f,0f,0f,1f], start_interpolation: 0, interpolation_duration: 1 }
$data merge entity $(bone_head) { transformation: [-1f,0f,1.2246467991473532e-16f,0f,0f,1f,0f,1.4920366875f,-1.2246467991473532e-16f,0f,-1f,0f,0f,0f,0f,1f], start_interpolation: 0, interpolation_duration: 1 }
$data merge entity $(bone_10) { transformation: [-0.999f,-3.851859888774472e-34f,1.2246467991473532e-16f,3.727002983982931e-20f,0f,1f,0f,1.1242955995103217f,-1.2234221523482057e-16f,0f,-1f,-0.00030433288900749353f,0f,0f,0f,1f], start_interpolation: 0, interpolation_duration: 1 }
$data merge entity $(bone_9) { transformation: [-1f,-2.7231161497682686e-18f,1.2243440066032686e-16f,-9.752245163735107e-19f,0f,0.9997527511244096f,0.0222359308142087f,1.4960183437499999f,-1.2246467991473532e-16f,0.0222359308142087f,-0.9997527511244096f,0.0079633125f,0f,0f,0f,1f], start_interpolation: 0, interpolation_duration: 1 }
$data merge entity $(item_display_item_display) { transformation: [-0.16478952018064347f,0.10640198992110025f,-0.9795529748714275f,-0.33733350286640534f,-0.8372439060811729f,-0.538744457551139f,0.08232892072576757f,1.0553229859101707f,-0.519488263359793f,0.834526228466643f,0.17804190021640148f,0.41285846015603933f,0f,0f,0f,1f], start_interpolation: 0, interpolation_duration: 1 }
$data merge entity $(bone_2) { transformation: [-0.9795529783441066f,0.06596287246973864f,-0.18473186534198982f,-0.40990833489480855f,0.08232890308217139f,0.9921970967537689f,-0.08226708278940383f,1.1433557742840277f,0.1780418892690046f,-0.09588962743140252f,-0.9783185907548677f,-0.027142126728140564f,0f,0f,0f,1f], start_interpolation: 0, interpolation_duration: 1 }
$data merge entity $(bone_1) { transformation: [-0.9805335118559626f,0.09713623622903249f,-0.17064168230145402f,-0.375f,0.08241131439656796f,0.9924013237314014f,0.09136732411312198f,1.5f,0.17822010937838298f,0.0755259178522171f,-0.9810878800320272f,-4.592425496802574e-17f,0f,0f,0f,1f], start_interpolation: 0, interpolation_duration: 1 }
$data merge entity $(bone_4) { transformation: [-0.9942512949363563f,-0.025728887775716334f,0.09382636543745673f,0.39135727026200023f,-0.043409949024928465f,0.9795323479327162f,-0.19139737636413273f,1.1253569169068034f,-0.08706858700491064f,-0.19456465168998444f,-0.9759941892602249f,4.8090073160813245e-17f,0f,0f,0f,1f], start_interpolation: 0, interpolation_duration: 1 }
$data merge entity $(bone_3) { transformation: [-0.9952465414778342f,-0.04361938736533401f,0.08707278979269392f,0.375f,-0.04345340242735582f,0.9990482215818578f,0.0038016801040235003f,1.5f,-0.0871557427476583f,-5.775515180766681e-18f,-0.9961946980917455f,4.592425496802574e-17f,0f,0f,0f,1f], start_interpolation: 0, interpolation_duration: 1 }