# This file was generated by Animated Java via MC-Build. It is not recommended to edit this file directly.
$data merge entity $(bone_layer) { transformation: [-1.0001f,0f,1.224769263827268e-16f,0f,0f,1.0001f,0f,1.492448f,-1.224769263827268e-16f,0f,-1.0001f,0f,0f,0f,0f,1f], start_interpolation: 0, interpolation_duration: 1 }
$data merge entity $(bone_head) { transformation: [-1f,0f,1.2246467991473532e-16f,0f,0f,1f,0f,1.492448f,-1.2246467991473532e-16f,0f,-1f,0f,0f,0f,0f,1f], start_interpolation: 0, interpolation_duration: 1 }
$data merge entity $(bone_10) { transformation: [-0.999f,0f,1.2246467991473532e-16f,3.5777846028775156e-20f,0f,1f,0f,1.1243275163243054f,-1.2234221523482057e-16f,0f,-1f,-0.00029214828351884804f,0f,0f,0f,1f], start_interpolation: 0, interpolation_duration: 1 }
$data merge entity $(bone_9) { transformation: [-1f,-2.5824860872458874e-18f,1.2243744767115884e-16f,-9.248532627160802e-19f,0f,0.999777631856014f,0.021087599208554783f,1.496224f,-1.2246467991473532e-16f,0.021087599208554783f,-0.999777631856014f,0.007551999999999993f,0f,0f,0f,1f], start_interpolation: 0, interpolation_duration: 1 }
$data merge entity $(item_display_item_display) { transformation: [-0.16427430869859147f,0.10661589786162881f,-0.9796162523277975f,-0.33712917481678806f,-0.8372317906066353f,-0.5388511308240983f,0.08175198839905101f,1.0552619646016628f,-0.5196709346299901f,0.8344300504732256f,0.177959575657066f,0.4127740307462998f,0f,0f,0f,1f], start_interpolation: 0, interpolation_duration: 1 }
$data merge entity $(bone_2) { transformation: [-0.9796162557896193f,0.0654239088148859f,-0.18458792904225552f,-0.4097084051709141f,0.08175197075571015f,0.9922524234660134f,-0.08217507775098792f,1.1433419210188573f,0.17795956470581958f,-0.09568615511768085f,-0.9783534908449553f,-0.027216390888078205f,0f,0f,0f,1f], start_interpolation: 0, interpolation_duration: 1 }
$data merge entity $(bone_1) { transformation: [-0.9805968526422616f,0.0965799100408045f,-0.1705934745662945f,-0.375f,0.08183380456027042f,0.9924398719475276f,0.09146763908600059f,1.5f,0.17813770240822782f,0.07573256594943488f,-0.9810869163511621f,-4.592425496802574e-17f,0f,0f,0f,1f], start_interpolation: 0, interpolation_duration: 1 }
$data merge entity $(bone_4) { transformation: [-0.9942512949363563f,-0.025836639854284058f,0.09379675132124038f,0.3913572702620003f,-0.04340994902492855f,0.9797515409959242f,-0.19027215834631414f,1.1253569169068034f,-0.08706858700491064f,-0.19344349551523246f,-0.9762170225927309f,4.7927442834940425e-17f,0f,0f,0f,1f], start_interpolation: 0, interpolation_duration: 1 }
$data merge entity $(bone_3) { transformation: [-0.9952465414778342f,-0.04361938736533409f,0.08707278979269392f,0.375f,-0.0434534024273559f,0.9990482215818578f,0.003801680104023508f,1.5f,-0.0871557427476583f,-5.34183431177249e-18f,-0.9961946980917455f,4.592425496802574e-17f,0f,0f,0f,1f], start_interpolation: 0, interpolation_duration: 1 }