# This file was generated by Animated Java via MC-Build. It is not recommended to edit this file directly.
$data merge entity $(bone_layer) { transformation: [-1.0001f,0f,1.224769263827268e-16f,0f,0f,1.0001f,0f,1.4928525625f,-1.224769263827268e-16f,0f,-1.0001f,0f,0f,0f,0f,1f], start_interpolation: 0, interpolation_duration: 1 }
$data merge entity $(bone_head) { transformation: [-1f,0f,1.2246467991473532e-16f,0f,0f,1f,0f,1.4928525625f,-1.2246467991473532e-16f,0f,-1f,0f,0f,0f,0f,1f], start_interpolation: 0, interpolation_duration: 1 }
$data merge entity $(bone_10) { transformation: [-0.999f,0f,1.2246467991473535e-16f,3.4263771591769954e-20f,0f,1.0000000000000002f,0f,1.1243593802025365f,-1.2234221523482057e-16f,0f,-1.0000000000000002f,-0.0002797849275042053f,0f,0f,0f,1f], start_interpolation: 0, interpolation_duration: 1 }
$data merge entity $(bone_9) { transformation: [-1f,-2.4441605631624376e-18f,1.2244028710257118e-16f,-8.753086456480768e-19f,0f,0.999800817573025f,0.019958085587323277f,1.49642628125f,-1.2246467991473532e-16f,0.019958085587323277f,-0.999800817573025f,0.007147437500000006f,0f,0f,0f,1f], start_interpolation: 0, interpolation_duration: 1 }
$data merge entity $(item_display_item_display) { transformation: [-0.1637675861373317f,0.10682646653764533f,-0.9796781531594104f,-0.33692810425296404f,-0.8372195318023249f,-0.5389559685207802f,0.08118447859365807f,1.0552020467630507f,-0.5198505874762936f,0.8343354062023914f,0.17787860089859897f,0.41269096372349223f,0f,0f,0f,1f], start_interpolation: 0, interpolation_duration: 1 }
$data merge entity $(bone_2) { transformation: [-0.9796781566105539f,0.06489371268915833f,-0.18444651125343636f,-0.40951173884019765f,0.08118446095057553f,0.9923065190392238f,-0.0820844417196265f,1.1433284183906172f,0.17787858994356667f,-0.0954860111517664f,-0.9783877702189521f,-0.027289437141270103f,0f,0f,0f,1f], start_interpolation: 0, interpolation_duration: 1 }
$data merge entity $(bone_1) { transformation: [-0.9806588154259799f,0.09603266459881082f,-0.17054622557349744f,-0.375f,0.08126572667725279f,0.9924774444782828f,0.09156639050151094f,1.5f,0.17805664659015683f,0.07593582508875146f,-0.9810859193124517f,-4.592425496802574e-17f,0f,0f,0f,1f], start_interpolation: 0, interpolation_duration: 1 }
$data merge entity $(bone_4) { transformation: [-0.9942512949363563f,-0.025942590375799823f,0.09376750248338737f,0.39135727026200035f,-0.04340994902492867f,0.979965875982892f,-0.1891651612605662f,1.1253569169068034f,-0.08706858700491064f,-0.192340489532694f,-0.9764349426578771f,4.792744283494043e-17f,0f,0f,0f,1f], start_interpolation: 0, interpolation_duration: 1 }
$data merge entity $(bone_3) { transformation: [-0.9952465414778342f,-0.04361938736533422f,0.08707278979269394f,0.375f,-0.04345340242735603f,0.9990482215818578f,0.0038016801040235185f,1.5f,-0.0871557427476583f,-5.341834311772505e-18f,-0.9961946980917455f,4.592425496802574e-17f,0f,0f,0f,1f], start_interpolation: 0, interpolation_duration: 1 }