# This file was generated by Animated Java via MC-Build. It is not recommended to edit this file directly.
$data merge entity $(bone_layer) { transformation: [-1.0001f,0f,1.224769263827268e-16f,0f,0f,1.0001f,0f,1.49325f,-1.224769263827268e-16f,0f,-1.0001f,0f,0f,0f,0f,1f], start_interpolation: 0, interpolation_duration: 1 }
$data merge entity $(bone_head) { transformation: [-1f,0f,1.2246467991473532e-16f,0f,0f,1f,0f,1.49325f,-1.2246467991473532e-16f,0f,-1f,0f,0f,0f,0f,1f], start_interpolation: 0, interpolation_duration: 1 }
$data merge entity $(bone_10) { transformation: [-0.999f,0f,1.2246467991473532e-16f,3.273163784647725e-20f,0f,0.9999999999999999f,0f,1.1243911382086247f,-1.2234221523482057e-16f,0f,-0.9999999999999999f,-0.0002672741060464638f,0f,0f,0f,1f], start_interpolation: 0, interpolation_duration: 1 }
$data merge entity $(bone_9) { transformation: [-1f,-2.308268136639648e-18f,1.2244292435591348e-16f,-8.266365894244637e-19f,0f,0.999822352380809f,0.018848439715408182f,1.4966249999999999f,-1.2246467991473532e-16f,0.018848439715408182f,-0.999822352380809f,0.0067500000000000025f,0f,0f,0f,1f], start_interpolation: 0, interpolation_duration: 1 }
$data merge entity $(item_display_item_display) { transformation: [-0.16326982070554058f,0.10703349201028935f,-0.9797386372063032f,-0.33673048248737614f,-0.8372071585002281f,-0.5390588776276233f,0.08062691986440693f,1.0551432828264031f,-0.5200270564141397f,0.8342423856643408f,0.17779905106134486f,0.4126093372712968f,0f,0f,0f,1f], start_interpolation: 0, interpolation_duration: 1 }
$data merge entity $(bone_2) { transformation: [-0.9797386406469569f,0.06437277969758613f,-0.18430773520733962f,-0.40931851917838896f,0.08062690222158514f,0.9923593497242931f,-0.08199526603974737f,1.1433152726495504f,0.17779904010259379f,-0.09528938161612778f,-0.9784213995461323f,-0.02736119773215206f,0f,0f,0f,1f], start_interpolation: 0, interpolation_duration: 1 }
$data merge entity $(bone_1) { transformation: [-0.9807193600069639f,0.09549500988769105f,-0.17049997065712572f,-0.375f,0.08070760983141656f,0.9925140239316861f,0.09166348244656826f,1.5f,0.1779770171197135f,0.07613550673294474f,-0.9810848923470827f,-4.592425496802574e-17f,0f,0f,0f,1f], start_interpolation: 0, interpolation_duration: 1 }
$data merge entity $(bone_4) { transformation: [-0.9942512949363563f,-0.02604664269608767f,0.09373865222863485f,0.39135727026200035f,-0.04340994902492876f,0.9801752182654435f,-0.18807742507792638f,1.1253569169068034f,-0.08706858700491064f,-0.19125667021715156f,-0.9766478112679187f,4.792744283494044e-17f,0f,0f,0f,1f], start_interpolation: 0, interpolation_duration: 1 }
$data merge entity $(bone_3) { transformation: [-0.9952465414778342f,-0.0436193873653343f,0.08707278979269394f,0.375f,-0.04345340242735611f,0.9990482215818578f,0.0038016801040235263f,1.5f,-0.0871557427476583f,-5.341834311772516e-18f,-0.9961946980917455f,4.592425496802574e-17f,0f,0f,0f,1f], start_interpolation: 0, interpolation_duration: 1 }