# This file was generated by Animated Java via MC-Build. It is not recommended to edit this file directly.
$data merge entity $(bone_layer) { transformation: [-1.0001f,0f,1.224769263827268e-16f,0f,0f,1.0001f,0f,1.4943958125f,-1.224769263827268e-16f,0f,-1.0001f,0f,0f,0f,0f,1f], start_interpolation: 0, interpolation_duration: 1 }
$data merge entity $(bone_head) { transformation: [-1f,0f,1.2246467991473532e-16f,0f,0f,1f,0f,1.4943958125f,-1.2246467991473532e-16f,0f,-1f,0f,0f,0f,0f,1f], start_interpolation: 0, interpolation_duration: 1 }
$data merge entity $(bone_10) { transformation: [-0.999f,3.851859888774472e-34f,1.2246467991473532e-16f,2.8066937870098475e-20f,0f,1f,0f,1.124485227857586f,-1.2234221523482057e-16f,0f,-1f,-0.00022918394013392122f,0f,0f,0f,1f], start_interpolation: 0, interpolation_duration: 1 }
$data merge entity $(bone_9) { transformation: [-1f,-1.9164748801780875e-18f,1.2244968334239262e-16f,-6.863150283696611e-19f,0f,0.9998775436937969f,0.015649204991287382f,1.49719790625f,-1.2246467991473532e-16f,0.015649204991287382f,-0.9998775436937969f,0.005604187500000003f,0f,0f,0f,1f], start_interpolation: 0, interpolation_duration: 1 }
$data merge entity $(item_display_item_display) { transformation: [-0.1618349475270256f,0.10763126304992288f,-0.9799112005550317f,-0.3361602268282928f,-0.8371696535205642f,-0.5393551069400151f,0.0790192371640214f,1.0549744145230953f,-0.520535705771644f,0.8339739683179588f,0.17756970232788344f,0.4123738840900156f,0f,0f,0f,1f], start_interpolation: 0, interpolation_duration: 1 }
$data merge entity $(bone_2) { transformation: [-0.9799112039654477f,0.06287051831332464f,-0.1839084834095494f,-0.40876137353080505f,0.07901921952198997f,0.9925099279760466f,-0.08173741991962966f,1.143278034305263f,0.17756969135841336f,-0.09472244082579488f,-0.9785180958545843f,-0.027568087949589443f,0f,0f,0f,1f], start_interpolation: 0, interpolation_duration: 1 }
$data merge entity $(bone_1) { transformation: [-0.9808920960615093f,0.09394469156397926f,-0.17036751688924637f,-0.375f,0.07909831783982979f,0.9926176436723118f,0.09194383930061165f,1.5f,0.17774743879721056f,0.07671120125103137f,-0.9810816681620627f,-4.592425496802574e-17f,0f,0f,0f,1f], start_interpolation: 0, interpolation_duration: 1 }
$data merge entity $(bone_4) { transformation: [-0.9942512949363563f,-0.02634644555101625f,0.09365483075744661f,0.39135727026200046f,-0.043409949024929034f,0.9807719932647351f,-0.1849401891238664f,1.1253569169068034f,-0.08706858700491064f,-0.18813070465595388f,-0.977254776976108f,4.792744283494045e-17f,0f,0f,0f,1f], start_interpolation: 0, interpolation_duration: 1 }
$data merge entity $(bone_3) { transformation: [-0.9952465414778342f,-0.04361938736533458f,0.08707278979269394f,0.375f,-0.04345340242735639f,0.9990482215818578f,0.0038016801040235515f,1.5f,-0.0871557427476583f,-5.34183431177255e-18f,-0.9961946980917455f,4.592425496802574e-17f,0f,0f,0f,1f], start_interpolation: 0, interpolation_duration: 1 }