# This file was generated by Animated Java via MC-Build. It is not recommended to edit this file directly.
$data merge entity $(bone_layer) { transformation: [-1.0001f,0f,1.224769263827268e-16f,0f,0f,1.0001f,0f,1.494761f,-1.224769263827268e-16f,0f,-1.0001f,0f,0f,0f,0f,1f], start_interpolation: 0, interpolation_duration: 1 }
$data merge entity $(bone_head) { transformation: [-1f,0f,1.2246467991473532e-16f,0f,0f,1f,0f,1.494761f,-1.2246467991473532e-16f,0f,-1f,0f,0f,0f,0f,1f], start_interpolation: 0, interpolation_duration: 1 }
$data merge entity $(bone_10) { transformation: [-0.999f,0f,1.2246467991473535e-16f,2.6503147920731112e-20f,0f,1f,0f,1.1245160072005156f,-1.2234221523482057e-16f,0f,-1f,-0.00021641462615330093f,0f,0f,0f,1f], start_interpolation: 0, interpolation_duration: 1 }
$data merge entity $(bone_9) { transformation: [-1f,-1.7916002224538793e-18f,1.2245157408241628e-16f,-6.415924580732993e-19f,0f,0.9998929827577374f,0.014629526029066186f,1.4973805f,-1.2246467991473532e-16f,0.014629526029066186f,-0.9998929827577374f,0.0052390000000000075f,0f,0f,0f,1f], start_interpolation: 0, interpolation_duration: 1 }
$data merge entity $(item_display_item_display) { transformation: [-0.16137769040600958f,0.10782206750124436f,-0.9799656334785315f,-0.33597831822870494f,-0.83715712825961f,-0.5394493763423539f,0.07850677020467133f,1.0549207650010437f,-0.5206977853259463f,0.8338883451179799f,0.177496603440888f,0.41229880294885757f,0f,0f,0f,1f], start_interpolation: 0, interpolation_duration: 1 }
$data merge entity $(bone_2) { transformation: [-0.9799656368793116f,0.06239159745763689f,-0.18378149825923532f,-0.40858377403491575f,0.07850675256290385f,0.9925573785859425f,-0.08165500607206543f,1.1432663721677578f,0.17749659246800234f,-0.09454173036964279f,-0.9785488341830271f,-0.027634028302422176f,0f,0f,0f,1f], start_interpolation: 0, interpolation_duration: 1 }
$data merge entity $(bone_1) { transformation: [-0.9809465834627744f,0.0934505016623743f,-0.1703255827283756f,-0.375f,0.07858533790080466f,0.9926500948375434f,0.09203333029958502f,1.5f,0.17767426673473707f,0.0768946874502181f,-0.9810805583550245f,-4.592425496802574e-17f,0f,0f,0f,1f], start_interpolation: 0, interpolation_duration: 1 }
$data merge entity $(bone_4) { transformation: [-0.9942512949363563f,-0.02644194064525702f,0.09362791406568527f,0.3913572702620005f,-0.043409949024929145f,0.9809600844819485f,-0.18393990588999845f,1.1253569169068034f,-0.08706858700491064f,-0.18713400660510943f,-0.9774461236962819f,4.7927442834940456e-17f,0f,0f,0f,1f], start_interpolation: 0, interpolation_duration: 1 }
$data merge entity $(bone_3) { transformation: [-0.9952465414778342f,-0.04361938736533469f,0.08707278979269394f,0.375f,-0.0434534024273565f,0.9990482215818578f,0.003801680104023561f,1.5f,-0.0871557427476583f,-5.341834311772562e-18f,-0.9961946980917455f,4.592425496802574e-17f,0f,0f,0f,1f], start_interpolation: 0, interpolation_duration: 1 }