# This file was generated by Animated Java via MC-Build. It is not recommended to edit this file directly.
$data merge entity $(bone_layer) { transformation: [-1.0001f,0f,1.224769263827268e-16f,0f,0f,1.0001f,0f,1.4951171875f,-1.224769263827268e-16f,0f,-1.0001f,0f,0f,0f,0f,1f], start_interpolation: 0, interpolation_duration: 1 }
$data merge entity $(bone_head) { transformation: [-1f,0f,1.2246467991473532e-16f,0f,0f,1f,0f,1.4951171875f,-1.2246467991473532e-16f,0f,-1f,0f,0f,0f,0f,1f], start_interpolation: 0, interpolation_duration: 1 }
$data merge entity $(bone_10) { transformation: [-0.999f,1.925929944387236e-34f,1.2246467991473535e-16f,2.494208284055603e-20f,0f,0.9999999999999999f,0f,1.124546397343716f,-1.2234221523482057e-16f,0f,-0.9999999999999999f,-0.00020366756241817392f,0f,0f,0f,1f], start_interpolation: 0, interpolation_duration: 1 }
$data merge entity $(bone_9) { transformation: [-1f,-1.669801289011534e-18f,1.2245329554680754e-16f,-5.979720698961686e-19f,0f,0.9999070395812432f,0.01363496226156076f,1.49755859375f,-1.2246467991473532e-16f,0.01363496226156076f,-0.9999070395812432f,0.0048828125f,0f,0f,0f,1f], start_interpolation: 0, interpolation_duration: 1 }
$data merge entity $(item_display_item_display) { transformation: [-0.1609317297837429f,0.1080083027055459f,-0.9800184615074756f,-0.3358008184768634f,-0.837144645416324f,-0.539541255552976f,0.07800689845837977f,1.054868517560969f,-0.520855854339365f,0.8338047973614602f,0.1774253051214078f,0.41222555415466916f,0f,0f,0f,1f], start_interpolation: 0, interpolation_duration: 1 }
$data merge entity $(bone_2) { transformation: [-0.9800184648988579f,0.06192442029833769f,-0.18365776495427738f,-0.4084105381070675f,0.07800688081687535f,0.9926034077917226f,-0.08157451431348539f,1.1432550935227845f,0.1774252941451911f,-0.09436546513939327f,-0.9785787776088944f,-0.027698344191646365f,0f,0f,0f,1f], start_interpolation: 0, interpolation_duration: 1 }
$data merge entity $(bone_1) { transformation: [-0.9809994643632212f,0.09296845386314435f,-0.17028481290288167f,-0.375f,0.078084965782658f,0.9926814788931216f,0.09212067944433613f,1.5f,0.17760289704223334f,0.07707365340284193f,-0.9810794376162129f,-4.592425496802574e-17f,0f,0f,0f,1f], start_interpolation: 0, interpolation_duration: 1 }
$data merge entity $(bone_4) { transformation: [-0.9942512949363563f,-0.02653505578473492f,0.0936015669306858f,0.3913572702620005f,-0.04340994902492923f,0.9811425574375486f,-0.18296409022144103f,1.1253569169068034f,-0.08706858700491064f,-0.18616168456319784f,-0.9776317754438839f,4.7927442834940456e-17f,0f,0f,0f,1f], start_interpolation: 0, interpolation_duration: 1 }
$data merge entity $(bone_3) { transformation: [-0.9952465414778342f,-0.04361938736533477f,0.08707278979269394f,0.375f,-0.04345340242735658f,0.9990482215818578f,0.003801680104023569f,1.5f,-0.0871557427476583f,-5.341834311772573e-18f,-0.9961946980917455f,4.592425496802574e-17f,0f,0f,0f,1f], start_interpolation: 0, interpolation_duration: 1 }