# This file was generated by Animated Java via MC-Build. It is not recommended to edit this file directly.
$data merge entity $(bone_layer) { transformation: [-1.0001f,0f,1.224769263827268e-16f,0f,0f,1.0001f,0f,1.4958010625f,-1.224769263827268e-16f,0f,-1.0001f,0f,0f,0f,0f,1f], start_interpolation: 0, interpolation_duration: 1 }
$data merge entity $(bone_head) { transformation: [-1f,0f,1.2246467991473532e-16f,0f,0f,1f,0f,1.4958010625f,-1.2246467991473532e-16f,0f,-1f,0f,0f,0f,0f,1f], start_interpolation: 0, interpolation_duration: 1 }
$data merge entity $(bone_10) { transformation: [-0.999f,0f,1.2246467991473535e-16f,2.1845881282106332e-20f,0f,1f,0f,1.1246057700109384f,-1.2234221523482057e-16f,0f,-1f,-0.00017838515804978472f,0f,0f,0f,1f], start_interpolation: 0, interpolation_duration: 1 }
$data merge entity $(bone_9) { transformation: [-1f,-1.435944519246665e-18f,1.2245626113007135e-16f,-5.142215369194793e-19f,0f,0.9999312554062948f,0.01172537682086317f,1.49790053125f,-1.2246467991473532e-16f,0.01172537682086317f,-0.9999312554062948f,0.004198937500000003f,0f,0f,0f,1f], start_interpolation: 0, interpolation_duration: 1 }
$data merge entity $(item_display_item_display) { transformation: [-0.16007556826897876f,0.10836624006908627f,-0.9801191613557266f,-0.3354598159979191f,-0.8371199415065036f,-0.5397174766200757f,0.07704705680950139f,1.054768424630034f,-0.5211592999990614f,0.8336442907164588f,0.17728841073330467f,0.4120848676319442f,0f,0f,0f,1f], start_interpolation: 0, interpolation_duration: 1 }
$data merge entity $(bone_2) { transformation: [-0.9801191647290666f,0.061027283238162755f,-0.18342053764877522f,-0.4080778908144879f,0.07704703916851756f,0.9926910854349301f,-0.08141966994151428f,1.1432337047099876f,0.17728839975069333f,-0.09402701525938839f,-0.9786361651376108f,-0.0278218315231841f,0f,0f,0f,1f], start_interpolation: 0, interpolation_duration: 1 }
$data merge entity $(bone_1) { transformation: [-0.9811002649940607f,0.09204282661422729f,-0.1702068979138247f,-0.375f,0.0771241633318494f,0.9927409955895999f,0.0922885643302146f,1.5f,0.17746586561630964f,0.07741727032538172f,-0.9810771798367449f,-4.592425496802574e-17f,0f,0f,0f,1f], start_interpolation: 0, interpolation_duration: 1 }
$data merge entity $(bone_4) { transformation: [-0.9942512949363562f,-0.026713761875908817f,0.09355072123621445f,0.3913572702620006f,-0.0434099490249294f,0.9814901817688382f,-0.18109003124696363f,1.1253569169068034f,-0.08706858700491064f,-0.18429432443190016f,-0.9779855127450294f,4.792744283494046e-17f,0f,0f,0f,1f], start_interpolation: 0, interpolation_duration: 1 }
$data merge entity $(bone_3) { transformation: [-0.9952465414778341f,-0.04361938736533494f,0.08707278979269394f,0.375f,-0.043453402427356756f,0.9990482215818578f,0.0038016801040235827f,1.5f,-0.0871557427476583f,-5.341834311772593e-18f,-0.9961946980917455f,4.592425496802574e-17f,0f,0f,0f,1f], start_interpolation: 0, interpolation_duration: 1 }