# This file was generated by Animated Java via MC-Build. It is not recommended to edit this file directly.
$data merge entity $(bone_layer) { transformation: [-1.0001f,0f,1.224769263827268e-16f,0f,0f,1.0001f,0f,1.4973269999999999f,-1.224769263827268e-16f,0f,-1.0001f,0f,0f,0f,0f,1f], start_interpolation: 0, interpolation_duration: 1 }
$data merge entity $(bone_head) { transformation: [-1f,0f,1.2246467991473532e-16f,0f,0f,1f,0f,1.4973269999999999f,-1.2246467991473532e-16f,0f,-1f,0f,0f,0f,0f,1f], start_interpolation: 0, interpolation_duration: 1 }
$data merge entity $(bone_10) { transformation: [-0.999f,0f,1.2246467991473532e-16f,1.4469467984966246e-20f,0f,1f,0f,1.124743117220203f,-1.2234221523482057e-16f,0f,-1f,-0.00011815217248794087f,0f,0f,0f,1f], start_interpolation: 0, interpolation_duration: 1 }
$data merge entity $(bone_9) { transformation: [-1f,-9.141198248367184e-19f,1.2246126820984837e-16f,-3.2734808941208773e-19f,0f,0.9999721413154443f,0.007464354828454737f,1.4986635000000001f,-1.2246467991473532e-16f,0.007464354828454737f,-0.9999721413154443f,0.0026730000000000018f,0f,0f,0f,1f], start_interpolation: 0, interpolation_duration: 1 }
$data merge entity $(item_display_item_display) { transformation: [-0.1581655746647688f,0.10916665529709352f,-0.980340396169723f,-0.3346979607736504f,-0.8370613257183286f,-0.5401097962232079f,0.07490490645077678f,1.0545461381219254f,-0.5218361696717063f,0.8332856949419996f,0.1769829444533894f,0.41177071600671683f,0f,0f,0f,1f], start_interpolation: 0, interpolation_duration: 1 }
$data merge entity $(bone_2) { transformation: [-0.9803403995028129f,0.0590247215106271f,-0.18289281930480022f,-0.4073354790306721f,0.0749048888110282f,0.9928834114100046f,-0.08107273881545482f,1.1431872413164146f,0.17698293345651409f,-0.09327171917266439f,-0.9787637241273823f,-0.02809737819559592f,0f,0f,0f,1f], start_interpolation: 0, interpolation_duration: 1 }
$data merge entity $(bone_1) { transformation: [-0.9813217212240369f,0.08997698512882658f,-0.17003476585986954f,-0.375f,0.07497986867970792f,0.9928702850325858f,0.09266399728095964f,1.5f,0.17716009355006415f,0.07818400889209287f,-0.9810716395895326f,-4.592425496802574e-17f,0f,0f,0f,1f], start_interpolation: 0, interpolation_duration: 1 }
$data merge entity $(bone_4) { transformation: [-0.9942512949363562f,-0.027112158467906468f,0.09343603898170033f,0.39135727026200073f,-0.04340994902492978f,0.9822529332047572f,-0.17690605285377758f,1.1253569169068034f,-0.08706858700491064f,-0.18012525107230712f,-0.9787619501610729f,4.792744283494048e-17f,0f,0f,0f,1f], start_interpolation: 0, interpolation_duration: 1 }
$data merge entity $(bone_3) { transformation: [-0.9952465414778341f,-0.04361938736533532f,0.08707278979269394f,0.375f,-0.04345340242735713f,0.9990482215818577f,0.0038016801040236157f,1.5f,-0.0871557427476583f,-5.34183431177264e-18f,-0.9961946980917455f,4.592425496802574e-17f,0f,0f,0f,1f], start_interpolation: 0, interpolation_duration: 1 }