# This file was generated by Animated Java via MC-Build. It is not recommended to edit this file directly.
$data merge entity $(bone_layer) { transformation: [-1.0001f,0f,1.224769263827268e-16f,0f,0f,1.0001f,0f,1.4975976874999999f,-1.224769263827268e-16f,0f,-1.0001f,0f,0f,0f,0f,1f], start_interpolation: 0, interpolation_duration: 1 }
$data merge entity $(bone_head) { transformation: [-1f,0f,1.2246467991473532e-16f,0f,0f,1f,0f,1.4975976874999999f,-1.2246467991473532e-16f,0f,-1f,0f,0f,0f,0f,1f], start_interpolation: 0, interpolation_duration: 1 }
$data merge entity $(bone_10) { transformation: [-0.999f,9.62964972193618e-35f,1.2246467991473535e-16f,1.3093685939783883e-20f,0f,1f,0f,1.124768185395829f,-1.2234221523482057e-16f,0f,-1f,-0.00010691805954908973f,0f,0f,0f,1f], start_interpolation: 0, interpolation_duration: 1 }
$data merge entity $(bone_9) { transformation: [-1f,-8.215508428028615e-19f,1.2246192420843007e-16f,-2.9419843136766884e-19f,0f,0.9999774979503708f,0.006708471727316458f,1.49879884375f,-1.2246467991473532e-16f,0.006708471727316458f,-0.9999774979503708f,0.0024023125000000103f,0f,0f,0f,1f], start_interpolation: 0, interpolation_duration: 1 }
$data merge entity $(item_display_item_display) { transformation: [-0.15782681299938361f,0.109308893408287f,-0.9803791424343511f,-0.3345626744210655f,-0.837050423999861f,-0.540179262098209f,0.07452484472099356f,1.054506858520109f,-0.5219562096384244f,0.8332220176044863f,0.17692875571539696f,0.41171495428630994f,0f,0f,0f,1f], start_interpolation: 0, interpolation_duration: 1 }
$data merge entity $(bone_2) { transformation: [-0.9803791457603022f,0.05866937473535372f,-0.18279943934942197f,-0.4072037572945184f,0.0745248270814747f,0.9929170506342222f,-0.08101099128089781f,1.143179181163994f,0.176928744715992f,-0.09313772075802607f,-0.9787862811999477f,-0.02814625883342043f,0f,0f,0f,1f], start_interpolation: 0, interpolation_duration: 1 }
$data merge entity $(bone_1) { transformation: [-0.9813605062665687f,0.08961045508039898f,-0.1700044795895328f,-0.375f,0.07459942650798268f,0.9928927132827995f,0.09273071483926261f,1.5f,0.17710585056655856f,0.07832002457995238f,-0.9810705843337122f,-4.592425496802574e-17f,0f,0f,0f,1f], start_interpolation: 0, interpolation_duration: 1 }
$data merge entity $(bone_4) { transformation: [-0.9942512949363562f,-0.02718277921339225f,0.093415518152043f,0.3913572702620008f,-0.043409949024929874f,0.9823863762249595f,-0.17616351532949517f,1.1253569169068034f,-0.08706858700491064f,-0.17938535146947832f,-0.9788978275770869f,4.792744283494049e-17f,0f,0f,0f,1f], start_interpolation: 0, interpolation_duration: 1 }
$data merge entity $(bone_3) { transformation: [-0.9952465414778341f,-0.04361938736533542f,0.08707278979269394f,0.375f,-0.04345340242735723f,0.9990482215818577f,0.0038016801040236243f,1.5f,-0.0871557427476583f,-5.3418343117726524e-18f,-0.9961946980917455f,4.592425496802574e-17f,0f,0f,0f,1f], start_interpolation: 0, interpolation_duration: 1 }