# This file was generated by Animated Java via MC-Build. It is not recommended to edit this file directly.
$data merge entity $(bone_layer) { transformation: [-1.0001f,0f,1.224769263827268e-16f,0f,0f,1.0001f,0f,1.4981015625f,-1.224769263827268e-16f,0f,-1.0001f,0f,0f,0f,0f,1f], start_interpolation: 0, interpolation_duration: 1 }
$data merge entity $(bone_head) { transformation: [-1f,0f,1.2246467991473532e-16f,0f,0f,1f,0f,1.4981015625f,-1.2246467991473532e-16f,0f,-1f,0f,0f,0f,0f,1f], start_interpolation: 0, interpolation_duration: 1 }
$data merge entity $(bone_10) { transformation: [-0.999f,-9.62964972193618e-35f,1.2246467991473532e-16f,1.0478877512469137e-20f,0f,1f,0f,1.1248154152990977f,-1.2234221523482057e-16f,0f,-1f,-0.00008556652840447515f,0f,0f,0f,1f], start_interpolation: 0, interpolation_duration: 1 }
$data merge entity $(bone_9) { transformation: [-1f,-6.492358179663124e-19f,1.2246295896911542e-16f,-2.324915407756298e-19f,0f,0.9999859474125837f,0.005301412769937713f,1.49905078125f,-1.2246467991473532e-16f,0.005301412769937713f,-0.9999859474125837f,0.0018984374999999956f,0f,0f,0f,1f], start_interpolation: 0, interpolation_duration: 1 }
$data merge entity $(item_display_item_display) { transformation: [-0.15719626422213662f,0.10957386643337969f,-0.9804508668512893f,-0.33431073143108136f,-0.8370297265773444f,-0.540308467139054f,0.0738173229242439f,1.0544338631795234f,-0.5221796351261317f,0.8331034318334586f,0.17682788390650941f,0.41161112853126314f,0f,0f,0f,1f], start_interpolation: 0, interpolation_duration: 1 }
$data merge entity $(bone_2) { transformation: [-0.9804508701639525f,0.05800782139810493f,-0.18262580280834964f,-0.4069585424849712f,0.07381730528516121f,0.9929792852984045f,-0.08089588622857641f,1.1431643236168219f,0.1768278729023961f,-0.09288827495930274f,-0.9788282136002715f,-0.028237249288768456f,0f,0f,0f,1f], start_interpolation: 0, interpolation_duration: 1 }
$data merge entity $(bone_1) { transformation: [-0.9814323024664189f,0.08892811821905035f,-0.1699483023318636f,-0.375f,0.07389119648164286f,0.9929340560227565f,0.0928550024107941f,1.5f,0.1770048777801763f,0.07857321541222514f,-0.9810685618558006f,-4.592425496802574e-17f,0f,0f,0f,1f], start_interpolation: 0, interpolation_duration: 1 }
$data merge entity $(bone_4) { transformation: [-0.9942512949363562f,-0.027314195782934952f,0.09337717722286434f,0.39135727026200084f,-0.043409949024929985f,0.9826332805783365f,-0.17478104080680276f,1.1253569169068034f,-0.08706858700491064f,-0.1780077824382624f,-0.9791492687779432f,4.7927442834940493e-17f,0f,0f,0f,1f], start_interpolation: 0, interpolation_duration: 1 }
$data merge entity $(bone_3) { transformation: [-0.9952465414778341f,-0.04361938736533553f,0.08707278979269394f,0.375f,-0.04345340242735734f,0.9990482215818578f,0.003801680104023634f,1.5f,-0.0871557427476583f,-5.341834311772666e-18f,-0.9961946980917455f,4.592425496802574e-17f,0f,0f,0f,1f], start_interpolation: 0, interpolation_duration: 1 }