# This file was generated by Animated Java via MC-Build. It is not recommended to edit this file directly.
$data merge entity $(bone_layer) { transformation: [-1.0001f,0f,1.224769263827268e-16f,0f,0f,1.0001f,0f,1.498334f,-1.224769263827268e-16f,0f,-1.0001f,0f,0f,0f,0f,1f], start_interpolation: 0, interpolation_duration: 1 }
$data merge entity $(bone_head) { transformation: [-1f,0f,1.2246467991473532e-16f,0f,0f,1f,0f,1.498334f,-1.2246467991473532e-16f,0f,-1f,0f,0f,0f,0f,1f], start_interpolation: 0, interpolation_duration: 1 }
$data merge entity $(bone_10) { transformation: [-0.999f,9.62964972193618e-35f,1.2246467991473532e-16f,9.249085200659324e-21f,0f,1f,0f,1.1248374510977877f,-1.2234221523482057e-16f,0f,-1f,-0.00007552451210503242f,0f,0f,0f,1f], start_interpolation: 0, interpolation_duration: 1 }
$data merge entity $(bone_9) { transformation: [-1f,-5.697464559382553e-19f,1.2246335458248123e-16f,-2.0402615673794915e-19f,0f,0.9999891778408678f,0.004652332871281213f,1.499167f,-1.2246467991473532e-16f,0.004652332871281213f,-0.9999891778408678f,0.0016660000000000008f,0f,0f,0f,1f], start_interpolation: 0, interpolation_duration: 1 }
$data merge entity $(item_display_item_display) { transformation: [-0.15690541144179437f,0.10969618700317871f,-0.9804837777430309f,-0.3341944609122788f,-0.837020001587684f,-0.5403680240943534f,0.07349092106184724f,1.0544002440731244f,-0.5222826905062383f,0.8330487051147302f,0.1767813511211989f,0.4115632217366447f,0f,0f,0f,1f], start_interpolation: 0, interpolation_duration: 1 }
$data merge entity $(bone_2) { transformation: [-0.9804837810495648f,0.05770260832786918f,-0.18254578628637147f,-0.4068454163715826f,0.07349090342296949f,0.9930078259171314f,-0.080842716316362f,1.1431575339243574f,0.17678134011491384f,-0.09277320011454022f,-0.9788475321150288f,-0.02827922357799796f,0f,0f,0f,1f], start_interpolation: 0, interpolation_duration: 1 }
$data merge entity $(bone_1) { transformation: [-0.9814652462958606f,0.08861333251222993f,-0.1699224753070722f,-0.375f,0.07356446789086035f,0.992952949080049f,0.09291237795454498f,1.5f,0.17695829841332716f,0.07869001343442898f,-0.9810676033833495f,-4.592425496802574e-17f,0f,0f,0f,1f], start_interpolation: 0, interpolation_duration: 1 }
$data merge entity $(bone_4) { transformation: [-0.9942512949363562f,-0.027374800025166658f,0.09335942823818522f,0.39135727026200084f,-0.043409949024930054f,0.9827465218384953f,-0.1741431886121098f,1.1253569169068034f,-0.08706858700491064f,-0.17737219099374626f,-0.9792646052109952f,4.7927442834940493e-17f,0f,0f,0f,1f], start_interpolation: 0, interpolation_duration: 1 }
$data merge entity $(bone_3) { transformation: [-0.9952465414778341f,-0.0436193873653356f,0.08707278979269394f,0.375f,-0.04345340242735741f,0.9990482215818578f,0.00380168010402364f,1.5f,-0.0871557427476583f,-5.341834311772674e-18f,-0.9961946980917455f,4.592425496802574e-17f,0f,0f,0f,1f], start_interpolation: 0, interpolation_duration: 1 }