# This file was generated by Animated Java via MC-Build. It is not recommended to edit this file directly.
$data merge entity $(bone_layer) { transformation: [-1.0001f,0f,1.224769263827268e-16f,0f,0f,1.0001f,0f,1.4985529375f,-1.224769263827268e-16f,0f,-1.0001f,0f,0f,0f,0f,1f], start_interpolation: 0, interpolation_duration: 1 }
$data merge entity $(bone_head) { transformation: [-1f,0f,1.2246467991473532e-16f,0f,0f,1f,0f,1.4985529375f,-1.2246467991473532e-16f,0f,-1f,0f,0f,0f,0f,1f], start_interpolation: 0, interpolation_duration: 1 }
$data merge entity $(bone_10) { transformation: [-0.999f,0f,1.2246467991473532e-16f,8.077118714761187e-21f,0f,1.0000000000000002f,0f,1.124858350775729f,-1.2234221523482057e-16f,0f,-1.0000000000000002f,-0.0000659546795074694f,0f,0f,0f,1f], start_interpolation: 0, interpolation_duration: 1 }
$data merge entity $(bone_9) { transformation: [-1f,-4.948736261881518e-19f,1.2246368003090826e-16f,-1.7721404587911736e-19f,0f,0.9999918353289475f,0.004040949819431219f,1.49927646875f,-1.2246467991473532e-16f,0.004040949819431219f,-0.9999918353289475f,0.0014470625000000056f,0f,0f,0f,1f], start_interpolation: 0, interpolation_duration: 1 }
$data merge entity $(item_display_item_display) { transformation: [-0.15663146264487426f,0.10981145429167445f,-0.9805146757780198f,-0.33408491498355936f,-0.8370107390729222f,-0.540424095763598f,0.07318346394301263f,1.0543686085644635f,-0.5223797541887778f,0.8329971435872066f,0.17673752060393705f,0.4115180904576399f,0f,0f,0f,1f], start_interpolation: 0, interpolation_duration: 1 }
$data merge entity $(bone_2) { transformation: [-0.9805146790787806f,0.057415099854984636f,-0.1824704645132412f,-0.4067388557262293f,0.07318344630433009f,0.9930346117344617f,-0.0807925930046041f,1.143151175591757f,0.17673750959560655f,-0.0926648056493322f,-0.9788657142304629f,-0.02831876022435415f,0f,0f,0f,1f], start_interpolation: 0, interpolation_duration: 1 }
$data merge entity $(bone_1) { transformation: [-0.9814961752540347f,0.08831681593385544f,-0.1698981988868829f,-0.375f,0.07325670300733743f,0.992970641831633f,0.09296644515613917f,1.5f,0.17691442401962618f,0.07880002845037665f,-0.981066685852712f,-4.592425496802574e-17f,0f,0f,0f,1f], start_interpolation: 0, interpolation_duration: 1 }
$data merge entity $(bone_4) { transformation: [-0.9942512949363562f,-0.027431873817562326f,0.09334267414337379f,0.39135727026200084f,-0.043409949024930096f,0.9828528073599088f,-0.17354231584947538f,1.1253569169068034f,-0.08706858700491064f,-0.176773446432442f,-0.9793728655590601f,4.79274428349405e-17f,0f,0f,0f,1f], start_interpolation: 0, interpolation_duration: 1 }
$data merge entity $(bone_3) { transformation: [-0.9952465414778341f,-0.04361938736533564f,0.08707278979269394f,0.375f,-0.04345340242735745f,0.9990482215818578f,0.0038016801040236434f,1.5f,-0.0871557427476583f,-5.3418343117726786e-18f,-0.9961946980917455f,4.592425496802574e-17f,0f,0f,0f,1f], start_interpolation: 0, interpolation_duration: 1 }