# This file was generated by Animated Java via MC-Build. It is not recommended to edit this file directly.
$data merge entity $(bone_layer) { transformation: [-1.0001f,0f,1.224769263827268e-16f,0f,0f,1.0001f,0f,1.498758f,-1.224769263827268e-16f,0f,-1.0001f,0f,0f,0f,0f,1f], start_interpolation: 0, interpolation_duration: 1 }
$data merge entity $(bone_head) { transformation: [-1f,0f,1.2246467991473532e-16f,0f,0f,1f,0f,1.498758f,-1.2246467991473532e-16f,0f,-1f,0f,0f,0f,0f,1f], start_interpolation: 0, interpolation_duration: 1 }
$data merge entity $(bone_10) { transformation: [-0.999f,-4.81482486096809e-35f,1.2246467991473532e-16f,6.967468017617745e-21f,0f,0.9999999999999999f,0f,1.1248780524906354f,-1.2234221523482057e-16f,0f,-0.9999999999999999f,-0.00005689369394072468f,0f,0f,0f,1f], start_interpolation: 0, interpolation_duration: 1 }
$data merge entity $(bone_9) { transformation: [-1f,-4.2474563761195683e-19f,1.2246394333746527e-16f,-1.5210113245410043e-19f,0f,0.9999939853901504f,0.003468311336033224f,1.499379f,-1.2246467991473532e-16f,0.003468311336033224f,-0.9999939853901504f,0.0012419999999999931f,0f,0f,0f,1f], start_interpolation: 0, interpolation_duration: 1 }
$data merge entity $(item_display_item_display) { transformation: [-0.15637488505152425f,0.10991946156818483f,-0.980543526465645f,-0.33398228645238875f,-0.8370019735131273f,-0.5404765908471794f,0.07289548052754263f,1.0543390052175043f,-0.5224706610521329f,0.8329488379935298f,0.17669646749433307f,0.41147581325441207f,0f,0f,0f,1f], start_interpolation: 0, interpolation_duration: 1 }
$data merge entity $(bone_2) { transformation: [-0.9805435297609989f,0.05714579249978237f,-0.18239995790408697f,-0.40663904397295403f,0.0728954628890448f,0.9930596145256011f,-0.08074560971629476f,1.1431452527823256f,0.17669645648408686f,-0.09256327780408445f,-0.9788827314178807f,-0.028355791466421327f,0f,0f,0f,1f], start_interpolation: 0, interpolation_duration: 1 }
$data merge entity $(bone_1) { transformation: [-0.9815250548158148f,0.08803907888126335f,-0.1698755054695951f,-0.375f,0.07296843132036517f,0.9929871226926592f,0.09301710701370368f,1.5f,0.17687332981390075f,0.07890307190656357f,-0.9810658135131662f,-4.592425496802574e-17f,0f,0f,0f,1f], start_interpolation: 0, interpolation_duration: 1 }
$data merge entity $(bone_4) { transformation: [-0.9942512949363562f,-0.027485321301770983f,0.09332695018223378f,0.3913572702620009f,-0.043409949024930165f,0.9829520239165889f,-0.17297946411043966f,1.1253569169068034f,-0.08706858700491064f,-0.1762125869261907f,-0.9794739329689933f,4.79274428349405e-17f,0f,0f,0f,1f], start_interpolation: 0, interpolation_duration: 1 }
$data merge entity $(bone_3) { transformation: [-0.9952465414778341f,-0.04361938736533571f,0.08707278979269394f,0.375f,-0.04345340242735752f,0.9990482215818578f,0.0038016801040236495f,1.5f,-0.0871557427476583f,-5.341834311772688e-18f,-0.9961946980917455f,4.592425496802574e-17f,0f,0f,0f,1f], start_interpolation: 0, interpolation_duration: 1 }