# This file was generated by Animated Java via MC-Build. It is not recommended to edit this file directly.
$data merge entity $(bone_layer) { transformation: [-1.0001f,0f,1.224769263827268e-16f,0f,0f,1.0001f,0f,1.4989488125000001f,-1.224769263827268e-16f,0f,-1.0001f,0f,0f,0f,0f,1f], start_interpolation: 0, interpolation_duration: 1 }
$data merge entity $(bone_head) { transformation: [-1f,0f,1.2246467991473532e-16f,0f,0f,1f,0f,1.4989488125000001f,-1.2246467991473532e-16f,0f,-1f,0f,0f,0f,0f,1f], start_interpolation: 0, interpolation_duration: 1 }
$data merge entity $(bone_10) { transformation: [-0.999f,4.81482486096809e-35f,1.2246467991473532e-16f,5.924547942100783e-21f,0f,1f,0f,1.1248964951209468f,-1.2234221523482057e-16f,0f,-1f,-0.00004837760525096464f,0f,0f,0f,1f], start_interpolation: 0, interpolation_duration: 1 }
$data merge entity $(bone_9) { transformation: [-1f,-3.594907881309632e-19f,1.2246415227727593e-16f,-1.2873334071787106e-19f,0f,0.9999956915131795f,0.0029354650531178026f,1.49947440625f,-1.2246467991473532e-16f,0.0029354650531178026f,-0.9999956915131795f,0.0010511875000000018f,0f,0f,0f,1f], start_interpolation: 0, interpolation_duration: 1 }
$data merge entity $(item_display_item_display) { transformation: [-0.15613614592713193f,0.11002000237235723f,-0.9805702947841161f,-0.333886767973802f,-0.8369937388492683f,-0.540525417917478f,0.07262749969714735f,1.0543114827535485f,-0.5225552459426126f,0.8329038790059288f,0.17665826693006226f,0.4114364686505036f,0f,0f,0f,1f], start_interpolation: 0, interpolation_duration: 1 }
$data merge entity $(bone_2) { transformation: [-0.980570298074439f,0.056895182653918325f,-0.18233438711604397f,-0.40654616450533143f,0.07262748205882305f,0.9930828055601315f,-0.08070185964780065f,1.1431397698526522f,0.17665825591803355f,-0.09246880280178417f,-0.9788985550732022f,-0.02839024954424542f,0f,0f,0f,1f], start_interpolation: 0, interpolation_duration: 1 }
$data merge entity $(bone_1) { transformation: [-0.9815518499243633f,0.08778063166700914f,-0.16985442771444376f,-0.375f,0.07270018224106412f,0.9930023795404461f,0.09306426666088312f,1.5f,0.1768350910090426f,0.07899895525355234f,-0.9810649905366468f,-4.592425496802574e-17f,0f,0f,0f,1f], start_interpolation: 0, interpolation_duration: 1 }
$data merge entity $(bone_4) { transformation: [-0.9942512949363562f,-0.027535046571493985f,0.09331229140731886f,0.3913572702620009f,-0.04340994902493019f,0.9830440563064317f,-0.172455674555088f,1.1253569169068034f,-0.08706858700491064f,-0.1756906502091193f,-0.9795676886188445f,4.79274428349405e-17f,0f,0f,0f,1f], start_interpolation: 0, interpolation_duration: 1 }
$data merge entity $(bone_3) { transformation: [-0.9952465414778341f,-0.04361938736533575f,0.08707278979269394f,0.375f,-0.04345340242735755f,0.9990482215818578f,0.003801680104023653f,1.5f,-0.0871557427476583f,-5.3418343117726925e-18f,-0.9961946980917455f,4.592425496802574e-17f,0f,0f,0f,1f], start_interpolation: 0, interpolation_duration: 1 }