# This file was generated by Animated Java via MC-Build. It is not recommended to edit this file directly.
$data merge entity $(bone_layer) { transformation: [-1.0001f,0f,1.224769263827268e-16f,0f,0f,1.0001f,0f,1.4970443125f,-1.224769263827268e-16f,0f,-1.0001f,0f,0f,0f,0f,1f], start_interpolation: 0, interpolation_duration: 1 }
$data merge entity $(bone_head) { transformation: [-1f,0f,1.2246467991473532e-16f,0f,0f,1f,0f,1.4970443125f,-1.2246467991473532e-16f,0f,-1f,0f,0f,0f,0f,1f], start_interpolation: 0, interpolation_duration: 1 }
$data merge entity $(bone_10) { transformation: [-0.999f,0f,1.2246467991473532e-16f,1.5884633355641375e-20f,0f,1f,0f,1.12471716449687f,-1.2234221523482057e-16f,0f,-1f,-0.0001297078746843646f,0f,0f,0f,1f], start_interpolation: 0, interpolation_duration: 1 }
$data merge entity $(bone_9) { transformation: [-1f,-1.0107919761459289e-18f,1.224605084351667e-16f,-3.61967323615484e-19f,0f,0.999965937284354f,0.008253742849364254f,1.49852215625f,-1.2246467991473532e-16f,0.008253742849364254f,-0.999965937284354f,0.0029556874999999982f,0f,0f,0f,1f], start_interpolation: 0, interpolation_duration: 1 }
$data merge entity $(item_display_item_display) { transformation: [-0.1585193716262056f,0.1090181924941793f,-0.9802997717660324f,-0.3348391995335435f,-0.8370725486808087f,-0.5400372095358321f,0.07530179653744722f,1.054587207995685f,-0.5217107983013655f,0.8333521740669153f,0.1770395348889566f,0.4118289387760307f,0f,0f,0f,1f], start_interpolation: 0, interpolation_duration: 1 }
$data merge entity $(bone_2) { transformation: [-0.9802997751065781f,0.05939578594050378f,-0.1829904137885436f,-0.4074730323234684f,0.07530177889746212f,0.9928481272158778f,-0.08113715781811368f,1.1431957173522451f,0.1770395238947233f,-0.09341165289423803f,-0.9787401443093544f,-0.0280463309710916f,0f,0f,0f,1f], start_interpolation: 0, interpolation_duration: 1 }
$data merge entity $(bone_1) { transformation: [-0.9812810561627408f,0.09035974211747723f,-0.17006647471091718f,-0.375f,0.07537715605351564f,0.9928466995415788f,0.09259436027468305f,1.5f,0.17721674063535867f,0.07804196444129824f,-0.9810727183163963f,-4.592425496802574e-17f,0f,0f,0f,1f], start_interpolation: 0, interpolation_duration: 1 }
$data merge entity $(bone_4) { transformation: [-0.9942512949363562f,-0.027038390458088077f,0.09345741254076462f,0.39135727026200073f,-0.043409949024929735f,0.9821129753276143f,-0.17768140031751709f,1.1253569169068034f,-0.08706858700491064f,-0.1808978417079008f,-0.9786194520968771f,4.792744283494048e-17f,0f,0f,0f,1f], start_interpolation: 0, interpolation_duration: 1 }
$data merge entity $(bone_3) { transformation: [-0.9952465414778341f,-0.04361938736533528f,0.08707278979269394f,0.375f,-0.04345340242735709f,0.9990482215818577f,0.003801680104023612f,1.5f,-0.0871557427476583f,-5.3418343117726354e-18f,-0.9961946980917455f,4.592425496802574e-17f,0f,0f,0f,1f], start_interpolation: 0, interpolation_duration: 1 }