# This file was generated by Animated Java via MC-Build. It is not recommended to edit this file directly.
$data merge entity $(bone_layer) { transformation: [-1.0001f,0f,1.224769263827268e-16f,0f,0f,1.0001f,0f,1.499125f,-1.224769263827268e-16f,0f,-1.0001f,0f,0f,0f,0f,1f], start_interpolation: 0, interpolation_duration: 1 }
$data merge entity $(bone_head) { transformation: [-1f,0f,1.2246467991473532e-16f,0f,0f,1f,0f,1.499125f,-1.2246467991473532e-16f,0f,-1f,0f,0f,0f,0f,1f], start_interpolation: 0, interpolation_duration: 1 }
$data merge entity $(bone_10) { transformation: [-0.999f,4.81482486096809e-35f,1.2246467991473535e-16f,4.952684134652304e-21f,0f,1f,0f,1.1249136184236237f,-1.2234221523482057e-16f,0f,-1f,-0.000040441735021890034f,0f,0f,0f,1f], start_interpolation: 0, interpolation_duration: 1 }
$data merge entity $(bone_9) { transformation: [-1f,-2.9923736570144124e-19f,1.2246431432714408e-16f,-1.0715659492539265e-19f,0f,0.9999970147507714f,0.002443458521344946f,1.4995625000000001f,-1.2246467991473532e-16f,0.002443458521344946f,-0.9999970147507714f,0.0008749999999999938f,0f,0f,0f,1f], start_interpolation: 0, interpolation_duration: 1 }
$data merge entity $(item_display_item_display) { transformation: [-0.15591571259603318f,0.11011287056850896f,-0.9805949450720385f,-0.3337985520204635f,-0.8369860683741208f,-0.5405704853896576f,0.0723800502432958f,1.054286090085021f,-0.5226333436677216f,0.8328623572120146f,0.17662299404648354f,0.41140013512548707f,0f,0f,0f,1f], start_interpolation: 0, interpolation_duration: 1 }
$data merge entity $(bone_2) { transformation: [-0.980594948357716f,0.05666376655816868f,-0.18227387309971071f,-0.4064604006818159f,0.07238003260513315f,0.9931041554976804f,-0.08066143572562212f,1.1431347313922715f,0.17662298303280904f,-0.0923815668446913f,-0.9789131565015927f,-0.028422066699546184f,0f,0f,0f,1f], start_interpolation: 0, interpolation_duration: 1 }
$data merge entity $(bone_1) { transformation: [-0.9815765248825986f,0.08754198450592242f,-0.16983499859618434f,-0.375f,0.07245248509022337f,0.9930163996041138f,0.0931078273913308f,1.5f,0.17679978281562467f,0.07908748994656317f,-0.98106422100202f,-4.592425496802574e-17f,0f,0f,0f,1f], start_interpolation: 0, interpolation_duration: 1 }
$data merge entity $(bone_4) { transformation: [-0.9942512949363562f,-0.027580953660277616f,0.09329873264181222f,0.3913572702620009f,-0.043409949024930235f,0.9831287869452464f,-0.17197198785040926f,1.1253569169068034f,-0.08706858700491064f,-0.17520867351463504f,-0.9796540113132852f,4.776481250906768e-17f,0f,0f,0f,1f], start_interpolation: 0, interpolation_duration: 1 }
$data merge entity $(bone_3) { transformation: [-0.9952465414778341f,-0.04361938736533579f,0.08707278979269394f,0.375f,-0.04345340242735759f,0.9990482215818578f,0.0038016801040236564f,1.5f,-0.0871557427476583f,-4.908153442778495e-18f,-0.9961946980917455f,4.592425496802574e-17f,0f,0f,0f,1f], start_interpolation: 0, interpolation_duration: 1 }