# This file was generated by Animated Java via MC-Build. It is not recommended to edit this file directly.
$data merge entity $(bone_layer) { transformation: [-1.0001f,0f,1.224769263827268e-16f,0f,0f,1.0001f,0f,1.4992861875f,-1.224769263827268e-16f,0f,-1.0001f,0f,0f,0f,0f,1f], start_interpolation: 0, interpolation_duration: 1 }
$data merge entity $(bone_head) { transformation: [-1f,0f,1.2246467991473532e-16f,0f,0f,1f,0f,1.4992861875f,-1.2246467991473532e-16f,0f,-1f,0f,0f,0f,0f,1f], start_interpolation: 0, interpolation_duration: 1 }
$data merge entity $(bone_10) { transformation: [-0.999f,0f,1.2246467991473532e-16f,4.056098633412318e-21f,0f,1f,0f,1.1249293631962194f,-1.2234221523482057e-16f,0f,-1f,-0.00003312055881121256f,0f,0f,0f,1f], start_interpolation: 0, interpolation_duration: 1 }
$data merge entity $(bone_9) { transformation: [-1f,-2.4411364937275973e-19f,1.224644366138381e-16f,-8.741681933163542e-20f,0f,0.9999980132974062f,0.0019933392186442748f,1.49964309375f,-1.2246467991473532e-16f,0.0019933392186442748f,-0.9999980132974062f,0.000713812499999987f,0f,0f,0f,1f], start_interpolation: 0, interpolation_duration: 1 }
$data merge entity $(item_display_item_display) { transformation: [-0.1557140524556171f,0.110197860401412f,-0.9806174409170992f,-0.33371783085193685f,-0.836978994620267f,-0.5406117014916555f,0.07215366085476804f,1.0542628763501711f,-0.5227047889892503f,0.832824363100197f,0.17659072397624692f,0.41136689110742153f,0f,0f,0f,1f], start_interpolation: 0, interpolation_duration: 1 }
$data merge entity $(bone_2) { transformation: [-0.9806174441985271f,0.05645204027966063f,-0.18221853715199274f,-0.4063819358209761f,0.07215364321675447f,0.9931236342807976f,-0.08062443056201948f,1.1431301422643874f,0.17659071296106682f,-0.09230175611094388f,-0.9789265069016866f,-0.02845117517593439f,0f,0f,0f,1f], start_interpolation: 0, interpolation_duration: 1 }
$data merge entity $(bone_1) { transformation: [-0.9815990432417689f,0.08732364750184649f,-0.16981725146114346f,-0.375f,0.0722258690858403f,0.9930291693512702f,0.09314769268383213f,1.5f,0.17676748044150833f,0.07916848744607818f,-0.9810635088789416f,-4.592425496802574e-17f,0f,0f,0f,1f], start_interpolation: 0, interpolation_duration: 1 }
$data merge entity $(bone_4) { transformation: [-0.9942512949363562f,-0.027622946528964052f,0.09328630844039619f,0.39135727026200096f,-0.043409949024930256f,0.9832060954499482f,-0.17152944410718635f,1.1253569169068034f,-0.08706858700491064f,-0.17476769351091578f,-0.9797327770682386f,4.7927442834940506e-17f,0f,0f,0f,1f], start_interpolation: 0, interpolation_duration: 1 }
$data merge entity $(bone_3) { transformation: [-0.9952465414778341f,-0.04361938736533582f,0.08707278979269394f,0.375f,-0.04345340242735762f,0.9990482215818578f,0.003801680104023659f,1.5f,-0.0871557427476583f,-5.341834311772702e-18f,-0.9961946980917455f,4.592425496802574e-17f,0f,0f,0f,1f], start_interpolation: 0, interpolation_duration: 1 }