# This file was generated by Animated Java via MC-Build. It is not recommended to edit this file directly.
$data merge entity $(bone_layer) { transformation: [-1.0001f,0f,1.224769263827268e-16f,0f,0f,1.0001f,0f,1.499432f,-1.224769263827268e-16f,0f,-1.0001f,0f,0f,0f,0f,1f], start_interpolation: 0, interpolation_duration: 1 }
$data merge entity $(bone_head) { transformation: [-1f,0f,1.2246467991473532e-16f,0f,0f,1f,0f,1.499432f,-1.2246467991473532e-16f,0f,-1f,0f,0f,0f,0f,1f], start_interpolation: 0, interpolation_duration: 1 }
$data merge entity $(bone_10) { transformation: [-0.999f,2.407412430484045e-35f,1.2246467991473532e-16f,3.2388950746517823e-21f,0f,1f,0f,1.1249436714431704f,-1.2234221523482057e-16f,0f,-1f,-0.00002644758535201195f,0f,0f,0f,1f], start_interpolation: 0, interpolation_duration: 1 }
$data merge entity $(bone_9) { transformation: [-1f,-1.9424791037722864e-19f,1.224645258610341e-16f,-6.955993819157125e-20f,0f,0.9999987420560661f,0.0015861545591142818f,1.499716f,-1.2246467991473532e-16f,0.0015861545591142818f,-0.9999987420560661f,0.0005680000000000129f,0f,0f,0f,1f], start_interpolation: 0, interpolation_duration: 1 }
$data merge entity $(item_display_item_display) { transformation: [-0.15553163299080172f,0.11027476655352225f,-0.9806377450418585f,-0.3336447964831584f,-0.8369725492451886f,-0.5406489742333911f,0.07194886010488871f,1.054241890948673f,-0.5227694166161837f,0.8327899870447223f,0.1765615318488899f,0.41133681496511254f,0f,0f,0f,1f], start_interpolation: 0, interpolation_duration: 1 }
$data merge entity $(bone_2) { transformation: [-0.9806377483194422f,0.05626049968851754f,-0.18216850097031786f,-0.4063109531966078f,0.07194884246701096f,0.9931412110250478f,-0.08059093640949119f,1.1431260076476517f,0.17656152083234788f,-0.09222955675107478f,-0.9789385773494007f,-0.028477507219134588f,0f,0f,0f,1f], start_interpolation: 0, interpolation_duration: 1 }
$data merge entity $(bone_1) { transformation: [-0.9816193676871293f,0.08712613063403916f,-0.16980122008472373f,-0.375f,0.0720208633303413f,0.9930406743717519f,0.09318376622807517f,1.5f,0.17673825909143934f,0.07924175921846134f,-0.9810628580112951f,-4.592425496802574e-17f,0f,0f,0f,1f], start_interpolation: 0, interpolation_duration: 1 }
$data merge entity $(bone_4) { transformation: [-0.9942512949363562f,-0.027660929052813817f,0.09327505304910817f,0.39135727026200096f,-0.04340994902493031f,0.9832758582109359f,-0.17112908281528422f,1.1253569169068034f,-0.08706858700491064f,-0.1743687462347615f,-0.9798038586847296f,4.7927442834940506e-17f,0f,0f,0f,1f], start_interpolation: 0, interpolation_duration: 1 }
$data merge entity $(bone_3) { transformation: [-0.9952465414778341f,-0.043619387365335875f,0.08707278979269394f,0.375f,-0.04345340242735767f,0.9990482215818578f,0.0038016801040236642f,1.5f,-0.0871557427476583f,-5.341834311772708e-18f,-0.9961946980917455f,4.592425496802574e-17f,0f,0f,0f,1f], start_interpolation: 0, interpolation_duration: 1 }