# This file was generated by Animated Java via MC-Build. It is not recommended to edit this file directly.
$data merge entity $(bone_layer) { transformation: [-1.0001f,0f,1.224769263827268e-16f,0f,0f,1.0001f,0f,1.499676f,-1.224769263827268e-16f,0f,-1.0001f,0f,0f,0f,0f,1f], start_interpolation: 0, interpolation_duration: 1 }
$data merge entity $(bone_head) { transformation: [-1f,0f,1.2246467991473532e-16f,0f,0f,1f,0f,1.499676f,-1.2246467991473532e-16f,0f,-1f,0f,0f,0f,0f,1f], start_interpolation: 0, interpolation_duration: 1 }
$data merge entity $(bone_10) { transformation: [-0.999f,0f,1.2246467991473532e-16f,1.8583649000431682e-21f,0f,1f,0f,1.1249677534390303f,-1.2234221523482057e-16f,0f,-1f,-0.000015174700994091022f,0f,0f,0f,1f], start_interpolation: 0, interpolation_duration: 1 }
$data merge entity $(bone_9) { transformation: [-1f,-1.1080341684063921e-19f,1.2246462978844706e-16f,-3.967855629237399e-20f,0f,0.9999995906877942f,0.0009047785607881789f,1.499838f,-1.2246467991473532e-16f,0.0009047785607881789f,-0.9999995906877942f,0.0003239999999999979f,0f,0f,0f,1f], start_interpolation: 0, interpolation_duration: 1 }
$data merge entity $(item_display_item_display) { transformation: [-0.15522638655454818f,0.1104035090871465f,-0.9806716239896323f,-0.3335225547866808f,-0.8369616651759851f,-0.5407113203955746f,0.07160613815810038f,1.0542068042714166f,-0.5228775573143871f,0.8327324499365444f,0.17651268192291694f,0.41128647943890695f,0f,0f,0f,1f], start_interpolation: 0, interpolation_duration: 1 }
$data merge entity $(bone_2) { transformation: [-0.9806716272607834f,0.0559399579193941f,-0.18208481703223808f,-0.40619216749836073f,0.07160612052045198f,0.9931705300454434f,-0.08053484806755026f,1.1431191244975438f,0.17651267090409603f,-0.0921087365955549f,-0.9789587619777826f,-0.028521571000817293f,0f,0f,0f,1f], start_interpolation: 0, interpolation_duration: 1 }
$data merge entity $(bone_1) { transformation: [-0.9816532805413247f,0.08679559651717773f,-0.16977444220989976f,-0.375f,0.07167779831877075f,0.9930598274850951f,0.09324415404435114f,1.5f,0.17668936026436038f,0.07936437148053495f,-0.9810617546866612f,-4.592425496802574e-17f,0f,0f,0f,1f], start_interpolation: 0, interpolation_duration: 1 }
$data merge entity $(bone_4) { transformation: [-0.9942512949363562f,-0.02772447805968425f,0.09325618388984634f,0.39135727026200096f,-0.04340994902493037f,0.9833922332895579f,-0.170459062039625f,1.1253569169068034f,-0.08706858700491064f,-0.1737010904458975f,-0.9799224419998118f,4.7764812509067686e-17f,0f,0f,0f,1f], start_interpolation: 0, interpolation_duration: 1 }
$data merge entity $(bone_3) { transformation: [-0.9952465414778341f,-0.04361938736533593f,0.08707278979269394f,0.375f,-0.04345340242735773f,0.9990482215818578f,0.0038016801040236686f,1.5f,-0.0871557427476583f,-4.908153442778512e-18f,-0.9961946980917455f,4.592425496802574e-17f,0f,0f,0f,1f], start_interpolation: 0, interpolation_duration: 1 }