# This file was generated by Animated Java via MC-Build. It is not recommended to edit this file directly.
$data merge entity $(bone_layer) { transformation: [-1.0001f,0f,1.224769263827268e-16f,0f,0f,1.0001f,0f,1.4997734375f,-1.224769263827268e-16f,0f,-1.0001f,0f,0f,0f,0f,1f], start_interpolation: 0, interpolation_duration: 1 }
$data merge entity $(bone_head) { transformation: [-1f,0f,1.2246467991473532e-16f,0f,0f,1f,0f,1.4997734375f,-1.2246467991473532e-16f,0f,-1f,0f,0f,0f,0f,1f], start_interpolation: 0, interpolation_duration: 1 }
$data merge entity $(bone_10) { transformation: [-0.999f,0f,1.2246467991473535e-16f,1.30251505662298e-21f,0f,1f,0f,1.1249774187855461f,-1.2234221523482057e-16f,0f,-1f,-0.000010635842575425333f,0f,0f,0f,1f], start_interpolation: 0, interpolation_duration: 1 }
$data merge entity $(bone_9) { transformation: [-1f,-7.74811755502383e-20f,1.2246465540426762e-16f,-2.774590404318214e-20f,0f,0.9999997998568426f,0.0006326818116389452f,1.49988671875f,-1.2246467991473532e-16f,0.0006326818116389452f,-0.9999997998568426f,0.00022656249999999933f,0f,0f,0f,1f], start_interpolation: 0, interpolation_duration: 1 }
$data merge entity $(item_display_item_display) { transformation: [-0.15510449512556096f,0.11045493755738792f,-0.9806851188638678f,-0.3334737299707201f,-0.836957284346428f,-0.5407362084580508f,0.0714692734107757f,1.0541928034349932f,-0.5229207394732946f,0.8327094689215474f,0.1764931743640461f,0.4112663764239449f,0f,0f,0f,1f], start_interpolation: 0, interpolation_duration: 1 }
$data merge entity $(bone_2) { transformation: [-0.9806851221324502f,0.05581194727779269f,-0.1820514151802229f,-0.4061447307023435f,0.07146925577321964f,0.9931822053898711f,-0.08051243615823406f,1.1431163882894997f,0.1764931633443152f,-0.09206048793034116f,-0.9789668175452855f,-0.028539167243410105f,0f,0f,0f,1f], start_interpolation: 0, interpolation_duration: 1 }
$data merge entity $(bone_1) { transformation: [-0.9816667889213716f,0.08666359847608637f,-0.16976376594544185f,-0.375f,0.07154079656978943f,0.9930674412813921f,0.09326827699163634f,1.5f,0.17666983317749269f,0.07941333493818452f,-0.9810613091336507f,-4.592425496802574e-17f,0f,0f,0f,1f], start_interpolation: 0, interpolation_duration: 1 }
$data merge entity $(bone_4) { transformation: [-0.9942512949363562f,-0.027749851745107246f,0.09324863669514595f,0.39135727026200096f,-0.04340994902493038f,0.9834385782559267f,-0.17019147782311062f,1.1253569169068034f,-0.08706858700491064f,-0.173434450228569f,-0.9799696692402691f,4.792744283494051e-17f,0f,0f,0f,1f], start_interpolation: 0, interpolation_duration: 1 }
$data merge entity $(bone_3) { transformation: [-0.9952465414778341f,-0.043619387365335945f,0.08707278979269394f,0.375f,-0.04345340242735774f,0.9990482215818578f,0.0038016801040236703f,1.5f,-0.0871557427476583f,-5.341834311772717e-18f,-0.9961946980917455f,4.592425496802574e-17f,0f,0f,0f,1f], start_interpolation: 0, interpolation_duration: 1 }