# This file was generated by Animated Java via MC-Build. It is not recommended to edit this file directly.
$data merge entity $(bone_layer) { transformation: [-1.0001f,0f,1.224769263827268e-16f,0f,0f,1.0001f,0f,1.499854f,-1.224769263827268e-16f,0f,-1.0001f,0f,0f,0f,0f,1f], start_interpolation: 0, interpolation_duration: 1 }
$data merge entity $(bone_head) { transformation: [-1f,0f,1.2246467991473532e-16f,0f,0f,1f,0f,1.499854f,-1.2246467991473532e-16f,0f,-1f,0f,0f,0f,0f,1f], start_interpolation: 0, interpolation_duration: 1 }
$data merge entity $(bone_10) { transformation: [-0.999f,0f,1.2246467991473532e-16f,8.40968390771877e-22f,0f,1f,0f,1.1249854311626253f,-1.2234221523482057e-16f,0f,-1f,-0.000006867028039083534f,0f,0f,0f,1f], start_interpolation: 0, interpolation_duration: 1 }
$data merge entity $(bone_9) { transformation: [-1f,-4.992994017821021e-20f,1.2246466973629434e-16f,-1.7879843267550545e-20f,0f,0.9999999168867222f,0.00040770890197053863f,1.499927f,-1.2246467991473532e-16f,0.00040770890197053863f,-0.9999999168867222f,0.00014599999999999336f,0f,0f,0f,1f], start_interpolation: 0, interpolation_duration: 1 }
$data merge entity $(item_display_item_display) { transformation: [-0.15500371548819133f,0.11049746664893553f,-0.9806962618716477f,-0.3334333569092598f,-0.8369536473745833f,-0.5407567823775677f,0.07135611017314344f,1.0541812318879402f,-0.5229564420974634f,0.8326904660057227f,0.17647704522666727f,0.41124975400575f,0f,0f,0f,1f], start_interpolation: 0, interpolation_duration: 1 }
$data merge entity $(bone_2) { transformation: [-0.9806962651381064f,0.05570610334512091f,-0.18202380502085866f,-0.4061055086877453f,0.07135609253566401f,0.993191844592863f,-0.08049389972083311f,1.1431141313341837f,0.176477034206184f,-0.09202059489227664f,-0.9789734758988421f,-0.028553716061528008f,0f,0f,0f,1f], start_interpolation: 0, interpolation_duration: 1 }
$data merge entity $(bone_1) { transformation: [-0.9816779430811876f,0.08655445895720433f,-0.16975494603255073f,-0.375f,0.07142752005571973f,0.9930737215048799f,0.09328822559754166f,1.5f,0.17665368789407807f,0.07945381860599085f,-0.9810609386079684f,-4.592425496802574e-17f,0f,0f,0f,1f], start_interpolation: 0, interpolation_duration: 1 }
$data merge entity $(bone_4) { transformation: [-0.9942512949363562f,-0.027770829462683718f,0.09324239136966239f,0.391357270262001f,-0.04340994902493042f,0.98347684184553f,-0.16997022644920926f,1.1253569169068034f,-0.08706858700491064f,-0.1732139791832549f,-0.98000866249869f,4.792744283494051e-17f,0f,0f,0f,1f], start_interpolation: 0, interpolation_duration: 1 }
$data merge entity $(bone_3) { transformation: [-0.9952465414778341f,-0.043619387365335986f,0.08707278979269394f,0.375f,-0.04345340242735778f,0.9990482215818578f,0.0038016801040236738f,1.5f,-0.0871557427476583f,-5.341834311772722e-18f,-0.9961946980917455f,4.592425496802574e-17f,0f,0f,0f,1f], start_interpolation: 0, interpolation_duration: 1 }