# This file was generated by Animated Java via MC-Build. It is not recommended to edit this file directly.
$data merge entity $(bone_layer) { transformation: [-1.0001f,0f,1.224769263827268e-16f,0f,0f,1.0001f,0f,1.4999173125f,-1.224769263827268e-16f,0f,-1.0001f,0f,0f,0f,0f,1f], start_interpolation: 0, interpolation_duration: 1 }
$data merge entity $(bone_head) { transformation: [-1f,0f,1.2246467991473532e-16f,0f,0f,1f,0f,1.4999173125f,-1.2246467991473532e-16f,0f,-1f,0f,0f,0f,0f,1f], start_interpolation: 0, interpolation_duration: 1 }
$data merge entity $(bone_10) { transformation: [-0.999f,0f,1.2246467991473532e-16f,4.7700109096614255e-22f,0f,0.9999999999999999f,0f,1.1249917412462564f,-1.2234221523482057e-16f,0f,-0.9999999999999999f,-0.000003895009494151697f,0f,0f,0f,1f], start_interpolation: 0, interpolation_duration: 1 }
$data merge entity $(bone_9) { transformation: [-1f,-2.827795894642277e-20f,1.2246467664994513e-16f,-1.0126298220450244e-20f,0f,0.9999999733409649f,0.00023090705798693131f,1.49995865625f,-1.2246467991473532e-16f,0.00023090705798693131f,-0.9999999733409649f,0.00008268750000000463f,0f,0f,0f,1f], start_interpolation: 0, interpolation_duration: 1 }
$data merge entity $(item_display_item_display) { transformation: [-0.15492451579324976f,0.11053089414200087f,-0.9807050095958505f,-0.3334016258929121f,-0.8369507797169324f,-0.5407729485860208f,0.07126717623703412f,1.0541721409019387f,-0.5229844995192938f,0.832675530754778f,0.17646436961835316f,0.41123669013387304f,0f,0f,0f,1f], start_interpolation: 0, interpolation_duration: 1 }
$data merge entity $(bone_2) { transformation: [-0.9807050128606402f,0.05562292063399607f,-0.1820021111145577f,-0.4060746844262816f,0.07126715859961512f,0.9931994108897596f,-0.08047932848484678f,1.143112361051038f,0.1764643585972786f,-0.09198924343845175f,-0.9789787072436622f,-0.028565149715035636f,0f,0f,0f,1f], start_interpolation: 0, interpolation_duration: 1 }
$data merge entity $(bone_1) { transformation: [-0.9816866995602004f,0.08646868709921839f,-0.169748019304905f,-0.375f,0.07133849709671183f,0.9930786475101551f,0.09330390501679897f,1.5f,0.1766409995968755f,0.07948563398966425f,-0.9810606460615356f,-4.592425496802574e-17f,0f,0f,0f,1f], start_interpolation: 0, interpolation_duration: 1 }
$data merge entity $(bone_4) { transformation: [-0.9942512949363562f,-0.0277873144561486f,0.09323747997824626f,0.391357270262001f,-0.043409949024930436f,0.9835068775252033f,-0.16979634326533022f,1.1253569169068034f,-0.08706858700491064f,-0.1730407091292105f,-0.9800392717340609f,4.792744283494051e-17f,0f,0f,0f,1f], start_interpolation: 0, interpolation_duration: 1 }
$data merge entity $(bone_3) { transformation: [-0.9952465414778341f,-0.043619387365336f,0.08707278979269394f,0.375f,-0.0434534024273578f,0.9990482215818578f,0.0038016801040236746f,1.5f,-0.0871557427476583f,-5.341834311772723e-18f,-0.9961946980917455f,4.592425496802574e-17f,0f,0f,0f,1f], start_interpolation: 0, interpolation_duration: 1 }