# This file was generated by Animated Java via MC-Build. It is not recommended to edit this file directly.
$data merge entity $(bone_layer) { transformation: [-1.0001f,0f,1.224769263827268e-16f,0f,0f,1.0001f,0f,1.4999630000000002f,-1.224769263827268e-16f,0f,-1.0001f,0f,0f,0f,0f,1f], start_interpolation: 0, interpolation_duration: 1 }
$data merge entity $(bone_head) { transformation: [-1f,0f,1.2246467991473532e-16f,0f,0f,1f,0f,1.4999630000000002f,-1.2246467991473532e-16f,0f,-1f,0f,0f,0f,0f,1f], start_interpolation: 0, interpolation_duration: 1 }
$data merge entity $(bone_10) { transformation: [-0.999f,-1.504632769052528e-36f,1.2246467991473532e-16f,2.136739410794105e-22f,0f,1f,0f,1.1249963020016231f,-1.2234221523482057e-16f,0f,-1f,-0.0000017447801376542068f,0f,0f,0f,1f], start_interpolation: 0, interpolation_duration: 1 }
$data merge entity $(bone_9) { transformation: [-1f,-1.26534783184107e-20f,1.2246467926103454e-16f,-4.5311931568454895e-21f,0f,0.9999999946621281f,0.0001033234915342166f,1.4999815f,-1.2246467991473532e-16f,0.0001033234915342166f,-0.9999999946621281f,0.00003700000000000231f,0f,0f,0f,1f], start_interpolation: 0, interpolation_duration: 1 }
$data merge entity $(item_display_item_display) { transformation: [-0.15486736437215115f,0.11055501862844741f,-0.9807113170084698f,-0.3333787267614261f,-0.8369487052042328f,-0.5407846130972158f,0.07120299919422754f,1.0541655822420328f,-0.523004745972139f,0.8326647525225015f,0.17645522264092942f,0.41122726264802983f,0f,0f,0f,1f], start_interpolation: 0, interpolation_duration: 1 }
$data merge entity $(bone_2) { transformation: [-0.9807113202720551f,0.05556289330621637f,-0.1819864587756041f,-0.4060524408124758f,0.07120298155685226f,0.9932048659716107f,-0.08046881152178845f,1.1431110854477018f,0.1764552116194282f,-0.09196661947552805f,-0.9789824815565322f,-0.02857340046739405f,0f,0f,0f,1f], start_interpolation: 0, interpolation_duration: 1 }
$data merge entity $(bone_1) { transformation: [-0.9816930132853404f,0.08640679182601961f,-0.16974302340032527f,-0.375f,0.07127425581266492f,0.9930821970150906f,0.09331522078434697f,1.5f,0.1766318434628911f,0.07950859260492245f,-0.9810604342123298f,-4.592425496802574e-17f,0f,0f,0f,1f], start_interpolation: 0, interpolation_duration: 1 }
$data merge entity $(bone_4) { transformation: [-0.9942512949363562f,-0.027799209800358254f,0.09323393401468384f,0.391357270262001f,-0.043409949024930436f,0.9835285327439566f,-0.16967086256683225f,1.1253569169068034f,-0.08706858700491064f,-0.17291567081382647f,-0.980061340908809f,4.792744283494051e-17f,0f,0f,0f,1f], start_interpolation: 0, interpolation_duration: 1 }