# This file was generated by Animated Java via MC-Build. It is not recommended to edit this file directly.
$data merge entity $(bone_layer) { transformation: [-1.0001f,0f,1.224769263827268e-16f,0f,0f,1.0001f,0f,1.4999906875f,-1.224769263827268e-16f,0f,-1.0001f,0f,0f,0f,0f,1f], start_interpolation: 0, interpolation_duration: 1 }
$data merge entity $(bone_head) { transformation: [-1f,0f,1.2246467991473532e-16f,0f,0f,1f,0f,1.4999906875f,-1.2246467991473532e-16f,0f,-1f,0f,0f,0f,0f,1f], start_interpolation: 0, interpolation_duration: 1 }
$data merge entity $(bone_10) { transformation: [-0.999f,0f,1.2246467991473535e-16f,5.381469400875976e-23f,0f,1f,0f,1.1249990688768015f,-1.2234221523482057e-16f,0f,-1f,-4.3943032428801224e-7f,0f,0f,0f,1f], start_interpolation: 0, interpolation_duration: 1 }
$data merge entity $(bone_9) { transformation: [-1f,-3.184743703692486e-21f,1.2246467987332505e-16f,-1.1404523317056261e-21f,0f,0.9999999996618595f,0.000026005405851791948f,1.49999534375f,-1.2246467991473532e-16f,0.000026005405851791948f,-0.9999999996618595f,0.00000931249999999717f,0f,0f,0f,1f], start_interpolation: 0, interpolation_duration: 1 }
$data merge entity $(item_display_item_display) { transformation: [-0.15483272975314968f,0.11056963957925703f,-0.9807151373362715f,-0.3333648488663956f,-0.8369474459061871f,-0.5407916814711972f,0.07116410642076254f,1.0541616082082157f,-0.5230170155819964f,0.8326582204331313f,0.17644967938999837f,0.4112215492689734f,0f,0f,0f,1f], start_interpolation: 0, interpolation_duration: 1 }
$data merge entity $(bone_2) { transformation: [-0.9807151405991268f,0.05552651514456961f,-0.18197697413556163f,-0.4060389606576326f,0.07116408878341379f,0.9932081698560952f,-0.08046243719110317f,1.14311031316912f,0.17644966836823858f,-0.09195290885559687f,-0.9789847685667703f,-0.02857840058593823f,0f,0f,0f,1f], start_interpolation: 0, interpolation_duration: 1 }
$data merge entity $(bone_1) { transformation: [-0.9816968374365633f,0.08636928182993427f,-0.1697399968281816f,-0.375f,0.07123532410752131f,0.9930843459641877f,0.09332207884620791f,1.5f,0.17662629466290147f,0.07952250597826277f,-0.9810603055248903f,-4.592425496802574e-17f,0f,0f,0f,1f], start_interpolation: 0, interpolation_duration: 1 }
$data merge entity $(bone_4) { transformation: [-0.9942512949363562f,-0.02780641838657357f,0.09323178435431545f,0.391357270262001f,-0.04340994902493045f,0.9835416484304547f,-0.16959481751621075f,1.1253569169068034f,-0.08706858700491064f,-0.17283989383014184f,-0.9800747074880332f,4.792744283494051e-17f,0f,0f,0f,1f], start_interpolation: 0, interpolation_duration: 1 }
$data merge entity $(bone_3) { transformation: [-0.9952465414778341f,-0.043619387365336014f,0.08707278979269394f,0.375f,-0.04345340242735781f,0.9990482215818578f,0.0038016801040236764f,1.5f,-0.0871557427476583f,-5.341834311772725e-18f,-0.9961946980917455f,4.592425496802574e-17f,0f,0f,0f,1f], start_interpolation: 0, interpolation_duration: 1 }