# This file was generated by Animated Java via MC-Build. It is not recommended to edit this file directly.
$data merge entity $(bone_layer) { transformation: [-1.0001f,0f,1.224769263827268e-16f,0f,0f,1.0001f,0f,1.49675f,-1.224769263827268e-16f,0f,-1.0001f,0f,0f,0f,0f,1f], start_interpolation: 0, interpolation_duration: 1 }
$data merge entity $(bone_head) { transformation: [-1f,0f,1.2246467991473532e-16f,0f,0f,1f,0f,1.49675f,-1.2246467991473532e-16f,0f,-1f,0f,0f,0f,0f,1f], start_interpolation: 0, interpolation_duration: 1 }
$data merge entity $(bone_10) { transformation: [-0.999f,0f,1.2246467991473532e-16f,1.73345148727236e-20f,0f,0.9999999999999999f,0f,1.1246903904579844f,-1.2234221523482057e-16f,0f,-0.9999999999999999f,-0.00014154705572898664f,0f,0f,0f,1f], start_interpolation: 0, interpolation_duration: 1 }
$data merge entity $(bone_9) { transformation: [-1f,-1.1114389205127462e-18f,1.2245963633028046e-16f,-3.9801020972288963e-19f,0f,0.9999588160075348f,0.00907558751867537f,1.498375f,-1.2246467991473532e-16f,0.00907558751867537f,-0.9999588160075348f,0.0032499999999999985f,0f,0f,0f,1f], start_interpolation: 0, interpolation_duration: 1 }
$data merge entity $(item_display_item_display) { transformation: [-0.1588877366993569f,0.10886371231710502f,-0.9802573025828958f,-0.3349861975528758f,-0.8370840572466516f,-0.5399615931047664f,0.07571498580365454f,1.054630019889828f,-0.5215802605832015f,0.8334213640843998f,0.17709845187820847f,0.4118895439544016f,0f,0f,0f,1f], start_interpolation: 0, interpolation_duration: 1 }
$data merge entity $(bone_2) { transformation: [-0.9802573059312041f,0.05978207117579425f,-0.18309210287292627f,-0.40761623366280675f,0.07571496816342692f,0.9928112252153071f,-0.08120415434256972f,1.1432046055168672f,0.17709844088672602f,-0.09355733564190949f,-0.9787155701137474f,-0.027993184925601575f,0f,0f,0f,1f], start_interpolation: 0, interpolation_duration: 1 }
$data merge entity $(bone_1) { transformation: [-0.9812385444756797f,0.09075821540954918f,-0.1700995742820172f,-0.375f,0.07579075892234927f,0.9928219672574127f,0.09252190115370151f,1.5f,0.17727571660332936f,0.07789407979297817f,-0.9810738160994723f,-4.592425496802574e-17f,0f,0f,0f,1f], start_interpolation: 0, interpolation_duration: 1 }
$data merge entity $(bone_4) { transformation: [-0.9942512949363562f,-0.026961570972953573f,0.09347960316587287f,0.3913572702620007f,-0.04340994902492965f,0.9819666116478457f,-0.17848851485320233f,1.1253569169068034f,-0.08706858700491064f,-0.18170208391628095f,-0.9784704460827874f,4.776481250906765e-17f,0f,0f,0f,1f], start_interpolation: 0, interpolation_duration: 1 }
$data merge entity $(bone_3) { transformation: [-0.9952465414778341f,-0.04361938736533519f,0.08707278979269394f,0.375f,-0.043453402427357006f,0.9990482215818578f,0.0038016801040236044f,1.5f,-0.0871557427476583f,-4.908153442778422e-18f,-0.9961946980917455f,4.592425496802574e-17f,0f,0f,0f,1f], start_interpolation: 0, interpolation_duration: 1 }