# This file was generated by Animated Java via MC-Build. It is not recommended to edit this file directly.
$data merge entity $(bone_layer) { transformation: [-1.0001f,0f,1.224769263827268e-16f,0f,0f,1.0001f,0f,1.5f,-1.224769263827268e-16f,0f,-1.0001f,0f,0f,0f,0f,1f], start_interpolation: 0, interpolation_duration: 1 }
$data merge entity $(bone_head) { transformation: [-1f,0f,1.2246467991473532e-16f,0f,0f,1f,0f,1.5f,-1.2246467991473532e-16f,0f,-1f,0f,0f,0f,0f,1f], start_interpolation: 0, interpolation_duration: 1 }
$data merge entity $(bone_10) { transformation: [-0.999f,0f,1.2246467991473532e-16f,0f,0f,1f,0f,1.125f,-1.2234221523482057e-16f,0f,-1f,0f,0f,0f,0f,1f], start_interpolation: 0, interpolation_duration: 1 }
$data merge entity $(bone_9) { transformation: [-1f,0f,1.2246467991473532e-16f,0f,0f,1f,0f,1.5f,-1.2246467991473532e-16f,0f,-1f,0f,0f,0f,0f,1f], start_interpolation: 0, interpolation_duration: 1 }
$data merge entity $(item_display_item_display) { transformation: [-0.1548210806776732f,0.11057455741347948f,-0.9807164219235909f,-0.3333601810331103f,-0.8369470219931789f,-0.5407940587779794f,0.0711510250607049f,1.0541602716778045f,-0.5230211423590321f,0.8326560233633413f,0.17644781495445203f,0.4112196275891664f,0f,0f,0f,1f], start_interpolation: 0, interpolation_duration: 1 }
$data merge entity $(bone_2) { transformation: [-0.9807164251862008f,0.05551427952381868f,-0.18197378420791882f,-0.40603442668359746f,0.0711510074233651f,0.9932092807557493f,-0.08046029308477014f,1.1431100535476861f,0.17644780393260528f,-0.09194829737193713f,-0.9789855377367751f,-0.02858008234216483f,0f,0f,0f,1f], start_interpolation: 0, interpolation_duration: 1 }
$data merge entity $(bone_1) { transformation: [-0.9816981233095103f,0.0863566655543582f,-0.16973897903816343f,-0.375f,0.07122222965301811f,0.9930850683890474f,0.09332438559119349f,1.5f,0.17662442836096626f,0.07952718564776289f,-0.981060262190406f,-4.592425496802574e-17f,0f,0f,0f,1f], start_interpolation: 0, interpolation_duration: 1 }
$data merge entity $(bone_4) { transformation: [-0.9942512949363562f,-0.027808842907561512f,0.09323106120559457f,0.391357270262001f,-0.04340994902493045f,0.9835460584799391f,-0.1695692400591243f,1.1253569169068034f,-0.08706858700491064f,-0.17281440653116437f,-0.9800792019282164f,4.792744283494051e-17f,0f,0f,0f,1f], start_interpolation: 0, interpolation_duration: 1 }