# This file was generated by Animated Java via MC-Build. It is not recommended to edit this file directly.
$data merge entity $(bone_layer) { transformation: [-1.0001f,0f,1.224769263827268e-16f,0f,0f,1.0001f,0f,1.4964444375000001f,-1.224769263827268e-16f,0f,-1.0001f,0f,0f,0f,0f,1f], start_interpolation: 0, interpolation_duration: 1 }
$data merge entity $(bone_head) { transformation: [-1f,0f,1.2246467991473532e-16f,0f,0f,1f,0f,1.4964444375000001f,-1.2246467991473532e-16f,0f,-1f,0f,0f,0f,0f,1f], start_interpolation: 0, interpolation_duration: 1 }
$data merge entity $(bone_10) { transformation: [-0.999f,1.925929944387236e-34f,1.2246467991473535e-16f,1.881444717871609e-20f,0f,1f,0f,1.1246628582021345f,-1.2234221523482057e-16f,0f,-1f,-0.0001536316200868317f,0f,0f,0f,1f], start_interpolation: 0, interpolation_duration: 1 }
$data merge entity $(bone_9) { transformation: [-1f,-1.2159322664686145e-18f,1.2245864336722802e-16f,-4.35430823479336e-19f,0f,0.9999507078488956f,0.009928840440486138f,1.49822221875f,-1.2246467991473532e-16f,0.009928840440486138f,-0.9999507078488956f,0.0035555624999999997f,0f,0f,0f,1f], start_interpolation: 0, interpolation_duration: 1 }
$data merge entity $(item_display_item_display) { transformation: [-0.1592702026722465f,0.10870342205789249f,-0.9802130220383961f,-0.33513876169462875f,-0.8370958158297868f,-0.5398830380283711f,0.0761439450614451f,1.0546745255270147f,-0.5214447215774699f,0.8334931741065194f,0.17715962027740573f,0.4119524529053688f,0f,0f,0f,1f], start_interpolation: 0, interpolation_duration: 1 }
$data merge entity $(bone_2) { transformation: [-0.9802130253947643f,0.060183080360928676f,-0.18319776659313539f,-0.4077648995340094f,0.07614392742096969f,0.9927727326331238f,-0.08127363445220019f,1.1432139020333176f,0.17715960928877958f,-0.09370858113550627f,-0.9786900299166315f,-0.027938007825095753f,0f,0f,0f,1f], start_interpolation: 0, interpolation_duration: 1 }
$data merge entity $(bone_1) { transformation: [-0.9811942196143787f,0.09117189435550445f,-0.17013403267706f,-0.375f,0.07622014756853823f,0.992796098689899f,0.09244671725240618f,1.5f,0.1773369462350146f,0.07774054351330979f,-0.9810749285321151f,-4.592425496802574e-17f,0f,0f,0f,1f], start_interpolation: 0, interpolation_duration: 1 }
$data merge entity $(bone_4) { transformation: [-0.9942512949363562f,-0.02688179581906645f,0.09350257521010157f,0.3913572702620007f,-0.04340994902492958f,0.981813951450845f,-0.17932635350703707f,1.1253569169068034f,-0.08706858700491064f,-0.18253693815230887f,-0.9783150450478356f,4.776481250906765e-17f,0f,0f,0f,1f], start_interpolation: 0, interpolation_duration: 1 }
$data merge entity $(bone_3) { transformation: [-0.9952465414778341f,-0.04361938736533512f,0.08707278979269394f,0.375f,-0.04345340242735694f,0.9990482215818578f,0.003801680104023599f,1.5f,-0.0871557427476583f,-4.9081534427784144e-18f,-0.9961946980917455f,4.592425496802574e-17f,0f,0f,0f,1f], start_interpolation: 0, interpolation_duration: 1 }