# This file was generated by Animated Java via MC-Build. It is not recommended to edit this file directly.
$data merge entity $(bone_layer) { transformation: [-1.0001f,0f,1.224769263827268e-16f,0f,0f,1.0001f,0f,1.4961280000000001f,-1.224769263827268e-16f,0f,-1.0001f,0f,0f,0f,0f,1f], start_interpolation: 0, interpolation_duration: 1 }
$data merge entity $(bone_head) { transformation: [-1f,0f,1.2246467991473532e-16f,0f,0f,1f,0f,1.4961280000000001f,-1.2246467991473532e-16f,0f,-1f,0f,0f,0f,0f,1f], start_interpolation: 0, interpolation_duration: 1 }
$data merge entity $(bone_10) { transformation: [-0.999f,0f,1.224646799147353e-16f,2.0319778367868007e-20f,0f,0.9999999999999999f,0f,1.1246346305677264f,-1.2234221523482057e-16f,0f,-0.9999999999999999f,-0.00016592358206476672f,0f,0f,0f,1f], start_interpolation: 0, interpolation_duration: 1 }
$data merge entity $(bone_9) { transformation: [-1f,-1.3241436069765556e-18f,1.2245752108517745e-16f,-4.74183240629855e-19f,0f,0.9999415437205008f,0.010812453091768794f,1.4980639999999998f,-1.2246467991473532e-16f,0.010812453091768794f,-0.9999415437205008f,0.003871999999999999f,0f,0f,0f,1f], start_interpolation: 0, interpolation_duration: 1 }
$data merge entity $(item_display_item_display) { transformation: [-0.1596663022948136f,0.1085375289387267f,-0.980166963697194f,-0.3352966988571525f,-0.8371077889875316f,-0.5398016354579409f,0.07658814512272177f,1.054720676576927f,-0.5213043463543229f,0.8335675132638076f,0.1772229649432737f,0.412017587001851f,0f,0f,0f,1f], start_interpolation: 0, interpolation_duration: 1 }
$data merge entity $(bone_2) { transformation: [-0.9801669670619094f,0.06059831665263649f,-0.1833072849057685f,-0.40791884642184667f,0.07658812748199405f,0.9927326768401408f,-0.08134550425567623f,1.1432236030700862f,0.1772229539576057f,-0.09386520309824724f,-0.9786635521147526f,-0.027880867435634154f,0f,0f,0f,1f], start_interpolation: 0, interpolation_duration: 1 }
$data merge entity $(bone_1) { transformation: [-0.9811481151770866f,0.091600268304269f,-0.17016981792032493f,-0.375f,0.07666479227426831f,0.9927691045006299f,0.09236890588591253f,1.5f,0.1774003543119176f,0.077581544168721f,-0.9810760512286512f,-4.592425496802574e-17f,0f,0f,0f,1f], start_interpolation: 0, interpolation_duration: 1 }
$data merge entity $(bone_4) { transformation: [-0.9942512949363562f,-0.026799160830085673f,0.09352629307409693f,0.3913572702620006f,-0.043409949024929485f,0.9816551045826983f,-0.18019387329314143f,1.1253569169068034f,-0.08706858700491064f,-0.1834013648409817f,-0.9781533624802572f,4.792744283494047e-17f,0f,0f,0f,1f], start_interpolation: 0, interpolation_duration: 1 }
$data merge entity $(bone_3) { transformation: [-0.9952465414778341f,-0.04361938736533502f,0.08707278979269394f,0.375f,-0.04345340242735684f,0.9990482215818578f,0.0038016801040235905f,1.5f,-0.0871557427476583f,-5.341834311772604e-18f,-0.9961946980917455f,4.592425496802574e-17f,0f,0f,0f,1f], start_interpolation: 0, interpolation_duration: 1 }