# This file was generated by Animated Java via MC-Build. It is not recommended to edit this file directly.
$data merge entity $(bone_layer) { transformation: [-1.0001f,0f,1.224769263827268e-16f,0f,0f,1.0001f,0f,1.4954640000000001f,-1.224769263827268e-16f,0f,-1.0001f,0f,0f,0f,0f,1f], start_interpolation: 0, interpolation_duration: 1 }
$data merge entity $(bone_head) { transformation: [-1f,0f,1.2246467991473532e-16f,0f,0f,1f,0f,1.4954640000000001f,-1.2246467991473532e-16f,0f,-1f,0f,0f,0f,0f,1f], start_interpolation: 0, interpolation_duration: 1 }
$data merge entity $(bone_10) { transformation: [-0.999f,0f,1.224646799147353e-16f,2.33881644743741e-20f,0f,1f,0f,1.124576338488273f,-1.2234221523482057e-16f,0f,-1f,-0.00019097885603145282f,0f,0f,0f,1f], start_interpolation: 0, interpolation_duration: 1 }
$data merge entity $(bone_9) { transformation: [-1f,-1.5512065646895634e-18f,1.2245485529292923e-16f,-5.554997880932394e-19f,0f,0.9999197758748651f,0.012666562847096599f,1.497732f,-1.2246467991473532e-16f,0.012666562847096599f,-0.9999197758748651f,0.004536f,0f,0f,0f,1f], start_interpolation: 0, interpolation_duration: 1 }
$data merge entity $(item_display_item_display) { transformation: [-0.16049753323923127f,0.10818976240430214f,-0.980069649124501f,-0.33562792015651377f,-0.8371322384856404f,-0.5396306528381647f,0.07752015096397566f,1.0548177211723182f,-0.521009747617204f,0.8337234156651459f,0.17735588250605078f,0.4121542162045263f,0f,0f,0f,1f], start_interpolation: 0, interpolation_duration: 1 }
$data merge entity $(bone_2) { transformation: [-0.9800696525067333f,0.06146948335302837f,-0.18353740450284967f,-0.40824184920738193f,0.07752013332273269f,0.9926479863227652f,-0.08149603781157132f,1.1432442029201013f,0.17735587152659102f,-0.09419383135678833f,-0.9786078974591264f,-0.027760967853440066f,0f,0f,0f,1f], start_interpolation: 0, interpolation_duration: 1 }
$data merge entity $(bone_1) { transformation: [-0.9810507032099433f,0.09249905866401932f,-0.17024524039615918f,-0.375f,0.07759773105378648f,0.9927117831788489f,0.09220578980288756f,1.5f,0.17753340493152253f,0.07724791054870267f,-0.9810783100493454f,-4.592425496802574e-17f,0f,0f,0f,1f], start_interpolation: 0, interpolation_duration: 1 }
$data merge entity $(bone_4) { transformation: [-0.9942512949363563f,-0.026625694871404936f,0.09357582428166741f,0.39135727026200057f,-0.04340994902492931f,0.9813192949217245f,-0.18201378447794114f,1.1253569169068034f,-0.08706858700491064f,-0.1852147774529457f,-0.9778116113904683f,4.792744283494046e-17f,0f,0f,0f,1f], start_interpolation: 0, interpolation_duration: 1 }
$data merge entity $(bone_3) { transformation: [-0.9952465414778342f,-0.043619387365334855f,0.08707278979269394f,0.375f,-0.043453402427356666f,0.9990482215818578f,0.0038016801040235758f,1.5f,-0.0871557427476583f,-5.341834311772584e-18f,-0.9961946980917455f,4.592425496802574e-17f,0f,0f,0f,1f], start_interpolation: 0, interpolation_duration: 1 }