# This file was generated by Animated Java via MC-Build. It is not recommended to edit this file directly.
$data merge entity $(bone_layer) { transformation: [-1.0001f,0f,1.224769263827268e-16f,0f,0f,1.0001f,0f,1.494022f,-1.224769263827268e-16f,0f,-1.0001f,0f,0f,0f,0f,1f], start_interpolation: 0, interpolation_duration: 1 }
$data merge entity $(bone_head) { transformation: [-1f,0f,1.2246467991473532e-16f,0f,0f,1f,0f,1.494022f,-1.2246467991473532e-16f,0f,-1f,0f,0f,0f,0f,1f], start_interpolation: 0, interpolation_duration: 1 }
$data merge entity $(bone_10) { transformation: [-0.999f,0f,1.2246467991473532e-16f,2.962910709950071e-20f,0f,0.9999999999999999f,0f,1.1244541181905394f,-1.2234221523482057e-16f,0f,-0.9999999999999999f,-0.00024194001993170424f,0f,0f,0f,1f], start_interpolation: 0, interpolation_duration: 1 }
$data merge entity $(bone_9) { transformation: [-1f,-2.0442967627973053e-18f,1.2244761605423027e-16f,-7.320938565302879e-19f,0f,0.9998606630049013f,0.016692949871102626f,1.497011f,-1.2246467991473532e-16f,0.016692949871102626f,-0.9998606630049013f,0.005978000000000001f,0f,0f,0f,1f], start_interpolation: 0, interpolation_duration: 1 }
$data merge entity $(item_display_item_display) { transformation: [-0.16230303347799035f,0.10743609530447795f,-0.9798551988684704f,-0.3363463518583445f,-0.8371821883197031f,-0.5392585392534517f,0.07954377035611891f,1.0550294169617696f,-0.5203697809097637f,0.8340615764246434f,0.17764452664792038f,0.4124507191223403f,0f,0f,0f,1f], start_interpolation: 0, interpolation_duration: 1 }
$data merge entity $(bone_2) { transformation: [-0.9798552022887507f,0.06336068646261564f,-0.18403859909991022f,-0.40894315315672825f,0.07954375271382334f,0.9924610858267147f,-0.08182166292529412f,1.1432900751602928f,0.17764451568194692f,-0.09490741030417194f,-0.9784865913835927f,-0.027500590896002965f,0f,0f,0f,1f], start_interpolation: 0, interpolation_duration: 1 }
$data merge entity $(bone_1) { transformation: [-0.9808360383270778f,0.09445051313176549f,-0.17041058208922746f,-0.375f,0.07962337608991325f,0.9925841386844028f,0.09185230324921999f,1.5f,0.17782233801996689f,0.07652338336279073f,-0.9810827630224802f,-4.592425496802574e-17f,0f,0f,0f,1f], start_interpolation: 0, interpolation_duration: 1 }
$data merge entity $(bone_4) { transformation: [-0.9942512949363563f,-0.026248666675817423f,0.09368228229030534f,0.39135727026200046f,-0.04340994902492895f,0.9805784033036217f,-0.18596389784087966f,1.1253569169068034f,-0.08706858700491064f,-0.18915074007854657f,-0.9770578584120322f,4.7927442834940444e-17f,0f,0f,0f,1f], start_interpolation: 0, interpolation_duration: 1 }
$data merge entity $(bone_3) { transformation: [-0.9952465414778342f,-0.043619387365334494f,0.08707278979269394f,0.375f,-0.043453402427356305f,0.9990482215818578f,0.0038016801040235445f,1.5f,-0.0871557427476583f,-5.341834311772539e-18f,-0.9961946980917455f,4.592425496802574e-17f,0f,0f,0f,1f], start_interpolation: 0, interpolation_duration: 1 }