# This file was generated by Animated Java via MC-Build. It is not recommended to edit this file directly.
$data merge entity $(bone_layer) { transformation: [-1.0001f,0f,1.224769263827268e-16f,0f,0f,1.0001f,0f,1.4936399375f,-1.224769263827268e-16f,0f,-1.0001f,0f,0f,0f,0f,1f], start_interpolation: 0, interpolation_duration: 1 }
$data merge entity $(bone_head) { transformation: [-1f,0f,1.2246467991473532e-16f,0f,0f,1f,0f,1.4936399375f,-1.2246467991473532e-16f,0f,-1f,0f,0f,0f,0f,1f], start_interpolation: 0, interpolation_duration: 1 }
$data merge entity $(bone_10) { transformation: [-0.999f,3.851859888774472e-34f,1.2246467991473532e-16f,3.118539558511105e-20f,0f,1f,0f,1.124422736057347f,-1.2234221523482057e-16f,0f,-1f,-0.00025464807981226585f,0f,0f,0f,1f], start_interpolation: 0, interpolation_duration: 1 }
$data merge entity $(bone_9) { transformation: [-1f,-2.1749373570536023e-18f,1.2244536526186474e-16f,-7.788830183002115e-19f,0f,0.9998422838904732f,0.01775971127812426f,1.4968199687500001f,-1.2246467991473532e-16f,0.01775971127812426f,-0.9998422838904732f,0.006360062500000002f,0f,0f,0f,1f], start_interpolation: 0, interpolation_duration: 1 }
$data merge entity $(item_display_item_display) { transformation: [-0.16278148049354496f,0.10723676987787717f,-0.9797976652322098f,-0.33653650108722627f,-0.8371947004615388f,-0.5391597653809348f,0.08007984086828644f,1.055085722935373f,-0.5202001760163525f,0.8341510789902121f,0.17772100126890245f,0.41252922963594296f,0f,0f,0f,1f], start_interpolation: 0, interpolation_duration: 1 }
$data merge entity $(bone_2) { transformation: [-0.9797976686625726f,0.06386160563305544f,-0.18417172369654358f,-0.40912892950033214f,0.0800798232257272f,0.9924108826614144f,-0.08190764242320982f,1.1433024897078954f,0.17772099030650312f,-0.0950964526213266f,-0.9784543496266525f,-0.027431604903383287f,0f,0f,0f,1f], start_interpolation: 0, interpolation_duration: 1 }
$data merge entity $(bone_1) { transformation: [-0.9807784471096822f,0.09496745600092422f,-0.17045474468559968f,-0.375f,0.08015998320893614f,0.9925495938562909f,0.09175881880045623f,1.5f,0.17789888919569882f,0.07633142233984902f,-0.9810838390201482f,-4.592425496802574e-17f,0f,0f,0f,1f], start_interpolation: 0, interpolation_duration: 1 }
$data merge entity $(bone_4) { transformation: [-0.9942512949363563f,-0.02614870027588162f,0.09371023418635088f,0.3913572702620004f,-0.043409949024928854f,0.9803794366769545f,-0.18700999028562773f,1.1253569169068034f,-0.08706858700491064f,-0.19019307457123566f,-0.9768554936847664f,4.792744283494044e-17f,0f,0f,0f,1f], start_interpolation: 0, interpolation_duration: 1 }
$data merge entity $(bone_3) { transformation: [-0.9952465414778342f,-0.0436193873653344f,0.08707278979269394f,0.375f,-0.04345340242735621f,0.9990482215818578f,0.003801680104023535f,1.5f,-0.0871557427476583f,-5.341834311772527e-18f,-0.9961946980917455f,4.592425496802574e-17f,0f,0f,0f,1f], start_interpolation: 0, interpolation_duration: 1 }