# This file was generated by Animated Java via MC-Build. It is not recommended to edit this file directly.
$data merge entity $(bone_layer) { transformation: [-1.0001f,0f,1.224769263827268e-16f,0f,0f,1.0001f,0f,1.4999173125f,-1.224769263827268e-16f,0f,-1.0001f,0f,0f,0f,0f,1f], start_interpolation: 0, interpolation_duration: 1 }
$data merge entity $(bone_head) { transformation: [-1f,0f,1.2246467991473532e-16f,0f,0f,1f,0f,1.4999173125f,-1.2246467991473532e-16f,0f,-1f,0f,0f,0f,0f,1f], start_interpolation: 0, interpolation_duration: 1 }
$data merge entity $(bone_10) { transformation: [-0.999f,0f,1.2246467991473532e-16f,4.770010909666496e-22f,0f,0.9999999999999999f,0f,1.1249917412462564f,-1.2234221523482057e-16f,0f,-0.9999999999999999f,-0.00000389500949415583f,0f,0f,0f,1f], start_interpolation: 0, interpolation_duration: 1 }
$data merge entity $(bone_9) { transformation: [-1f,-2.827795894642266e-20f,1.2246467664994513e-16f,-1.0126298220449695e-20f,0f,0.9999999733409649f,0.0002309070579869304f,1.49995865625f,-1.2246467991473532e-16f,0.0002309070579869304f,-0.9999999733409649f,0.00008268750000000015f,0f,0f,0f,1f], start_interpolation: 0, interpolation_duration: 1 }
$data merge entity $(item_display_item_display) { transformation: [-0.15492451579324976f,0.11053089414200093f,-0.9807050095958505f,-0.33340162589291206f,-0.8369507797169324f,-0.5407729485860208f,0.07126717623703406f,1.0541721409019387f,-0.5229844995192938f,0.832675530754778f,0.1764643696183532f,0.4112366901338731f,0f,0f,0f,1f], start_interpolation: 0, interpolation_duration: 1 }
$data merge entity $(bone_2) { transformation: [-0.9807050128606402f,0.05562292063399603f,-0.18200211111455775f,-0.4060746844262816f,0.07126715859961506f,0.9931994108897596f,-0.08047932848484682f,1.143112361051038f,0.17646435859727866f,-0.09198924343845177f,-0.9789787072436622f,-0.028565149715035626f,0f,0f,0f,1f], start_interpolation: 0, interpolation_duration: 1 }
$data merge entity $(bone_1) { transformation: [-0.9816866995602004f,0.08646868709921836f,-0.16974801930490505f,-0.375f,0.07133849709671178f,0.9930786475101551f,0.09330390501679893f,1.5f,0.17664099959687554f,0.07948563398966423f,-0.9810606460615356f,-4.592425496802574e-17f,0f,0f,0f,1f], start_interpolation: 0, interpolation_duration: 1 }
$data merge entity $(bone_4) { transformation: [-0.9942512949363562f,-0.0277873144561486f,0.09323747997824626f,0.391357270262001f,-0.043409949024930436f,0.9835068775252033f,-0.16979634326533022f,1.1253569169068034f,-0.08706858700491064f,-0.1730407091292105f,-0.9800392717340609f,4.792744283494051e-17f,0f,0f,0f,1f], start_interpolation: 0, interpolation_duration: 1 }