# This file was generated by Animated Java via MC-Build. It is not recommended to edit this file directly.
$data merge entity $(bone_layer) { transformation: [-1.0001f,0f,1.224769263827268e-16f,0f,0f,1.0001f,0f,1.4928525625f,-1.224769263827268e-16f,0f,-1.0001f,0f,0f,0f,0f,1f], start_interpolation: 0, interpolation_duration: 1 }
$data merge entity $(bone_head) { transformation: [-1f,0f,1.2246467991473532e-16f,0f,0f,1f,0f,1.4928525625f,-1.2246467991473532e-16f,0f,-1f,0f,0f,0f,0f,1f], start_interpolation: 0, interpolation_duration: 1 }
$data merge entity $(bone_10) { transformation: [-0.999f,3.851859888774472e-34f,1.2246467991473535e-16f,3.4263771591770146e-20f,0f,1.0000000000000002f,0f,1.1243593802025365f,-1.2234221523482057e-16f,0f,-1.0000000000000002f,-0.0002797849275042079f,0f,0f,0f,1f], start_interpolation: 0, interpolation_duration: 1 }
$data merge entity $(bone_9) { transformation: [-1f,-2.444160563162437e-18f,1.2244028710257118e-16f,-8.753086456480765e-19f,0f,0.999800817573025f,0.019958085587323274f,1.49642628125f,-1.2246467991473532e-16f,0.019958085587323274f,-0.999800817573025f,0.007147437500000003f,0f,0f,0f,1f], start_interpolation: 0, interpolation_duration: 1 }
$data merge entity $(item_display_item_display) { transformation: [-0.16376758613733172f,0.1068264665376454f,-0.9796781531594104f,-0.336928104252964f,-0.8372195318023249f,-0.5389559685207802f,0.08118447859365807f,1.0552020467630507f,-0.5198505874762936f,0.8343354062023914f,0.17787860089859903f,0.4126909637234922f,0f,0f,0f,1f], start_interpolation: 0, interpolation_duration: 1 }
$data merge entity $(bone_2) { transformation: [-0.9796781566105539f,0.06489371268915832f,-0.18444651125343642f,-0.40951173884019765f,0.08118446095057553f,0.9923065190392238f,-0.08208444171962646f,1.1433284183906172f,0.17787858994356673f,-0.09548601115176636f,-0.9783877702189521f,-0.027289437141270117f,0f,0f,0f,1f], start_interpolation: 0, interpolation_duration: 1 }
$data merge entity $(bone_1) { transformation: [-0.9806588154259799f,0.09603266459881082f,-0.1705462255734975f,-0.375f,0.08126572667725279f,0.9924774444782828f,0.09156639050151098f,1.5f,0.17805664659015688f,0.0759358250887515f,-0.9810859193124517f,-4.592425496802574e-17f,0f,0f,0f,1f], start_interpolation: 0, interpolation_duration: 1 }
$data merge entity $(bone_4) { transformation: [-0.9942512949363563f,-0.025942590375799823f,0.09376750248338737f,0.39135727026200035f,-0.04340994902492867f,0.979965875982892f,-0.1891651612605662f,1.1253569169068034f,-0.08706858700491064f,-0.192340489532694f,-0.9764349426578771f,4.792744283494043e-17f,0f,0f,0f,1f], start_interpolation: 0, interpolation_duration: 1 }
$data merge entity $(bone_3) { transformation: [-0.9952465414778342f,-0.04361938736533422f,0.08707278979269394f,0.375f,-0.04345340242735603f,0.9990482215818578f,0.0038016801040235185f,1.5f,-0.0871557427476583f,-5.341834311772505e-18f,-0.9961946980917455f,4.592425496802574e-17f,0f,0f,0f,1f], start_interpolation: 0, interpolation_duration: 1 }