# This file was generated by Animated Java via MC-Build. It is not recommended to edit this file directly.
$data merge entity $(bone_layer) { transformation: [-1.0001f,0f,1.224769263827268e-16f,0f,0f,1.0001f,0f,1.4920366875f,-1.224769263827268e-16f,0f,-1.0001f,0f,0f,0f,0f,1f], start_interpolation: 0, interpolation_duration: 1 }
$data merge entity $(bone_head) { transformation: [-1f,0f,1.2246467991473532e-16f,0f,0f,1f,0f,1.4920366875f,-1.2246467991473532e-16f,0f,-1f,0f,0f,0f,0f,1f], start_interpolation: 0, interpolation_duration: 1 }
$data merge entity $(bone_10) { transformation: [-0.999f,-3.851859888774472e-34f,1.2246467991473532e-16f,3.7270029839829115e-20f,0f,1f,0f,1.1242955995103217f,-1.2234221523482057e-16f,0f,-1f,-0.0003043328890074918f,0f,0f,0f,1f], start_interpolation: 0, interpolation_duration: 1 }
$data merge entity $(bone_9) { transformation: [-1f,-2.723116149768269e-18f,1.2243440066032686e-16f,-9.75224516373511e-19f,0f,0.9997527511244096f,0.022235930814208705f,1.4960183437499999f,-1.2246467991473532e-16f,0.022235930814208705f,-0.9997527511244096f,0.007963312500000003f,0f,0f,0f,1f], start_interpolation: 0, interpolation_duration: 1 }
$data merge entity $(item_display_item_display) { transformation: [-0.16478952018064347f,0.10640198992110024f,-0.9795529748714275f,-0.33733350286640534f,-0.8372439060811727f,-0.5387444575511391f,0.0823289207257676f,1.0553229859101707f,-0.519488263359793f,0.834526228466643f,0.1780419002164015f,0.4128584601560394f,0f,0f,0f,1f], start_interpolation: 0, interpolation_duration: 1 }
$data merge entity $(bone_2) { transformation: [-0.9795529783441066f,0.06596287246973867f,-0.1847318653419898f,-0.40990833489480855f,0.08232890308217142f,0.9921970967537688f,-0.08226708278940377f,1.1433557742840277f,0.17804188926900463f,-0.09588962743140253f,-0.9783185907548677f,-0.02714212672814056f,0f,0f,0f,1f], start_interpolation: 0, interpolation_duration: 1 }
$data merge entity $(bone_1) { transformation: [-0.9805335118559626f,0.09713623622903252f,-0.170641682301454f,-0.375f,0.08241131439656799f,0.9924013237314013f,0.09136732411312201f,1.5f,0.178220109378383f,0.07552591785221709f,-0.9810878800320272f,-4.592425496802574e-17f,0f,0f,0f,1f], start_interpolation: 0, interpolation_duration: 1 }
$data merge entity $(bone_4) { transformation: [-0.9942512949363563f,-0.025728887775716327f,0.09382636543745673f,0.39135727026200023f,-0.043409949024928465f,0.979532347932716f,-0.19139737636413276f,1.1253569169068034f,-0.08706858700491064f,-0.19456465168998446f,-0.9759941892602247f,4.8090073160813245e-17f,0f,0f,0f,1f], start_interpolation: 0, interpolation_duration: 1 }
$data merge entity $(bone_3) { transformation: [-0.9952465414778342f,-0.04361938736533401f,0.08707278979269392f,0.375f,-0.04345340242735582f,0.9990482215818578f,0.0038016801040235003f,1.5f,-0.0871557427476583f,-5.775515180766681e-18f,-0.9961946980917455f,4.592425496802574e-17f,0f,0f,0f,1f], start_interpolation: 0, interpolation_duration: 1 }