# This file was generated by Animated Java via MC-Build. It is not recommended to edit this file directly.
$data merge entity $(bone_layer) { transformation: [-1.0001f,0f,1.224769263827268e-16f,0f,0f,1.0001f,0f,1.489892f,-1.224769263827268e-16f,0f,-1.0001f,0f,0f,0f,0f,1f], start_interpolation: 0, interpolation_duration: 1 }
$data merge entity $(bone_head) { transformation: [-1f,0f,1.2246467991473532e-16f,0f,0f,1f,0f,1.489892f,-1.2246467991473532e-16f,0f,-1f,0f,0f,0f,0f,1f], start_interpolation: 0, interpolation_duration: 1 }
$data merge entity $(bone_10) { transformation: [-0.999f,0f,1.2246467991473532e-16f,4.4277790152871305e-20f,0f,1f,0f,1.1241369711564544f,-1.2234221523482057e-16f,0f,-1f,-0.00036155559450854954f,0f,0f,0f,1f], start_interpolation: 0, interpolation_duration: 1 }
$data merge entity $(bone_9) { transformation: [-1f,-3.4563344700272796e-18f,1.224158959394158e-16f,-1.2378729845781442e-18f,0f,0.9996016486112282f,0.028223112757357584f,1.494946f,-1.2246467991473532e-16f,0.028223112757357584f,-0.9996016486112282f,0.010107999999999995f,0f,0f,0f,1f], start_interpolation: 0, interpolation_duration: 1 }
$data merge entity $(item_display_item_display) { transformation: [-0.16747651533249097f,0.10528946341386508f,-0.9792174149319989f,-0.338397329170076f,-0.8373013959997262f,-0.5381868320167817f,0.08533642891901858f,1.0556428573025605f,-0.5185354270143901f,0.835026983239321f,0.17847114106556047f,0.4132983114052859f,0f,0f,0f,1f], start_interpolation: 0, interpolation_duration: 1 }
$data merge entity $(bone_2) { transformation: [-0.9792174184613022f,0.0687718722807679f,-0.18548497773399522f,-0.4109505228936029f,0.08533641127421089f,0.9919032457058206f,-0.08274447455327233f,1.1434300553987313f,0.17847113013824312f,-0.0969504035126009f,-0.9781358162167062f,-0.02675490862859815f,0f,0f,0f,1f], start_interpolation: 0, interpolation_duration: 1 }
$data merge entity $(bone_1) { transformation: [-0.9801976160773795f,0.10003623761698201f,-0.17089582967311018f,-0.375f,0.08542183310731821f,0.9921946284557045f,0.09084563661636161f,1.5f,0.17864977991816128f,0.07444844140131647f,-0.9810920882914648f,-4.592425496802574e-17f,0f,0f,0f,1f], start_interpolation: 0, interpolation_duration: 1 }
$data merge entity $(bone_4) { transformation: [-0.9942512949363563f,-0.025166494463473046f,0.0939787745919179f,0.39135727026200007f,-0.0434099490249279f,0.9783684897592548f,-0.197260423227388f,1.1253569169068034f,-0.08706858700491064f,-0.20040645149948405f,-0.9748114255353973f,4.7927442834940395e-17f,0f,0f,0f,1f], start_interpolation: 0, interpolation_duration: 1 }
$data merge entity $(bone_3) { transformation: [-0.9952465414778342f,-0.043619387365333454f,0.08707278979269392f,0.375f,-0.04345340242735526f,0.9990482215818579f,0.0038016801040234526f,1.5f,-0.0871557427476583f,-5.341834311772411e-18f,-0.9961946980917455f,4.592425496802574e-17f,0f,0f,0f,1f], start_interpolation: 0, interpolation_duration: 1 }