# This file was generated by Animated Java via MC-Build. It is not recommended to edit this file directly.
$data merge entity $(bone_layer) { transformation: [-1.0001f,0f,1.224769263827268e-16f,0f,0f,1.0001f,0f,1.4889999999999999f,-1.224769263827268e-16f,0f,-1.0001f,0f,0f,0f,0f,1f], start_interpolation: 0, interpolation_duration: 1 }
$data merge entity $(bone_head) { transformation: [-1f,0f,1.2246467991473532e-16f,0f,0f,1f,0f,1.4889999999999999f,-1.2246467991473532e-16f,0f,-1f,0f,0f,0f,0f,1f], start_interpolation: 0, interpolation_duration: 1 }
$data merge entity $(bone_10) { transformation: [-0.999f,0f,1.224646799147353e-16f,4.6809007992138813e-20f,0f,1f,0f,1.1240748321669534f,-1.2234221523482057e-16f,0f,-1f,-0.00038222455670262716f,0f,0f,0f,1f], start_interpolation: 0, interpolation_duration: 1 }
$data merge entity $(bone_9) { transformation: [-1f,-3.761253337976867e-18f,1.224069066676637e-16f,-1.347111479062088e-18f,0f,0.9995282456369311f,0.030712964265252628f,1.4945f,-1.2246467991473532e-16f,0.030712964265252628f,-0.9995282456369311f,0.010999999999999996f,0f,0f,0f,1f], start_interpolation: 0, interpolation_duration: 1 }
$data merge entity $(item_display_item_display) { transformation: [-0.16859433426247927f,0.10482815672590934f,-0.979075077821941f,-0.33883899881174756f,-0.8373224980496939f,-0.5379542195161446f,0.08658690411717278f,1.0557767285930781f,-0.5181389627449491f,0.8352348862818317f,0.17864965721591547f,0.41348106017346525f,0f,0f,0f,1f], start_interpolation: 0, interpolation_duration: 1 }
$data merge entity $(bone_2) { transformation: [-0.9790750813748006f,0.06993952338366578f,-0.1857994835832255f,-0.4113838324564505f,0.08658688647192038f,0.9917783815902627f,-0.08294186458778172f,1.1434619605347065f,0.17864964629695296f,-0.09739150311533756f,-0.9780594046370131f,-0.026593867244645183f,0f,0f,0f,1f], start_interpolation: 0, interpolation_duration: 1 }
$data merge entity $(bone_1) { transformation: [-0.9800551365113119f,0.10124196857447101f,-0.17100290406001778f,-0.375f,0.08667356003195233f,0.9921058489469035f,0.09062934666393437f,1.5f,0.17882847477172467f,0.07400032624596908f,-0.9810934350643208f,-4.592425496802574e-17f,0f,0f,0f,1f], start_interpolation: 0, interpolation_duration: 1 }
$data merge entity $(bone_4) { transformation: [-0.9942512949363563f,-0.02493232171336625f,0.09404117104417467f,0.39135727026199996f,-0.04340994902492768f,0.9778740923251502f,-0.1996968599776088f,1.1253569169068034f,-0.08706858700491064f,-0.20283401808682075f,-0.9743092025962412f,4.792744283494039e-17f,0f,0f,0f,1f], start_interpolation: 0, interpolation_duration: 1 }
$data merge entity $(bone_3) { transformation: [-0.9952465414778342f,-0.04361938736533323f,0.08707278979269392f,0.375f,-0.043453402427355035f,0.9990482215818579f,0.0038016801040234327f,1.5f,-0.0871557427476583f,-5.341834311772385e-18f,-0.9961946980917455f,4.592425496802574e-17f,0f,0f,0f,1f], start_interpolation: 0, interpolation_duration: 1 }