# This file was generated by Animated Java via MC-Build. It is not recommended to edit this file directly.
$data merge entity $(bone_layer) { transformation: [-1.0001f,0f,1.224769263827268e-16f,0f,0f,1.0001f,0f,1.4885481875f,-1.224769263827268e-16f,0f,-1.0001f,0f,0f,0f,0f,1f], start_interpolation: 0, interpolation_duration: 1 }
$data merge entity $(bone_head) { transformation: [-1f,0f,1.2246467991473532e-16f,0f,0f,1f,0f,1.4885481875f,-1.2246467991473532e-16f,0f,-1f,0f,0f,0f,0f,1f], start_interpolation: 0, interpolation_duration: 1 }
$data merge entity $(bone_10) { transformation: [-0.999f,0f,1.2246467991473532e-16f,4.800483789403585e-20f,0f,1f,0f,1.1240442142809615f,-1.2234221523482057e-16f,0f,-1f,-0.0003919892488794211f,0f,0f,0f,1f], start_interpolation: 0, interpolation_duration: 1 }
$data merge entity $(bone_9) { transformation: [-1f,-3.915690915787524e-18f,1.2240206367243404e-16f,-1.4024425522560648e-18f,0f,0.99948869957979f,0.03197404278942941f,1.49427409375f,-1.2246467991473532e-16f,0.03197404278942941f,-0.99948869957979f,0.011451812499999998f,0f,0f,0f,1f], start_interpolation: 0, interpolation_duration: 1 }
$data merge entity $(item_display_item_display) { transformation: [-0.16916058625170993f,0.10459481263595909f,-0.9790023601752075f,-0.33906253478421683f,-0.8373325569374396f,-0.537836243848401f,0.08722020348321502f,1.055844722784228f,-0.5179381093833388f,0.8353401103578665f,0.17874007629997343f,0.4135735826957791f,0f,0f,0f,1f], start_interpolation: 0, interpolation_duration: 1 }
$data merge entity $(bone_2) { transformation: [-0.9790023637399999f,0.07053081217363309f,-0.18595907164110223f,-0.41160327710549494f,0.08722018583775065f,0.9917145428169594f,-0.08304158444886194f,1.1434783474399708f,0.1787400653852436f,-0.09761490715806119f,-0.9780206127309392f,-0.02651229876876448f,0f,0f,0f,1f], start_interpolation: 0, interpolation_duration: 1 }
$data merge entity $(bone_1) { transformation: [-0.979982346086086f,0.10185259716311637f,-0.17105744593772793f,-0.375f,0.08730749333108173f,0.9920602506018202f,0.09051994688518591f,1.5f,0.1789189843696132f,0.07377335309569234f,-0.9810940267910943f,-4.592425496802574e-17f,0f,0f,0f,1f], start_interpolation: 0, interpolation_duration: 1 }
$data merge entity $(bone_4) { transformation: [-0.9942512949363563f,-0.024813650294202887f,0.09407255325787381f,0.3913572702619999f,-0.043409949024927556f,0.9776213568295212f,-0.2009304829946399f,1.1253569169068034f,-0.08706858700491064f,-0.2040631407919693f,-0.9740525117913742f,4.792744283494038e-17f,0f,0f,0f,1f], start_interpolation: 0, interpolation_duration: 1 }
$data merge entity $(bone_3) { transformation: [-0.9952465414778342f,-0.04361938736533311f,0.08707278979269392f,0.375f,-0.04345340242735491f,0.9990482215818579f,0.0038016801040234222f,1.5f,-0.0871557427476583f,-5.34183431177237e-18f,-0.9961946980917455f,4.592425496802574e-17f,0f,0f,0f,1f], start_interpolation: 0, interpolation_duration: 1 }