# This file was generated by Animated Java via MC-Build. It is not recommended to edit this file directly.
$data merge entity $(bone_layer) { transformation: [-1.0001f,0f,1.224769263827268e-16f,0f,0f,1.0001f,0f,1.487174f,-1.224769263827268e-16f,0f,-1.0001f,0f,0f,0f,0f,1f], start_interpolation: 0, interpolation_duration: 1 }
$data merge entity $(bone_head) { transformation: [-1f,0f,1.2246467991473532e-16f,0f,0f,1f,0f,1.487174f,-1.2246467991473532e-16f,0f,-1f,0f,0f,0f,0f,1f], start_interpolation: 0, interpolation_duration: 1 }
$data merge entity $(bone_10) { transformation: [-0.999f,0f,1.2246467991473532e-16f,5.128431889782788e-20f,0f,1f,0f,1.1239546189531873f,-1.2234221523482057e-16f,0f,-1f,-0.00041876824349301386f,0f,0f,0f,1f], start_interpolation: 0, interpolation_duration: 1 }
$data merge entity $(bone_9) { transformation: [-1f,-4.385373395067404e-18f,1.223861361707461e-16f,-1.5707319845863948e-18f,0f,0.9993586416586081f,0.03580929128399039f,1.493587f,-1.2246467991473532e-16f,0.03580929128399039f,-0.9993586416586081f,0.012825999999999997f,0f,0f,0f,1f], start_interpolation: 0, interpolation_duration: 1 }
$data merge entity $(item_display_item_display) { transformation: [-0.17088307906717956f,0.10388640002707676f,-0.9787786211283604f,-0.33974168739976746f,-0.8373605485307264f,-0.5374767888871856f,0.0891460216265467f,1.0560522949175994f,-0.5173270581100904f,0.8356598095498755f,0.17901507660033888f,0.41385481335032404f,0f,0f,0f,1f], start_interpolation: 0, interpolation_duration: 1 }
$data merge entity $(bone_2) { transformation: [-0.9787786247294517f,0.07232861187826518f,-0.18644563732221384f,-0.41227057724345284f,0.08914600398049245f,0.991517927757337f,-0.08334379947006153f,1.1435291236191147f,0.179015065698486f,-0.09829430725916474f,-0.9779022627100357f,-0.02626421499271221f,0f,0f,0f,1f], start_interpolation: 0, interpolation_duration: 1 }
$data merge entity $(bone_1) { transformation: [-0.9797583831125642f,0.1037094323296079f,-0.17122460210648555f,-0.375f,0.08923523921971216f,0.9919189603642025f,0.09018784924478611f,1.5f,0.17919425995844443f,0.07308303302319906f,-0.9810954527883999f,-4.592425496802574e-17f,0f,0f,0f,1f], start_interpolation: 0, interpolation_duration: 1 }
$data merge entity $(bone_4) { transformation: [-0.9942512949363563f,-0.024452469246768457f,0.09416708164276047f,0.3913572702619998f,-0.04340994902492722f,0.9768430987011079f,-0.20468057271189793f,1.1253569169068034f,-0.08706858700491064f,-0.20779951219325124f,-0.9732622585352907f,4.7927442834940364e-17f,0f,0f,0f,1f], start_interpolation: 0, interpolation_duration: 1 }
$data merge entity $(bone_3) { transformation: [-0.9952465414778342f,-0.043619387365332773f,0.08707278979269392f,0.375f,-0.04345340242735458f,0.9990482215818578f,0.0038016801040233928f,1.5f,-0.0871557427476583f,-5.341834311772328e-18f,-0.9961946980917455f,4.592425496802574e-17f,0f,0f,0f,1f], start_interpolation: 0, interpolation_duration: 1 }