# This file was generated by Animated Java via MC-Build. It is not recommended to edit this file directly.
$data merge entity $(bone_layer) { transformation: [-1.0001f,0f,1.224769263827268e-16f,0f,0f,1.0001f,0f,1.486246f,-1.224769263827268e-16f,0f,-1.0001f,0f,0f,0f,0f,1f], start_interpolation: 0, interpolation_duration: 1 }
$data merge entity $(bone_head) { transformation: [-1f,0f,1.2246467991473532e-16f,0f,0f,1f,0f,1.486246f,-1.2246467991473532e-16f,0f,-1f,0f,0f,0f,0f,1f], start_interpolation: 0, interpolation_duration: 1 }
$data merge entity $(bone_10) { transformation: [-0.999f,-7.703719777548943e-34f,1.2246467991473532e-16f,5.319355397542211e-20f,0f,1f,0f,1.123897109669391f,-1.2234221523482057e-16f,0f,-1f,-0.0004343583310098681f,0f,0f,0f,1f], start_interpolation: 0, interpolation_duration: 1 }
$data merge entity $(bone_9) { transformation: [-1f,-4.702517687553427e-18f,1.223743606888993e-16f,-1.684379207547269e-18f,0f,0.9992624875523384f,0.038398970959034905f,1.493123f,-1.2246467991473532e-16f,0.038398970959034905f,-0.9992624875523384f,0.013753999999999995f,0f,0f,0f,1f], start_interpolation: 0, interpolation_duration: 1 }
$data merge entity $(item_display_item_display) { transformation: [-0.17204649118036042f,0.10340911329523492f,-0.9786253420793986f,-0.3401997007182877f,-0.837377235423501f,-0.5372335105059357f,0.09044623145252444f,1.056193122321601f,-0.5169142776776635f,0.8358754156433615f,0.17920077861442762f,0.41404458030969443f,0f,0f,0f,1f], start_interpolation: 0, interpolation_duration: 1 }
$data merge entity $(bone_2) { transformation: [-0.9786253457050068f,0.07354216251987808f,-0.18677522072174282f,-0.41272108946906544f,0.09044621380611854f,0.9913830678861799f,-0.08354696353981804f,1.143564209258703f,0.17920076772127344f,-0.09875304066450628f,-0.9778220297209611f,-0.026096687776289314f,0f,0f,0f,1f], start_interpolation: 0, interpolation_duration: 1 }
$data merge entity $(bone_1) { transformation: [-0.9796049506556624f,0.10496303156609518f,-0.17133856149557228f,-0.375f,0.09053675055667522f,0.9918213307583915f,0.0899641298034482f,1.5f,0.17938014786914258f,0.07261687033402231f,-0.9810960975833796f,-4.592425496802574e-17f,0f,0f,0f,1f], start_interpolation: 0, interpolation_duration: 1 }
$data merge entity $(bone_4) { transformation: [-0.9942512949363563f,-0.02420835672804508f,0.09423013308865781f,0.3913572702619997f,-0.04340994902492697f,0.9763093966943859f,-0.2072113371702849f,1.1253569169068034f,-0.08706858700491064f,-0.21032098656760806f,-0.9727204859394072f,4.792744283494035e-17f,0f,0f,0f,1f], start_interpolation: 0, interpolation_duration: 1 }
$data merge entity $(bone_3) { transformation: [-0.9952465414778342f,-0.04361938736533252f,0.08707278979269392f,0.375f,-0.04345340242735433f,0.9990482215818579f,0.003801680104023371f,1.5f,-0.0871557427476583f,-5.3418343117722965e-18f,-0.9961946980917455f,4.592425496802574e-17f,0f,0f,0f,1f], start_interpolation: 0, interpolation_duration: 1 }