# This file was generated by Animated Java via MC-Build. It is not recommended to edit this file directly.
$data merge entity $(bone_layer) { transformation: [-1.0001f,0f,1.224769263827268e-16f,0f,0f,1.0001f,0f,1.485312f,-1.224769263827268e-16f,0f,-1.0001f,0f,0f,0f,0f,1f], start_interpolation: 0, interpolation_duration: 1 }
$data merge entity $(bone_head) { transformation: [-1f,0f,1.2246467991473532e-16f,0f,0f,1f,0f,1.485312f,-1.2246467991473532e-16f,0f,-1f,0f,0f,0f,0f,1f], start_interpolation: 0, interpolation_duration: 1 }
$data merge entity $(bone_10) { transformation: [-0.999f,0f,1.2246467991473532e-16f,5.486562475814405e-20f,0f,1f,0f,1.123841657652701f,-1.2234221523482057e-16f,0f,-1f,-0.00044801182509392537f,0f,0f,0f,1f], start_interpolation: 0, interpolation_duration: 1 }
$data merge entity $(bone_9) { transformation: [-1f,-5.021680589724063e-18f,1.2236167925732863e-16f,-1.7987612185876324e-18f,0f,0.9991589358051773f,0.04100513383303947f,1.492656f,-1.2246467991473532e-16f,0.04100513383303947f,-0.9991589358051773f,0.014688000000000001f,0f,0f,0f,1f], start_interpolation: 0, interpolation_duration: 1 }
$data merge entity $(item_display_item_display) { transformation: [-0.1732175836081756f,0.10292964465091804f,-0.9784692928145373f,-0.34066016665446364f,-0.8373922260553233f,-0.5369882257585511f,0.09175459192211662f,1.0563353897695127f,-0.5164987206867556f,0.836092180114561f,0.17938767482808174f,0.4142354517220947f,0f,0f,0f,1f], start_interpolation: 0, interpolation_duration: 1 }
$data merge entity $(bone_2) { transformation: [-0.9784692964648245f,0.07476313462896318f,-0.18710774857306908f,-0.413174414826561f,0.09175457427539482f,0.9912456408825513f,-0.08375068674871242f,1.14360016942727f,0.17938766394368474f,-0.09921468203744555f,-0.9777410254730217f,-0.025928082177032942f,0f,0f,0f,1f], start_interpolation: 0, interpolation_duration: 1 }
$data merge entity $(bone_1) { transformation: [-0.9794487452100346f,0.1062244586478219f,-0.17145413349192246f,-0.375f,0.09184642069609092f,0.9917212676806401f,0.08973941294225697f,1.5f,0.1795672311748596f,0.07214770692739589f,-0.98109648754509f,-4.592425496802574e-17f,0f,0f,0f,1f], start_interpolation: 0, interpolation_duration: 1 }
$data merge entity $(bone_4) { transformation: [-0.9942512949363564f,-0.023962501743357175f,0.09429295322333497f,0.3913572702619996f,-0.04340994902492674f,0.9757656237236018f,-0.209757059201696f,1.1253569169068034f,-0.08706858700491063f,-0.21285733736352652f,-0.9721686145352967f,4.809007316081317e-17f,0f,0f,0f,1f], start_interpolation: 0, interpolation_duration: 1 }
$data merge entity $(bone_3) { transformation: [-0.9952465414778343f,-0.04361938736533228f,0.08707278979269394f,0.375f,-0.04345340242735409f,0.9990482215818579f,0.0038016801040233507f,1.5f,-0.08715574274765829f,-5.7755151807664705e-18f,-0.9961946980917455f,4.592425496802574e-17f,0f,0f,0f,1f], start_interpolation: 0, interpolation_duration: 1 }