# This file was generated by Animated Java via MC-Build. It is not recommended to edit this file directly.
$data merge entity $(bone_layer) { transformation: [-1.0001f,0f,1.224769263827268e-16f,0f,0f,1.0001f,0f,1.4997734375f,-1.224769263827268e-16f,0f,-1.0001f,0f,0f,0f,0f,1f], start_interpolation: 0, interpolation_duration: 1 }
$data merge entity $(bone_head) { transformation: [-1f,0f,1.2246467991473532e-16f,0f,0f,1f,0f,1.4997734375f,-1.2246467991473532e-16f,0f,-1f,0f,0f,0f,0f,1f], start_interpolation: 0, interpolation_duration: 1 }
$data merge entity $(bone_10) { transformation: [-0.999f,1.2037062152420224e-35f,1.2246467991473535e-16f,1.3025150566236902e-21f,0f,1f,0f,1.1249774187855461f,-1.2234221523482057e-16f,0f,-1f,-0.00001063584257543116f,0f,0f,0f,1f], start_interpolation: 0, interpolation_duration: 1 }
$data merge entity $(bone_9) { transformation: [-1f,-7.748117555024055e-20f,1.2246465540426762e-16f,-2.7745904043182274e-20f,0f,0.9999997998568426f,0.0006326818116389637f,1.49988671875f,-1.2246467991473532e-16f,0.0006326818116389637f,-0.9999997998568426f,0.00022656250000000042f,0f,0f,0f,1f], start_interpolation: 0, interpolation_duration: 1 }
$data merge entity $(item_display_item_display) { transformation: [-0.15510449512556096f,0.11045493755738796f,-0.9806851188638678f,-0.3334737299707201f,-0.836957284346428f,-0.5407362084580508f,0.0714692734107757f,1.0541928034349932f,-0.5229207394732946f,0.8327094689215474f,0.17649317436404613f,0.4112663764239449f,0f,0f,0f,1f], start_interpolation: 0, interpolation_duration: 1 }
$data merge entity $(bone_2) { transformation: [-0.9806851221324502f,0.05581194727779267f,-0.18205141518022291f,-0.4061447307023435f,0.07146925577321964f,0.9931822053898711f,-0.08051243615823404f,1.1431163882894997f,0.17649316334431522f,-0.09206048793034118f,-0.9789668175452855f,-0.028539167243410102f,0f,0f,0f,1f], start_interpolation: 0, interpolation_duration: 1 }
$data merge entity $(bone_1) { transformation: [-0.9816667889213716f,0.08666359847608636f,-0.16976376594544187f,-0.375f,0.07154079656978943f,0.9930674412813921f,0.09326827699163635f,1.5f,0.1766698331774927f,0.0794133349381845f,-0.9810613091336507f,-4.592425496802574e-17f,0f,0f,0f,1f], start_interpolation: 0, interpolation_duration: 1 }
$data merge entity $(bone_4) { transformation: [-0.9942512949363562f,-0.027749851745107246f,0.09324863669514595f,0.39135727026200096f,-0.04340994902493038f,0.9834385782559267f,-0.17019147782311064f,1.1253569169068034f,-0.08706858700491064f,-0.17343445022856901f,-0.9799696692402691f,4.792744283494051e-17f,0f,0f,0f,1f], start_interpolation: 0, interpolation_duration: 1 }
$data merge entity $(bone_3) { transformation: [-0.9952465414778341f,-0.043619387365335945f,0.08707278979269394f,0.375f,-0.04345340242735774f,0.9990482215818578f,0.0038016801040236703f,1.5f,-0.0871557427476583f,-5.341834311772717e-18f,-0.9961946980917455f,4.592425496802574e-17f,0f,0f,0f,1f], start_interpolation: 0, interpolation_duration: 1 }