# This file was generated by Animated Java via MC-Build. It is not recommended to edit this file directly.
$data merge entity $(bone_layer) { transformation: [-1.0001f,0f,1.224769263827268e-16f,0f,0f,1.0001f,0f,1.484375f,-1.224769263827268e-16f,0f,-1.0001f,0f,0f,0f,0f,1f], start_interpolation: 0, interpolation_duration: 1 }
$data merge entity $(bone_head) { transformation: [-1f,0f,1.2246467991473532e-16f,0f,0f,1f,0f,1.484375f,-1.2246467991473532e-16f,0f,-1f,0f,0f,0f,0f,1f], start_interpolation: 0, interpolation_duration: 1 }
$data merge entity $(bone_10) { transformation: [-0.999f,0f,1.2246467991473535e-16f,5.629077879845254e-20f,0f,1.0000000000000002f,0f,1.1237884682916899f,-1.2234221523482057e-16f,0f,-1.0000000000000002f,-0.00045964909096764955f,0f,0f,0f,1f], start_interpolation: 0, interpolation_duration: 1 }
$data merge entity $(bone_9) { transformation: [-1f,-5.341834311772723e-18f,1.223481206754078e-16f,-1.9135106236677394e-18f,0f,0.9990482215818578f,0.043619387365336f,1.4921875f,-1.2246467991473532e-16f,0.043619387365336f,-0.9990482215818578f,0.015625f,0f,0f,0f,1f], start_interpolation: 0, interpolation_duration: 1 }
$data merge entity $(item_display_item_display) { transformation: [-0.17439259405873656f,0.1024495475556374f,-0.9783109492094577f,-0.341121598177436f,-0.8374054459546897f,-0.5367417183831937f,0.09306689439582728f,1.0564786467229899f,-0.5160817204890056f,0.8363094032430234f,0.17957516483190594f,0.41442681267728765f,0f,0f,0f,1f], start_interpolation: 0, interpolation_duration: 1 }
$data merge entity $(bone_2) { transformation: [-0.9783109528845064f,0.0759875976912261f,-0.18744216298187907f,-0.41362909477060483f,0.0930668767488269f,0.9911060647737282f,-0.08395430198002339f,1.1436368977034457f,0.17957515395629658f,-0.09967774759619455f,-0.9776595065337019f,-0.02575893988073126f,0f,0f,0f,1f], start_interpolation: 0, interpolation_duration: 1 }
$data merge entity $(bone_1) { transformation: [-0.979290243127634f,0.10748965501385693f,-0.17157095844000317f,-0.375f,0.09316003678561251f,0.9916190672599775f,0.08951442896290823f,1.5f,0.17975490886516174f,0.07167705010290425f,-0.9810966176821848f,-4.592425496802574e-17f,0f,0f,0f,1f], start_interpolation: 0, interpolation_duration: 1 }
$data merge entity $(bone_4) { transformation: [-0.9942512949363564f,-0.023715693277836555f,0.09435533058460445f,0.3913572702619995f,-0.043409949024926515f,0.9752134342008446f,-0.21230952423254149f,1.1253569169068034f,-0.08706858700491063f,-0.2154003798663002f,-0.9716083251549577f,4.776481250906751e-17f,0f,0f,0f,1f], start_interpolation: 0, interpolation_duration: 1 }
$data merge entity $(bone_3) { transformation: [-0.9952465414778343f,-0.04361938736533206f,0.08707278979269394f,0.375f,-0.04345340242735387f,0.9990482215818579f,0.0038016801040233316f,1.5f,-0.08715574274765829f,-4.908153442778039e-18f,-0.9961946980917455f,4.592425496802574e-17f,0f,0f,0f,1f], start_interpolation: 0, interpolation_duration: 1 }