# This file was generated by Animated Java via MC-Build. It is not recommended to edit this file directly.
$data merge entity $(bone_layer) { transformation: [-1.0001f,0f,1.224769263827268e-16f,0f,0f,1.0001f,0f,1.483438f,-1.224769263827268e-16f,0f,-1.0001f,0f,0f,0f,0f,1f], start_interpolation: 0, interpolation_duration: 1 }
$data merge entity $(bone_head) { transformation: [-1f,0f,1.2246467991473532e-16f,0f,0f,1f,0f,1.483438f,-1.2246467991473532e-16f,0f,-1f,0f,0f,0f,0f,1f], start_interpolation: 0, interpolation_duration: 1 }
$data merge entity $(bone_10) { transformation: [-0.999f,-7.703719777548943e-34f,1.224646799147353e-16f,5.746247291512998e-20f,0f,0.9999999999999999f,0f,1.1237377156487784f,-1.2234221523482057e-16f,0f,-0.9999999999999999f,-0.0004692166995017427f,0f,0f,0f,1f], start_interpolation: 0, interpolation_duration: 1 }
$data merge entity $(bone_9) { transformation: [-1f,-5.6619514605298525e-18f,1.2233372442739237e-16f,-2.0282600287478468e-18f,0f,0.998930667295794f,0.04623334225404356f,1.491719f,-1.2246467991473532e-16f,0.04623334225404356f,-0.998930667295794f,0.016562000000000004f,0f,0f,0f,1f], start_interpolation: 0, interpolation_duration: 1 }
$data merge entity $(item_display_item_display) { transformation: [-0.17556775818415343f,0.10197036383521056f,-0.9781508100418389f,-0.3415825148008359f,-0.8374168438713059f,-0.5364947777097272f,0.09437893351172984f,1.0566224358206548f,-0.5156646118232386f,0.8365263883402039f,0.17976264829959326f,0.414618049840973f,0f,0f,0f,1f], start_interpolation: 0, interpolation_duration: 1 }
$data merge entity $(bone_2) { transformation: [-0.9781508137416524f,0.07721162664459807f,-0.1877773955710282f,-0.414083672032586f,0.09437891586448927f,0.9909647794136237f,-0.08415715181701058f,1.1436742793274157f,0.1797626374327738f,-0.10014075430414385f,-0.9775777327203243f,-0.025589802512186826f,0f,0f,0f,1f], start_interpolation: 0, interpolation_duration: 1 }
$data merge entity $(bone_1) { transformation: [-0.9791299436853377f,0.10875456565589142f,-0.17168866540265765f,-0.375f,0.094473389253743f,0.9915150488280604f,0.08928990239886879f,1.5f,0.17994258001278657f,0.07120640699043278f,-0.9810964863365146f,-4.592425496802574e-17f,0f,0f,0f,1f], start_interpolation: 0, interpolation_duration: 1 }
$data merge entity $(bone_4) { transformation: [-0.9942512949363564f,-0.023468722440944313f,0.09441706193463295f,0.39135727026199946f,-0.04340994902492628f,0.9746545678021024f,-0.21486053566942065f,1.1253569169068034f,-0.08706858700491066f,-0.21794194761331975f,-0.971041383581298f,4.792744283494032e-17f,0f,0f,0f,1f], start_interpolation: 0, interpolation_duration: 1 }
$data merge entity $(bone_3) { transformation: [-0.9952465414778343f,-0.04361938736533182f,0.08707278979269396f,0.375f,-0.043453402427353634f,0.9990482215818579f,0.0038016801040233095f,1.5f,-0.08715574274765832f,-5.341834311772212e-18f,-0.9961946980917455f,4.592425496802574e-17f,0f,0f,0f,1f], start_interpolation: 0, interpolation_duration: 1 }