# This file was generated by Animated Java via MC-Build. It is not recommended to edit this file directly.
$data merge entity $(bone_layer) { transformation: [-1.0001f,0f,1.224769263827268e-16f,0f,0f,1.0001f,0f,1.4829704375000001f,-1.224769263827268e-16f,0f,-1.0001f,0f,0f,0f,0f,1f], start_interpolation: 0, interpolation_duration: 1 }
$data merge entity $(bone_head) { transformation: [-1f,0f,1.2246467991473532e-16f,0f,0f,1f,0f,1.4829704375000001f,-1.2246467991473532e-16f,0f,-1f,0f,0f,0f,0f,1f], start_interpolation: 0, interpolation_duration: 1 }
$data merge entity $(bone_10) { transformation: [-0.999f,0f,1.224646799147353e-16f,5.795211505676581e-20f,0f,0.9999999999999999f,0f,1.1237132989518304f,-1.2234221523482057e-16f,0f,-0.9999999999999999f,-0.0004732149310079786f,0f,0f,0f,1f], start_interpolation: 0, interpolation_duration: 1 }
$data merge entity $(bone_9) { transformation: [-1f,-5.821675385710706e-18f,1.2232622745070652e-16f,-2.08551992065048e-18f,0f,0.998869449835453f,0.047537587080323754f,1.4914852187499998f,-1.2246467991473532e-16f,0.047537587080323754f,-0.998869449835453f,0.0170295625f,0f,0f,0f,1f], start_interpolation: 0, interpolation_duration: 1 }
$data merge entity $(item_display_item_display) { transformation: [-0.1761542209757427f,0.10173159311356876f,-0.9780702292754875f,-0.3418123191754022f,-0.837421849948197f,-0.5363713930701052f,0.09503354105458992f,1.0566943851344408f,-0.5154564343004835f,0.8366345747449184f,0.17985620000328387f,0.41471343076723516f,0f,0f,0f,1f], start_interpolation: 0, interpolation_duration: 1 }
$data merge entity $(bone_2) { transformation: [-0.9780702329876597f,0.07782225326632126f,-0.187944981949552f,-0.41431046712004105f,0.09503352340724384f,0.9908936392028572f,-0.08425808694791512f,1.143693176995085f,0.17985618914085144f,-0.10037177234596456f,-0.977536832320839f,-0.02550540491637747f,0f,0f,0f,1f], start_interpolation: 0, interpolation_duration: 1 }
$data merge entity $(bone_1) { transformation: [-0.9790492822699296f,0.10938564763837502f,-0.17174773063266f,-0.375f,0.09512865205930315f,0.9914624640136764f,0.0891780354645099f,1.5f,0.18003622536621766f,0.07097156150644153f,-0.9810963230046384f,-4.592425496802574e-17f,0f,0f,0f,1f], start_interpolation: 0, interpolation_duration: 1 }
$data merge entity $(bone_4) { transformation: [-0.9942512949363564f,-0.02334542392498037f,0.09444762410532805f,0.3913572702619994f,-0.04340994902492617f,0.9743731978062303f,-0.21613293992937305f,1.1253569169068034f,-0.08706858700491066f,-0.21920963158270126f,-0.9707559933259978f,4.776481250906749e-17f,0f,0f,0f,1f], start_interpolation: 0, interpolation_duration: 1 }
$data merge entity $(bone_3) { transformation: [-0.9952465414778343f,-0.04361938736533171f,0.08707278979269396f,0.375f,-0.04345340242735352f,0.9990482215818579f,0.003801680104023299f,1.5f,-0.08715574274765832f,-4.908153442777998e-18f,-0.9961946980917455f,4.592425496802574e-17f,0f,0f,0f,1f], start_interpolation: 0, interpolation_duration: 1 }