# This file was generated by Animated Java via MC-Build. It is not recommended to edit this file directly.
$data merge entity $(bone_layer) { transformation: [-1.0001f,0f,1.224769263827268e-16f,0f,0f,1.0001f,0f,1.482504f,-1.224769263827268e-16f,0f,-1.0001f,0f,0f,0f,0f,1f], start_interpolation: 0, interpolation_duration: 1 }
$data merge entity $(bone_head) { transformation: [-1f,0f,1.2246467991473532e-16f,0f,0f,1f,0f,1.482504f,-1.2246467991473532e-16f,0f,-1f,0f,0f,0f,0f,1f], start_interpolation: 0, interpolation_duration: 1 }
$data merge entity $(bone_10) { transformation: [-0.999f,-1.5407439555097887e-33f,1.2246467991473532e-16f,5.837741070015495e-20f,0f,1f,0f,1.123689542588753f,-1.2234221523482057e-16f,0f,-1f,-0.0004766877334820077f,0f,0f,0f,1f], start_interpolation: 0, interpolation_duration: 1 }
$data merge entity $(bone_9) { transformation: [-1f,-5.981005111087463e-18f,1.2231854072249113e-16f,-2.142642039788209e-18f,0f,0.9988066829362888f,0.0488386130209271f,1.491252f,-1.2246467991473532e-16f,0.0488386130209271f,-0.9988066829362888f,0.017495999999999998f,0f,0f,0f,1f], start_interpolation: 0, interpolation_duration: 1 }
$data merge entity $(item_display_item_display) { transformation: [-0.17673930967011803f,0.10149362362284593f,-0.9779893970699449f,-0.3420414426299347f,-0.8374263918754195f,-0.5362481986126664f,0.09568650727865073f,1.0567662928907349f,-0.5152487308163375f,0.8367424417636379f,0.17994952498847747f,0.41480855146300855f,0f,0f,0f,1f], start_interpolation: 0, interpolation_duration: 1 }
$data merge entity $(bone_2) { transformation: [-0.9779894007944471f,0.07843130198495485f,-0.18811236748992138f,-0.41453669065865595f,0.09568648963120893f,0.9908222465329507f,-0.08435858864071266f,1.1437121911770418f,0.17994951413042207f,-0.10060221987780017f,-0.9774959671118257f,-0.025421211633140248f,0f,0f,0f,1f], start_interpolation: 0, interpolation_duration: 1 }
$data merge entity $(bone_1) { transformation: [-0.9789683691636106f,0.11001513922408618f,-0.1718068721519761f,-0.375f,0.09578227190311205f,0.9914095549856229f,0.08906655192768714f,1.5f,0.18012964377419627f,0.07073728454439013f,-0.9810960951961164f,-4.592425496802574e-17f,0f,0f,0f,1f], start_interpolation: 0, interpolation_duration: 1 }
$data merge entity $(bone_4) { transformation: [-0.9942512949363564f,-0.023222382421043138f,0.09447795230671123f,0.39135727026199935f,-0.043409949024926044f,0.974090849689909f,-0.2174019155298415f,1.1253569169068034f,-0.08706858700491066f,-0.22047389302382686f,-0.9704696407677504f,4.792744283494031e-17f,0f,0f,0f,1f], start_interpolation: 0, interpolation_duration: 1 }
$data merge entity $(bone_3) { transformation: [-0.9952465414778343f,-0.04361938736533159f,0.08707278979269396f,0.375f,-0.0434534024273534f,0.9990482215818579f,0.0038016801040232887f,1.5f,-0.08715574274765832f,-5.341834311772184e-18f,-0.9961946980917455f,4.592425496802574e-17f,0f,0f,0f,1f], start_interpolation: 0, interpolation_duration: 1 }