# This file was generated by Animated Java via MC-Build. It is not recommended to edit this file directly.
$data merge entity $(bone_layer) { transformation: [-1.0001f,0f,1.224769263827268e-16f,0f,0f,1.0001f,0f,1.4820390625f,-1.224769263827268e-16f,0f,-1.0001f,0f,0f,0f,0f,1f], start_interpolation: 0, interpolation_duration: 1 }
$data merge entity $(bone_head) { transformation: [-1f,0f,1.2246467991473532e-16f,0f,0f,1f,0f,1.4820390625f,-1.2246467991473532e-16f,0f,-1f,0f,0f,0f,0f,1f], start_interpolation: 0, interpolation_duration: 1 }
$data merge entity $(bone_10) { transformation: [-0.999f,-7.703719777548943e-34f,1.224646799147353e-16f,5.873845695981796e-20f,0f,0.9999999999999999f,0f,1.1236664596052641f,-1.2234221523482057e-16f,0f,-0.9999999999999999f,-0.0004796358999240753f,0f,0f,0f,1f], start_interpolation: 0, interpolation_duration: 1 }
$data merge entity $(bone_9) { transformation: [-1f,-6.1398123553502824e-18f,1.2231067218709764e-16f,-2.199580461906068e-18f,0f,0.9987424314688538f,0.05013537257946584f,1.49101953125f,-1.2246467991473532e-16f,0.05013537257946584f,-0.9987424314688538f,0.017960937500000013f,0f,0f,0f,1f], start_interpolation: 0, interpolation_duration: 1 }
$data merge entity $(item_display_item_display) { transformation: [-0.17732255318802534f,0.10125664480879315f,-0.9779083822183683f,-0.34226970195658546f,-0.8374304697911871f,-0.5361252945480666f,0.09633730747255308f,1.056838100014974f,-0.5150416686018636f,0.8368499031653259f,0.1800425482378904f,0.41490333570631655f,0f,0f,0f,1f], start_interpolation: 0, interpolation_duration: 1 }
$data merge entity $(bone_2) { transformation: [-0.9779083859551613f,0.07903828374093186f,-0.188279415714675f,-0.4147621608641393f,0.09633728982502535f,0.9907506625179302f,-0.0844585774770773f,1.143731305183494f,0.1800425373841985f,-0.10083191173220087f,-0.9774551704854239f,-0.025337290347581472f,0f,0f,0f,1f], start_interpolation: 0, interpolation_duration: 1 }
$data merge entity $(bone_1) { transformation: [-0.9788872732283896f,0.11064253457847464f,-0.17186604043131723f,-0.375f,0.09643372354857392f,0.9913563681850601f,0.08895554070143594f,1.5f,0.18022276014434285f,0.07050376444544397f,-0.981095803642527f,-4.592425496802574e-17f,0f,0f,0f,1f], start_interpolation: 0, interpolation_duration: 1 }
$data merge entity $(bone_4) { transformation: [-0.9942512949363564f,-0.02309969739230747f,0.0945080234570705f,0.3913572702619993f,-0.04340994902492592f,0.973807764879481f,-0.2186664432099328f,1.1253569169068034f,-0.08706858700491066f,-0.2217337165178387f,-0.9701825705073015f,4.776481250906748e-17f,0f,0f,0f,1f], start_interpolation: 0, interpolation_duration: 1 }
$data merge entity $(bone_3) { transformation: [-0.9952465414778343f,-0.04361938736533146f,0.08707278979269396f,0.375f,-0.04345340242735327f,0.9990482215818579f,0.0038016801040232783f,1.5f,-0.08715574274765832f,-4.908153442777967e-18f,-0.9961946980917455f,4.592425496802574e-17f,0f,0f,0f,1f], start_interpolation: 0, interpolation_duration: 1 }