# This file was generated by Animated Java via MC-Build. It is not recommended to edit this file directly.
$data merge entity $(bone_layer) { transformation: [-1.0001f,0f,1.224769263827268e-16f,0f,0f,1.0001f,0f,1.4811151875f,-1.224769263827268e-16f,0f,-1.0001f,0f,0f,0f,0f,1f], start_interpolation: 0, interpolation_duration: 1 }
$data merge entity $(bone_head) { transformation: [-1f,0f,1.2246467991473532e-16f,0f,0f,1f,0f,1.4811151875f,-1.2246467991473532e-16f,0f,-1f,0f,0f,0f,0f,1f], start_interpolation: 0, interpolation_duration: 1 }
$data merge entity $(bone_10) { transformation: [-0.999f,-7.703719777548943e-34f,1.2246467991473532e-16f,5.926920306358516e-20f,0f,1f,0f,1.1236223565401433f,-1.2234221523482057e-16f,0f,-1f,-0.00048396977075227526f,0f,0f,0f,1f], start_interpolation: 0, interpolation_duration: 1 }
$data merge entity $(bone_9) { transformation: [-1f,-6.455346464446183e-18f,1.2229442476516474e-16f,-2.312722518062292e-18f,0f,0.9986097612006244f,0.05271190410933705f,1.49055759375f,-1.2246467991473532e-16f,0.05271190410933705f,-0.9986097612006244f,0.018884812499999994f,0f,0f,0f,1f], start_interpolation: 0, interpolation_duration: 1 }
$data merge entity $(item_display_item_display) { transformation: [-0.17848161983653452f,0.10078641339492787f,-0.977746086801432f,-0.34272289743341267f,-0.8374372413098415f,-0.5358807600985899f,0.09763031201179459f,1.0569811740025539f,-0.5146301373296058f,0.837063265130626f,0.18022738948607764f,0.4150915904355661f,0f,0f,0f,1f], start_interpolation: 0, interpolation_duration: 1 }
$data merge entity $(bone_2) { transformation: [-0.9777460905626506f,0.08024409188832958f,-0.18861195112311993f,-0.41521011456373647f,0.09763029436412415f,0.9906071716055855f,-0.0846567019553461f,1.1437697633477881f,0.18022737864105812f,-0.1012882879734826f,-0.9773739175502757f,-0.025170534489364852f,0f,0f,0f,1f], start_interpolation: 0, interpolation_duration: 1 }
$data merge entity $(bone_1) { transformation: [-0.9787248153780287f,0.11188901443822315f,-0.1719842557075696f,-0.375f,0.09772802238651067f,0.9912493541626766f,0.08873528899202551f,1.5f,0.1804077864274856f,0.07003974814431946f,-0.981095033254279f,-4.592425496802574e-17f,0f,0f,0f,1f], start_interpolation: 0, interpolation_duration: 1 }
$data merge entity $(bone_4) { transformation: [-0.9942512949363563f,-0.022855795216899982f,0.09456730482773355f,0.39135727026199923f,-0.0434099490249257f,0.9732403770665778f,-0.22117808384412493f,1.1253569169068032f,-0.08706858700491066f,-0.22423599414970943f,-0.9696072813694521f,4.7927442834940296e-17f,0f,0f,0f,1f], start_interpolation: 0, interpolation_duration: 1 }
$data merge entity $(bone_3) { transformation: [-0.9952465414778342f,-0.04361938736533123f,0.08707278979269396f,0.375f,-0.04345340242735305f,0.999048221581858f,0.0038016801040232583f,1.5f,-0.08715574274765832f,-5.34183431177214e-18f,-0.9961946980917455f,4.592425496802574e-17f,0f,0f,0f,1f], start_interpolation: 0, interpolation_duration: 1 }