# This file was generated by Animated Java via MC-Build. It is not recommended to edit this file directly.
$data merge entity $(bone_layer) { transformation: [-1.0001f,0f,1.224769263827268e-16f,0f,0f,1.0001f,0f,1.4802018125f,-1.224769263827268e-16f,0f,-1.0001f,0f,0f,0f,0f,1f], start_interpolation: 0, interpolation_duration: 1 }
$data merge entity $(bone_head) { transformation: [-1f,0f,1.2246467991473532e-16f,0f,0f,1f,0f,1.4802018125f,-1.2246467991473532e-16f,0f,-1f,0f,0f,0f,0f,1f], start_interpolation: 0, interpolation_duration: 1 }
$data merge entity $(bone_10) { transformation: [-0.999f,7.703719777548943e-34f,1.2246467991473535e-16f,5.954916473844406e-20f,0f,1f,0f,1.1235810568212625f,-1.2234221523482057e-16f,0f,-1f,-0.0004862558313131968f,0f,0f,0f,1f], start_interpolation: 0, interpolation_duration: 1 }
$data merge entity $(bone_9) { transformation: [-1f,-6.767252243543592e-18f,1.2227756181610276e-16f,-2.424578695079414e-18f,0f,0.9984720647719584f,0.05525880807637938f,1.49010090625f,-1.2246467991473532e-16f,0.05525880807637938f,-0.9984720647719584f,0.0197981875f,0f,0f,0f,1f], start_interpolation: 0, interpolation_duration: 1 }
$data merge entity $(item_display_item_display) { transformation: [-0.1796276501808025f,0.10032240014152338f,-0.9775839213696017f,-0.34317044804790064f,-0.8374421940821031f,-0.5356385979643393f,0.09890836133386474f,1.0571231263107963f,-0.5142231800118275f,0.8372739745152965f,0.18041012371228649f,0.415277587117801f,0f,0f,0f,1f], start_interpolation: 0, interpolation_duration: 1 }
$data merge entity $(bone_2) { transformation: [-0.977583925154971f,0.08143577226396238f,-0.18894148373073638f,-0.4156528756471025f,0.09890834368608994f,0.9904636819584721f,-0.08485183716656099f,1.1438084077952348f,0.18041011287584294f,-0.10173942066396054f,-0.9772933446284627f,-0.02500567874014645f,0f,0f,0f,1f], start_interpolation: 0, interpolation_duration: 1 }
$data merge entity $(bone_1) { transformation: [-0.9785624876426136f,0.11312104527889394f,-0.17210196655968266f,-0.375f,0.09900735103712707f,0.9911418217871729f,0.0885179843027108f,1.5f,0.18059070357942236f,0.06958101910301609f,-0.9810940217743022f,-4.592425496802574e-17f,0f,0f,0f,1f], start_interpolation: 0, interpolation_duration: 1 }
$data merge entity $(bone_4) { transformation: [-0.9942512949363564f,-0.02261451547890997f,0.09462529369588488f,0.3913572702619991f,-0.043409949024925454f,0.9726730697167019f,-0.22365973212346854f,1.1253569169068032f,-0.08706858700491066f,-0.22670836583051468f,-0.9690321862659805f,4.776481250906746e-17f,0f,0f,0f,1f], start_interpolation: 0, interpolation_duration: 1 }
$data merge entity $(bone_3) { transformation: [-0.9952465414778343f,-0.043619387365331f,0.08707278979269396f,0.375f,-0.04345340242735281f,0.999048221581858f,0.0038016801040232384f,1.5f,-0.08715574274765832f,-4.908153442777909e-18f,-0.9961946980917455f,4.592425496802574e-17f,0f,0f,0f,1f], start_interpolation: 0, interpolation_duration: 1 }