# This file was generated by Animated Java via MC-Build. It is not recommended to edit this file directly.
$data merge entity $(bone_layer) { transformation: [-1.0001f,0f,1.224769263827268e-16f,0f,0f,1.0001f,0f,1.4793019375f,-1.224769263827268e-16f,0f,-1.0001f,0f,0f,0f,0f,1f], start_interpolation: 0, interpolation_duration: 1 }
$data merge entity $(bone_head) { transformation: [-1f,0f,1.2246467991473532e-16f,0f,0f,1f,0f,1.4793019375f,-1.2246467991473532e-16f,0f,-1f,0f,0f,0f,0f,1f], start_interpolation: 0, interpolation_duration: 1 }
$data merge entity $(bone_10) { transformation: [-0.999f,0f,1.2246467991473532e-16f,5.9586321581196e-20f,0f,1f,0f,1.123542598703185f,-1.2234221523482057e-16f,0f,-1f,-0.00048655923995949077f,0f,0f,0f,1f], start_interpolation: 0, interpolation_duration: 1 }
$data merge entity $(bone_9) { transformation: [-1f,-7.074504902262169e-18f,1.2226017015776824e-16f,-2.534781598917686e-18f,0f,0.9983300511044535f,0.05776771643209875f,1.48965096875f,-1.2246467991473532e-16f,0.05776771643209875f,-0.9983300511044535f,0.020698062499999996f,0f,0f,0f,1f], start_interpolation: 0, interpolation_duration: 1 }
$data merge entity $(item_display_item_display) { transformation: [-0.1807568719372074f,0.09986609516731274f,-0.9774224860742203f,-0.34361090257873605f,-0.8374453798798314f,-0.5353996214283606f,0.10016726557261002f,1.0572634698112462f,-0.5138221374808613f,0.83748134809702f,0.18059015096122258f,0.415460719428538f,0f,0f,0f,1f], start_interpolation: 0, interpolation_duration: 1 }
$data merge entity $(bone_2) { transformation: [-0.9774224898833862f,0.082609424987199f,-0.18926689930742266f,-0.4160889929023336f,0.10016724792476808f,0.9903207297452465f,-0.0850433694065587f,1.1438470869140325f,0.18059014013323038f,-0.10218383013044036f,-0.9772137259302763f,-0.024843264432262938f,0f,0f,0f,1f], start_interpolation: 0, interpolation_duration: 1 }
$data merge entity $(bone_1) { transformation: [-0.9784008907741604f,0.11433458894562398f,-0.17221875247186252f,-0.375f,0.10026751544020829f,0.9910341929348658f,0.08830432481700345f,1.5f,0.18077091104427465f,0.06912908363760109f,-0.981092782317579f,-4.592425496802574e-17f,0f,0f,0f,1f], start_interpolation: 0, interpolation_duration: 1 }
$data merge entity $(bone_4) { transformation: [-0.9942512949363564f,-0.022376658054668076f,0.09468182344929128f,0.39135727026199907f,-0.04340994902492523f,0.9721079590505197f,-0.2261032778981469f,1.1253569169068032f,-0.08706858700491066f,-0.22914275272182996f,-0.9684594261155346f,4.792744283494027e-17f,0f,0f,0f,1f], start_interpolation: 0, interpolation_duration: 1 }
$data merge entity $(bone_3) { transformation: [-0.9952465414778343f,-0.043619387365330775f,0.08707278979269396f,0.375f,-0.043453402427352586f,0.999048221581858f,0.0038016801040232184f,1.5f,-0.08715574274765832f,-5.341834311772085e-18f,-0.9961946980917455f,4.592425496802574e-17f,0f,0f,0f,1f], start_interpolation: 0, interpolation_duration: 1 }