# This file was generated by Animated Java via MC-Build. It is not recommended to edit this file directly.
$data merge entity $(bone_layer) { transformation: [-1.0001f,0f,1.224769263827268e-16f,0f,0f,1.0001f,0f,1.478858f,-1.224769263827268e-16f,0f,-1.0001f,0f,0f,0f,0f,1f], start_interpolation: 0, interpolation_duration: 1 }
$data merge entity $(bone_head) { transformation: [-1f,0f,1.2246467991473532e-16f,0f,0f,1f,0f,1.478858f,-1.2246467991473532e-16f,0f,-1f,0f,0f,0f,0f,1f], start_interpolation: 0, interpolation_duration: 1 }
$data merge entity $(bone_10) { transformation: [-0.999f,0f,1.2246467991473535e-16f,5.951718790552105e-20f,0f,1f,0f,1.1235244396149136f,-1.2234221523482057e-16f,0f,-1f,-0.00048599472065708263f,0f,0f,0f,1f], start_interpolation: 0, interpolation_duration: 1 }
$data merge entity $(bone_9) { transformation: [-1f,-7.226066260846896e-18f,1.2225130589491643e-16f,-2.5891482627573352e-18f,0f,0.9982576689052921f,0.059005308843970074f,1.489429f,-1.2246467991473532e-16f,0.059005308843970074f,-0.9982576689052921f,0.021142000000000008f,0f,0f,0f,1f], start_interpolation: 0, interpolation_duration: 1 }
$data merge entity $(item_display_item_display) { transformation: [-0.18131400036954215f,0.09964129598640994f,-0.9773422355573008f,-0.34382801699202536f,-0.8374463322314677f,-0.5352815832318907f,0.10078822989230177f,1.0573328843575593f,-0.5136242536154775f,0.8375835712255284f,0.18067896200453f,0.4155510223699731f,0f,0f,0f,1f], start_interpolation: 0, interpolation_duration: 1 }
$data merge entity $(bone_2) { transformation: [-0.9773422393782073f,0.08318827376191104f,-0.1894277124279977f,-0.41630410695903547f,0.10078821224443976f,0.9902496282058194f,-0.08513759516691918f,1.1438663899977597f,0.1806789511807079f,-0.1024030514523361f,-0.977174360927204f,-0.024763141967220622f,0f,0f,0f,1f], start_interpolation: 0, interpolation_duration: 1 }
$data merge entity $(bone_1) { transformation: [-0.9783205599381455f,0.11493316719035954f,-0.17227666435680236f,-0.375f,0.10088910134578555f,0.9909804800062341f,0.0881990786587579f,1.5f,0.1808598109916996f,0.06890613416965725f,-0.9810920820401314f,-4.592425496802574e-17f,0f,0f,0f,1f], start_interpolation: 0, interpolation_duration: 1 }
$data merge entity $(bone_4) { transformation: [-0.9942512949363564f,-0.022259263135563433f,0.09470949119301636f,0.391357270261999f,-0.04340994902492512f,0.9718269102190464f,-0.22730823324234203f,1.1253569169068032f,-0.08706858700491066f,-0.23034318261837775f,-0.9681746120293617f,4.792744283494027e-17f,0f,0f,0f,1f], start_interpolation: 0, interpolation_duration: 1 }
$data merge entity $(bone_3) { transformation: [-0.9952465414778343f,-0.043619387365330664f,0.08707278979269396f,0.375f,-0.043453402427352475f,0.999048221581858f,0.003801680104023209f,1.5f,-0.08715574274765832f,-5.341834311772071e-18f,-0.9961946980917455f,4.592425496802574e-17f,0f,0f,0f,1f], start_interpolation: 0, interpolation_duration: 1 }