# This file was generated by Animated Java via MC-Build. It is not recommended to edit this file directly.
$data merge entity $(bone_layer) { transformation: [-1.0001f,0f,1.224769263827268e-16f,0f,0f,1.0001f,0f,1.4775546875f,-1.224769263827268e-16f,0f,-1.0001f,0f,0f,0f,0f,1f], start_interpolation: 0, interpolation_duration: 1 }
$data merge entity $(bone_head) { transformation: [-1f,0f,1.2246467991473532e-16f,0f,0f,1f,0f,1.4775546875f,-1.2246467991473532e-16f,0f,-1f,0f,0f,0f,0f,1f], start_interpolation: 0, interpolation_duration: 1 }
$data merge entity $(bone_10) { transformation: [-0.999f,0f,1.2246467991473532e-16f,5.897944462672364e-20f,0f,1f,0f,1.1234742237366993f,-1.2234221523482057e-16f,0f,-1f,-0.0004816037135587821f,0f,0f,0f,1f], start_interpolation: 0, interpolation_duration: 1 }
$data merge entity $(bone_9) { transformation: [-1f,-7.670955337096808e-18f,1.2222419674857693e-16f,-2.748758010898707e-18f,0f,0.9980363059265265f,0.06263810383889973f,1.48877734375f,-1.2246467991473532e-16f,0.06263810383889973f,-0.9980363059265265f,0.022445312499999995f,0f,0f,0f,1f], start_interpolation: 0, interpolation_duration: 1 }
$data merge entity $(item_display_item_display) { transformation: [-0.18294979370328474f,0.09898251707599613f,-0.9771043108579687f,-0.3444647489646829f,-0.8374467639599944f,-0.5349345020385695f,0.10261089640813834f,1.057537351723404f,-0.5130431663289737f,0.837883368877822f,0.18093968509172545f,0.41581597289287564f,0f,0f,0f,1f], start_interpolation: 0, interpolation_duration: 1 }
$data merge entity $(bone_2) { transformation: [-0.9771043147133469f,0.08488707506214395f,-0.1899008758693718f,-0.416935497774765f,0.10261087876026723f,0.9900386811063325f,-0.08541321603405015f,1.1439239048467986f,0.18093967428014884f,-0.10304656423494923f,-0.9770584628724965f,-0.024527925143210293f,0f,0f,0f,1f], start_interpolation: 0, interpolation_duration: 1 }
$data merge entity $(bone_1) { transformation: [-0.9780823971104574f,0.11669008076456355f,-0.1724478167847338f,-0.375f,0.10271359235261984f,0.9908204386871692f,0.08789070613998656f,1.5f,0.18112079507522408f,0.06825161778980243f,-0.981089687164427f,-4.592425496802574e-17f,0f,0f,0f,1f], start_interpolation: 0, interpolation_duration: 1 }
$data merge entity $(bone_4) { transformation: [-0.9942512949363564f,-0.0219144179547414f,0.09478987711292368f,0.39135727026199885f,-0.043409949024924774f,0.9709931792472072f,-0.23084371808878423f,1.1253569169068034f,-0.08706858700491066f,-0.23386535472597383f,-0.9673298594666986f,4.792744283494025e-17f,0f,0f,0f,1f], start_interpolation: 0, interpolation_duration: 1 }
$data merge entity $(bone_3) { transformation: [-0.9952465414778343f,-0.04361938736533032f,0.08707278979269395f,0.375f,-0.04345340242735213f,0.9990482215818579f,0.0038016801040231785f,1.5f,-0.08715574274765832f,-5.341834311772028e-18f,-0.9961946980917455f,4.592425496802574e-17f,0f,0f,0f,1f], start_interpolation: 0, interpolation_duration: 1 }