# This file was generated by Animated Java via MC-Build. It is not recommended to edit this file directly.
$data merge entity $(bone_layer) { transformation: [-1.0001f,0f,1.224769263827268e-16f,0f,0f,1.0001f,0f,1.477131f,-1.224769263827268e-16f,0f,-1.0001f,0f,0f,0f,0f,1f], start_interpolation: 0, interpolation_duration: 1 }
$data merge entity $(bone_head) { transformation: [-1f,0f,1.2246467991473532e-16f,0f,0f,1f,0f,1.477131f,-1.2246467991473532e-16f,0f,-1f,0f,0f,0f,0f,1f], start_interpolation: 0, interpolation_duration: 1 }
$data merge entity $(bone_10) { transformation: [-0.999f,1.5407439555097887e-33f,1.2246467991473532e-16f,5.869682176364141e-20f,0f,1f,0f,1.1234588913727883f,-1.2234221523482057e-16f,0f,-1f,-0.000479295922746939f,0f,0f,0f,1f], start_interpolation: 0, interpolation_duration: 1 }
$data merge entity $(bone_9) { transformation: [-1f,-7.815560555933825e-18f,1.22215035244503e-16f,-2.800644764970083e-18f,0f,0.9979614965685931f,0.06381889505917399f,1.4885655f,-1.2246467991473532e-16f,0.06381889505917399f,-0.9979614965685931f,0.022869000000000007f,0f,0f,0f,1f], start_interpolation: 0, interpolation_duration: 1 }
$data merge entity $(item_display_item_display) { transformation: [-0.1834816209215525f,0.09876873932549454f,-0.9770262181313522f,-0.3446715246340039f,-0.837446144606894f,-0.534821496867338f,0.10320330116633691f,1.0576040391175157f,-0.5128542187279431f,0.8379807292656754f,0.18102443954427347f,0.4159020526102447f,0f,0f,0f,1f], start_interpolation: 0, interpolation_duration: 1 }
$data merge entity $(bone_2) { transformation: [-0.9770262219979378f,0.0854391416124057f,-0.1900550304753117f,-0.4171407077654021f,0.10320328351847886f,0.9899693965608615f,-0.08550249203343809f,1.1439428734229942f,0.18102442873667862f,-0.10325573569278834f,-0.9770206800508882f,-0.024451461873617433f,0f,0f,0f,1f], start_interpolation: 0, interpolation_duration: 1 }
$data merge entity $(bone_1) { transformation: [-0.9780042262241619f,0.11726109986894485f,-0.1725038200887261f,-0.375f,0.10330659010858745f,0.9907676565621034f,0.08779065525768759f,1.5f,0.18120563437104967f,0.06803885043093534f,-0.9810887997037894f,-4.592425496802574e-17f,0f,0f,0f,1f], start_interpolation: 0, interpolation_duration: 1 }
$data merge entity $(bone_4) { transformation: [-0.9942512949363564f,-0.02180225117453009f,0.09481573899464664f,0.39135727026199885f,-0.04340994902492466f,0.9707193749281842f,-0.23199239527339868f,1.1253569169068034f,-0.08706858700491066f,-0.2350096955079899f,-0.9670524826369096f,4.7927442834940247e-17f,0f,0f,0f,1f], start_interpolation: 0, interpolation_duration: 1 }
$data merge entity $(bone_3) { transformation: [-0.9952465414778343f,-0.043619387365330206f,0.08707278979269395f,0.375f,-0.04345340242735202f,0.9990482215818579f,0.003801680104023169f,1.5f,-0.08715574274765832f,-5.341834311772015e-18f,-0.9961946980917455f,4.592425496802574e-17f,0f,0f,0f,1f], start_interpolation: 0, interpolation_duration: 1 }