# This file was generated by Animated Java via MC-Build. It is not recommended to edit this file directly.
$data merge entity $(bone_layer) { transformation: [-1.0001f,0f,1.224769263827268e-16f,0f,0f,1.0001f,0f,1.4767133125f,-1.224769263827268e-16f,0f,-1.0001f,0f,0f,0f,0f,1f], start_interpolation: 0, interpolation_duration: 1 }
$data merge entity $(bone_head) { transformation: [-1f,0f,1.2246467991473532e-16f,0f,0f,1f,0f,1.4767133125f,-1.2246467991473532e-16f,0f,-1f,0f,0f,0f,0f,1f], start_interpolation: 0, interpolation_duration: 1 }
$data merge entity $(bone_10) { transformation: [-0.999f,0f,1.2246467991473532e-16f,5.836630759946894e-20f,0f,1f,0f,1.1234442513816385f,-1.2234221523482057e-16f,0f,-1f,-0.00047659706978457964f,0f,0f,0f,1f], start_interpolation: 0, interpolation_duration: 1 }
$data merge entity $(bone_9) { transformation: [-1f,-7.958107256728e-18f,1.2220583601247933e-16f,-2.851796730961968e-18f,0f,0.9978863791385711f,0.06498287720401298f,1.4883566562500001f,-1.2246467991473532e-16f,0.06498287720401298f,-0.9978863791385711f,0.0232866875f,0f,0f,0f,1f], start_interpolation: 0, interpolation_duration: 1 }
$data merge entity $(item_display_item_display) { transformation: [-0.1840059427508569f,0.09855817222207433f,-0.9769488726236459f,-0.3448752680337779f,-0.8374451691262801f,-0.5347100086519917f,0.10378726007773714f,1.0576698866827758f,-0.5126679254053493f,0.8380766631613312f,0.18110799243805903f,0.4159868884536052f,0f,0f,0f,1f], start_interpolation: 0, interpolation_duration: 1 }
$data merge entity $(bone_2) { transformation: [-0.9769488765012808f,0.08598329921914541f,-0.19020716326751785f,-0.4173429895609238f,0.10378724242989965f,0.9899007529445292f,-0.08559034775400516f,1.1439617036584648f,0.18110798163439001f,-0.10346193297655516f,-0.9769833813392488f,-0.024376082504385544f,0f,0f,0f,1f], start_interpolation: 0, interpolation_duration: 1 }
$data merge entity $(bone_1) { transformation: [-0.9779268033045854f,0.11782397095213584f,-0.17255920505016564f,-0.375f,0.1038911335634631f,0.9907152593851417f,0.08769211588466908f,1.5f,0.1812892709052953f,0.0678290991426379f,-0.9810878724987505f,-4.592425496802574e-17f,0f,0f,0f,1f], start_interpolation: 0, interpolation_duration: 1 }
$data merge entity $(bone_4) { transformation: [-0.9942512949363564f,-0.02169164295513118f,0.09484110471354366f,0.3913572702619988f,-0.04340994902492455f,0.9704481179082203f,-0.2331244877185721f,1.1253569169068032f,-0.08706858700491066f,-0.236137508825473f,-0.9667777087224696f,4.792744283494024e-17f,0f,0f,0f,1f], start_interpolation: 0, interpolation_duration: 1 }
$data merge entity $(bone_3) { transformation: [-0.9952465414778343f,-0.043619387365330095f,0.08707278979269395f,0.375f,-0.043453402427351906f,0.999048221581858f,0.0038016801040231594f,1.5f,-0.08715574274765832f,-5.341834311772001e-18f,-0.9961946980917455f,4.592425496802574e-17f,0f,0f,0f,1f], start_interpolation: 0, interpolation_duration: 1 }