# This file was generated by Animated Java via MC-Build. It is not recommended to edit this file directly.
$data merge entity $(bone_layer) { transformation: [-1.0001f,0f,1.224769263827268e-16f,0f,0f,1.0001f,0f,1.4758974375f,-1.224769263827268e-16f,0f,-1.0001f,0f,0f,0f,0f,1f], start_interpolation: 0, interpolation_duration: 1 }
$data merge entity $(bone_head) { transformation: [-1f,0f,1.2246467991473532e-16f,0f,0f,1f,0f,1.4758974375f,-1.2246467991473532e-16f,0f,-1f,0f,0f,0f,0f,1f], start_interpolation: 0, interpolation_duration: 1 }
$data merge entity $(bone_10) { transformation: [-0.999f,-1.5407439555097887e-33f,1.2246467991473532e-16f,5.757184623781366e-20f,0f,1f,0f,1.1234170131480525f,-1.2234221523482057e-16f,0f,-1f,-0.00047010980045754727f,0f,0f,0f,1f], start_interpolation: 0, interpolation_duration: 1 }
$data merge entity $(bone_9) { transformation: [-1f,-8.236514370353748e-18f,1.221873874736895e-16f,-2.951712601687402e-18f,0f,0.9977357353872244f,0.06725624380914015f,1.48794871875f,-1.2246467991473532e-16f,0.06725624380914015f,-0.9977357353872244f,0.024102562499999994f,0f,0f,0f,1f], start_interpolation: 0, interpolation_duration: 1 }
$data merge entity $(item_display_item_display) { transformation: [-0.18503018159764764f,0.09814739338265041f,-0.9767967654891846f,-0.34527294478206044f,-0.8374422186608939f,-0.534491999145069f,0.1049277525453957f,1.0577988066829365f,-0.5123039745134341f,0.8382639154956507f,0.1812711937281806f,0.41615252829414806f,0f,0f,0f,1f], start_interpolation: 0, interpolation_duration: 1 }
$data merge entity $(bone_2) { transformation: [-0.9767967693884038f,0.08704594884534014f,-0.19050478760910983f,-0.4177380457553785f,0.10492773489762039f,0.9897656964230553f,-0.08576151020964379f,1.1439988580190992f,0.18127118293218128f,-0.10386466662825504f,-0.976910379341201f,-0.024228845996159182f,0f,0f,0f,1f], start_interpolation: 0, interpolation_duration: 1 }
$data merge entity $(bone_1) { transformation: [-0.9777745439323361f,0.11892325775409668f,-0.17266788932243568f,-0.375f,0.10503276766528567f,0.9906118733381591f,0.0874999092458568f,1.5f,0.18145263556774902f,0.06741939755452978f,-0.9810859115688605f,-4.592425496802574e-17f,0f,0f,0f,1f], start_interpolation: 0, interpolation_duration: 1 }
$data merge entity $(bone_4) { transformation: [-0.9942512949363564f,-0.021475505345609405f,0.09489027973153483f,0.39135727026199874f,-0.043409949024924344f,0.9699144597927413f,-0.23533490393608933f,1.1253569169068032f,-0.08706858700491066f,-0.23833955474302967f,-0.9662371954141813f,4.7927442834940234e-17f,0f,0f,0f,1f], start_interpolation: 0, interpolation_duration: 1 }
$data merge entity $(bone_3) { transformation: [-0.9952465414778343f,-0.04361938736532989f,0.08707278979269395f,0.375f,-0.0434534024273517f,0.999048221581858f,0.0038016801040231412f,1.5f,-0.08715574274765832f,-5.3418343117719745e-18f,-0.9961946980917455f,4.592425496802574e-17f,0f,0f,0f,1f], start_interpolation: 0, interpolation_duration: 1 }