# This file was generated by Animated Java via MC-Build. It is not recommended to edit this file directly.
$data merge entity $(bone_layer) { transformation: [-1.0001f,0f,1.224769263827268e-16f,0f,0f,1.0001f,0f,1.4995620625f,-1.224769263827268e-16f,0f,-1.0001f,0f,0f,0f,0f,1f], start_interpolation: 0, interpolation_duration: 1 }
$data merge entity $(bone_head) { transformation: [-1f,0f,1.2246467991473532e-16f,0f,0f,1f,0f,1.4995620625f,-1.2246467991473532e-16f,0f,-1f,0f,0f,0f,0f,1f], start_interpolation: 0, interpolation_duration: 1 }
$data merge entity $(bone_10) { transformation: [-0.999f,0f,1.2246467991473532e-16f,2.505043520453449e-21f,0f,1f,0f,1.124956486546237f,-1.2234221523482057e-16f,0f,-1f,-0.00002045523266134831f,0f,0f,0f,1f], start_interpolation: 0, interpolation_duration: 1 }
$data merge entity $(bone_9) { transformation: [-1f,-1.4976841323306947e-19f,1.2246458833491816e-16f,-5.363187576015949e-20f,0f,0.9999992521940431f,0.0012229519020287652f,1.49978103125f,-1.2246467991473532e-16f,0.0012229519020287652f,-0.9999992521940431f,0.0004379375000000007f,0f,0f,0f,1f], start_interpolation: 0, interpolation_duration: 1 }
$data merge entity $(item_display_item_display) { transformation: [-0.15536892178885742f,0.1103433842036608f,-0.980655819186656f,-0.33357964065210965f,-0.8369667629134531f,-0.5406822113752087f,0.0717661764384213f,1.0542231835781233f,-0.5228270611974326f,0.8327593192903326f,0.17653549279042532f,0.41130998500017646f,0f,0f,0f,1f], start_interpolation: 0, interpolation_duration: 1 }
$data merge entity $(bone_2) { transformation: [-0.9806558224608108f,0.056089640433896505f,-0.182123886708215f,-0.40624763603271663f,0.07176615880066547f,0.9931568539063321f,-0.08056104511408879f,1.143122333079001f,0.17653548177266853f,-0.09216515488443984f,-0.9789493387813379f,-0.028500995077213886f,0f,0f,0f,1f], start_interpolation: 0, interpolation_duration: 1 }
$data merge entity $(bone_1) { transformation: [-0.9816374599207316f,0.08694994374321154f,-0.16978693873035802f,-0.375f,0.07183799679746294f,0.993050899258432f,0.09321595195108652f,1.5f,0.17671219396663518f,0.07930711673659503f,-0.9810622721002099f,-4.592425496802574e-17f,0f,0f,0f,1f], start_interpolation: 0, interpolation_duration: 1 }
$data merge entity $(bone_4) { transformation: [-0.9942512949363562f,-0.027694805008313506f,0.09326500036417865f,0.39135727026200096f,-0.04340994902493035f,0.983337947953682f,-0.17077194277718735f,1.1253569169068034f,-0.08706858700491064f,-0.17401286702365862f,-0.9798671253119859f,4.792744283494051e-17f,0f,0f,0f,1f], start_interpolation: 0, interpolation_duration: 1 }
$data merge entity $(bone_3) { transformation: [-0.9952465414778341f,-0.04361938736533592f,0.08707278979269394f,0.375f,-0.043453402427357714f,0.9990482215818578f,0.0038016801040236677f,1.5f,-0.0871557427476583f,-5.3418343117727125e-18f,-0.9961946980917455f,4.592425496802574e-17f,0f,0f,0f,1f], start_interpolation: 0, interpolation_duration: 1 }