# This file was generated by Animated Java via MC-Build. It is not recommended to edit this file directly.
$data merge entity $(bone_layer) { transformation: [-1.0001f,0f,1.224769263827268e-16f,0f,0f,1.0001f,0f,1.4755f,-1.224769263827268e-16f,0f,-1.0001f,0f,0f,0f,0f,1f], start_interpolation: 0, interpolation_duration: 1 }
$data merge entity $(bone_head) { transformation: [-1f,0f,1.2246467991473532e-16f,0f,0f,1f,0f,1.4755f,-1.2246467991473532e-16f,0f,-1f,0f,0f,0f,0f,1f], start_interpolation: 0, interpolation_duration: 1 }
$data merge entity $(bone_10) { transformation: [-0.999f,0f,1.2246467991473532e-16f,5.711339697963243e-20f,0f,1f,0f,1.123404394077733f,-1.2234221523482057e-16f,0f,-1f,-0.0004663662781742191f,0f,0f,0f,1f], start_interpolation: 0, interpolation_duration: 1 }
$data merge entity $(bone_9) { transformation: [-1f,-8.372119536940436e-18f,1.2217817088611925e-16f,-3.000384657911015e-18f,0f,0.9976604762384097f,0.06836354402566872f,1.4877500000000001f,-1.2246467991473532e-16f,0.06836354402566872f,-0.9976604762384097f,0.024499999999999997f,0f,0f,0f,1f], start_interpolation: 0, interpolation_duration: 1 }
$data merge entity $(item_display_item_display) { transformation: [-0.18552915417570426f,0.09794754207635045f,-0.9767221774650401f,-0.3454665222477767f,-0.8374402806617538f,-0.5343856864167225f,0.10548324264115126f,1.0578617505936925f,-0.5121266535496967f,0.8383550662780839f,0.18135069222326908f,0.4162331823537882f,0f,0f,0f,1f], start_interpolation: 0, interpolation_duration: 1 }
$data merge entity $(bone_2) { transformation: [-0.9767221813747743f,0.0875634721749145f,-0.19064999016830597f,-0.4179304589245462f,0.1054832249934168f,0.9896994398258211f,-0.0858446739957932f,1.1440171356987605f,0.18135068143100652f,-0.10406083388638f,-0.9768747479566562f,-0.0241571241130464f,0f,0f,0f,1f], start_interpolation: 0, interpolation_duration: 1 }
$data merge entity $(bone_1) { transformation: [-0.9776998812560304f,0.11945866831178086f,-0.1727210721282143f,-0.375f,0.10558881380722401f,0.9905610137077969f,0.08740641006794093f,1.5f,0.18153221364465116f,0.0672198236189116f,-0.9810848845649978f,-4.592425496802574e-17f,0f,0f,0f,1f], start_interpolation: 0, interpolation_duration: 1 }
$data merge entity $(bone_4) { transformation: [-0.9942512949363566f,-0.021370177701502437f,0.09491405597899831f,0.3913572702619987f,-0.04340994902492425f,0.9696526748973259f,-0.23641122306293802f,1.1253569169068032f,-0.08706858700491066f,-0.23941179079040148f,-0.9659720780579019f,4.77648125090674e-17f,0f,0f,0f,1f], start_interpolation: 0, interpolation_duration: 1 }
$data merge entity $(bone_3) { transformation: [-0.9952465414778344f,-0.043619387365329804f,0.08707278979269395f,0.375f,-0.04345340242735161f,0.999048221581858f,0.0038016801040231343f,1.5f,-0.08715574274765832f,-4.9081534427777634e-18f,-0.9961946980917455f,4.592425496802574e-17f,0f,0f,0f,1f], start_interpolation: 0, interpolation_duration: 1 }