# This file was generated by Animated Java via MC-Build. It is not recommended to edit this file directly.
$data merge entity $(bone_layer) { transformation: [-1.0001f,0f,1.224769263827268e-16f,0f,0f,1.0001f,0f,1.4736328125f,-1.224769263827268e-16f,0f,-1.0001f,0f,0f,0f,0f,1f], start_interpolation: 0, interpolation_duration: 1 }
$data merge entity $(bone_head) { transformation: [-1f,0f,1.2246467991473532e-16f,0f,0f,1f,0f,1.4736328125f,-1.2246467991473532e-16f,0f,-1f,0f,0f,0f,0f,1f], start_interpolation: 0, interpolation_duration: 1 }
$data merge entity $(bone_10) { transformation: [-0.999f,0f,1.2246467991473532e-16f,5.433116049128757e-20f,0f,1f,0f,1.1233507827807743f,-1.2234221523482057e-16f,0f,-1f,-0.0004436475931600403f,0f,0f,0f,1f], start_interpolation: 0, interpolation_duration: 1 }
$data merge entity $(bone_9) { transformation: [-1f,-9.009060734300461e-18f,1.2213285655917601e-16f,-3.2290491774393103e-18f,0f,0.9972904566786902f,0.07356456359966743f,1.48681640625f,-1.2246467991473532e-16f,0.07356456359966743f,-0.9972904566786902f,0.0263671875f,0f,0f,0f,1f], start_interpolation: 0, interpolation_duration: 1 }
$data merge entity $(item_display_item_display) { transformation: [-0.18787365650254975f,0.09701083398708576f,-0.9763674448083017f,-0.3463747066612313f,-0.8374267845764596f,-0.533885231180836f,0.1080922772491998f,1.058158716381216f,-0.5112933303557696f,0.8387827239614059f,0.181724165475014f,0.41661180091297456f,0f,0f,0f,1f], start_interpolation: 0, interpolation_duration: 1 }
$data merge entity $(bone_2) { transformation: [-0.9763674487674426f,0.08999372268815342f,-0.1913340922681655f,-0.41883415669253454f,0.10809225960174973f,0.9893840748605386f,-0.08623349596615071f,1.1441045712535924f,0.18172415470031242f,-0.10498229512200578f,-0.9767067365946509f,-0.023820183237435906f,0f,0f,0f,1f], start_interpolation: 0, interpolation_duration: 1 }
$data merge entity $(bone_1) { transformation: [-0.9773447935610037f,0.12197330557922663f,-0.1729730245595412f,-0.375f,0.10820046006181154f,0.9903177147726125f,0.08696829450991203f,1.5f,0.1819060607610735f,0.06628224900851717f,-0.9810794302831761f,-4.592425496802574e-17f,0f,0f,0f,1f], start_interpolation: 0, interpolation_duration: 1 }
$data merge entity $(bone_4) { transformation: [-0.9942512949363566f,-0.020874991311458042f,0.09502419299907118f,0.3913572702619985f,-0.04340994902492377f,0.9684068106811078f,-0.24146392142947284f,1.1253569169068032f,-0.08706858700491066f,-0.24444525719308133f,-0.9647106184720767f,4.792744283494021e-17f,0f,0f,0f,1f], start_interpolation: 0, interpolation_duration: 1 }
$data merge entity $(bone_3) { transformation: [-0.9952465414778344f,-0.04361938736532932f,0.08707278979269395f,0.375f,-0.04345340242735112f,0.999048221581858f,0.0038016801040230918f,1.5f,-0.08715574274765832f,-5.341834311771905e-18f,-0.9961946980917455f,4.592425496802574e-17f,0f,0f,0f,1f], start_interpolation: 0, interpolation_duration: 1 }