# This file was generated by Animated Java via MC-Build. It is not recommended to edit this file directly.
$data merge entity $(bone_layer) { transformation: [-1.0001f,0f,1.224769263827268e-16f,0f,0f,1.0001f,0f,1.472f,-1.224769263827268e-16f,0f,-1.0001f,0f,0f,0f,0f,1f], start_interpolation: 0, interpolation_duration: 1 }
$data merge entity $(bone_head) { transformation: [-1f,0f,1.2246467991473532e-16f,0f,0f,1f,0f,1.472f,-1.2246467991473532e-16f,0f,-1f,0f,0f,0f,0f,1f], start_interpolation: 0, interpolation_duration: 1 }
$data merge entity $(bone_10) { transformation: [-0.999f,0f,1.2246467991473532e-16f,5.104555658980495e-20f,0f,1f,0f,1.123311532550894f,-1.2234221523482057e-16f,0f,-1f,-0.00041681860129259146f,0f,0f,0f,1f], start_interpolation: 0, interpolation_duration: 1 }
$data merge entity $(bone_9) { transformation: [-1f,-9.565851001106082e-18f,1.2209050872710465e-16f,-3.429011037612588e-18f,0f,0.996944660387867f,0.07811110115803348f,1.486f,-1.2246467991473532e-16f,0.07811110115803348f,-0.996944660387867f,0.02799999999999999f,0f,0f,0f,1f], start_interpolation: 0, interpolation_duration: 1 }
$data merge entity $(item_display_item_display) { transformation: [-0.18992425654788853f,0.09619468760130725f,-0.9760514119922266f,-0.34716719375132765f,-0.8374090471917962f,-0.5334462649935348f,0.11037286825020097f,1.058420091383102f,-0.510564260848779f,0.8391559237958909f,0.18205073771398247f,0.41694248906868814f,0f,0f,0f,1f], start_interpolation: 0, interpolation_duration: 1 }
$data merge entity $(bone_2) { transformation: [-0.9760514159945806f,0.0921174115290948f,-0.19193492602482157f,-0.41962404744605025f,0.11037285060312468f,0.9891027772018283f,-0.08657095345074355f,1.14418314639863f,0.1820507269546449f,-0.10578789450976835f,-0.976558986539203f,-0.02352555435593424f,0f,0f,0f,1f], start_interpolation: 0, interpolation_duration: 1 }
$data merge entity $(bone_1) { transformation: [-0.9770284444390196f,0.12417126245857465f,-0.17319617875840534f,-0.375f,0.11048333393706175f,0.9900990708907682f,0.08658673537782391f,1.5f,0.18223295991455946f,0.06546241212086037f,-0.981073810128523f,-4.592425496802574e-17f,0f,0f,0f,1f], start_interpolation: 0, interpolation_duration: 1 }
$data merge entity $(bone_4) { transformation: [-0.9942512949363566f,-0.020441496595350564f,0.09511838799265057f,0.39135727026199835f,-0.04340994902492338f,0.9672957511835591f,-0.24587701411048465f,1.1253569169068032f,-0.08706858700491066f,-0.24884146551404207f,-0.9635860035294161f,4.7927442834940185e-17f,0f,0f,0f,1f], start_interpolation: 0, interpolation_duration: 1 }
$data merge entity $(bone_3) { transformation: [-0.9952465414778344f,-0.0436193873653289f,0.08707278979269395f,0.375f,-0.04345340242735073f,0.999048221581858f,0.0038016801040230562f,1.5f,-0.08715574274765832f,-5.341834311771854e-18f,-0.9961946980917455f,4.592425496802574e-17f,0f,0f,0f,1f], start_interpolation: 0, interpolation_duration: 1 }