# This file was generated by Animated Java via MC-Build. It is not recommended to edit this file directly.
$data merge entity $(bone_layer) { transformation: [-1.0001f,0f,1.224769263827268e-16f,0f,0f,1.0001f,0f,1.4717056875f,-1.224769263827268e-16f,0f,-1.0001f,0f,0f,0f,0f,1f], start_interpolation: 0, interpolation_duration: 1 }
$data merge entity $(bone_head) { transformation: [-1f,0f,1.2246467991473532e-16f,0f,0f,1f,0f,1.4717056875f,-1.2246467991473532e-16f,0f,-1f,0f,0f,0f,0f,1f], start_interpolation: 0, interpolation_duration: 1 }
$data merge entity $(bone_10) { transformation: [-0.999f,0f,1.224646799147353e-16f,5.036839607464439e-20f,0f,0.9999999999999999f,0f,1.1233052115936655f,-1.2234221523482057e-16f,0f,-0.9999999999999999f,-0.00041128916606578136f,0f,0f,0f,1f], start_interpolation: 0, interpolation_duration: 1 }
$data merge entity $(bone_9) { transformation: [-1f,-9.666190962412559e-18f,1.220826055541769e-16f,-3.4650539237199946e-18f,0f,0.9968801260835009f,0.0789304391204267f,1.48585284375f,-1.2246467991473532e-16f,0.0789304391204267f,-0.9968801260835009f,0.028294312500000002f,0f,0f,0f,1f], start_interpolation: 0, interpolation_duration: 1 }
$data merge entity $(item_display_item_display) { transformation: [-0.19029391179833582f,0.09604787438395657f,-0.9759938693243985f,-0.3473098696849318f,-0.8374052609352144f,-0.5333670108538185f,0.11078384670559474f,1.058467370618682f,-0.5104328125135694f,0.8392231154819241f,0.18210959983015887f,0.4170020549869407f,0f,0f,0f,1f], start_interpolation: 0, interpolation_duration: 1 }
$data merge entity $(bone_2) { transformation: [-0.9759938733345425f,0.09250005298174716f,-0.19204348312767858f,-0.41976638693057283f,0.11078382905859824f,0.9890515265060444f,-0.08663152506552435f,1.1441975192157707f,0.18210958907359134f,-0.1059330831914056f,-0.9765322726121294f,-0.023472449679791615f,0f,0f,0f,1f], start_interpolation: 0, interpolation_duration: 1 }
$data merge entity $(bone_1) { transformation: [-0.9769708441787212f,0.12456733754594183f,-0.17323668214737953f,-0.375f,0.11089472378238062f,0.9900590769648121f,0.08651811577244288f,1.5f,0.18229188095454588f,0.0653146425872461f,-0.9810727126985818f,-4.592425496802574e-17f,0f,0f,0f,1f], start_interpolation: 0, interpolation_duration: 1 }
$data merge entity $(bone_4) { transformation: [-0.9942512949363566f,-0.02036331422329824f,0.09513515623165472f,0.3913572702619983f,-0.04340994902492329f,0.9670933442072286f,-0.24667192770101046f,1.1253569169068032f,-0.08706858700491064f,-0.24963332915282405f,-0.9633811613961767f,4.7927442834940185e-17f,0f,0f,0f,1f], start_interpolation: 0, interpolation_duration: 1 }
$data merge entity $(bone_3) { transformation: [-0.9952465414778344f,-0.0436193873653288f,0.08707278979269396f,0.375f,-0.043453402427350636f,0.9990482215818581f,0.003801680104023047f,1.5f,-0.0871557427476583f,-5.341834311771842e-18f,-0.9961946980917455f,4.592425496802574e-17f,0f,0f,0f,1f], start_interpolation: 0, interpolation_duration: 1 }