# This file was generated by Animated Java via MC-Build. It is not recommended to edit this file directly.
$data merge entity $(bone_layer) { transformation: [-1.0001f,0f,1.224769263827268e-16f,0f,0f,1.0001f,0f,1.4714230000000001f,-1.224769263827268e-16f,0f,-1.0001f,0f,0f,0f,0f,1f], start_interpolation: 0, interpolation_duration: 1 }
$data merge entity $(bone_head) { transformation: [-1f,0f,1.2246467991473532e-16f,0f,0f,1f,0f,1.4714230000000001f,-1.2246467991473532e-16f,0f,-1f,0f,0f,0f,0f,1f], start_interpolation: 0, interpolation_duration: 1 }
$data merge entity $(bone_10) { transformation: [-0.999f,0f,1.2246467991473532e-16f,4.9693504121662556e-20f,0f,0.9999999999999999f,0f,1.1232993565041474f,-1.2234221523482057e-16f,0f,-0.9999999999999999f,-0.000405778255054938f,0f,0f,0f,1f], start_interpolation: 0, interpolation_duration: 1 }
$data merge entity $(bone_9) { transformation: [-1f,-9.762561465726618e-18f,1.2207493690453616e-16f,-3.499673157923391e-18f,0f,0.9968175068071014f,0.0797173639985316f,1.4857114999999999f,-1.2246467991473532e-16f,0.0797173639985316f,-0.9968175068071014f,0.028576999999999998f,0f,0f,0f,1f], start_interpolation: 0, interpolation_duration: 1 }
$data merge entity $(item_display_item_display) { transformation: [-0.19064897652817311f,0.09590694531577301f,-0.9759384332984113f,-0.3474468614633588f,-0.8374014548037677f,-0.5332908496427075f,0.11117856439032112f,1.0585128302286608f,-0.5103065463437575f,0.8392876309868728f,0.1821661363457818f,0.41705925654833587f,0f,0f,0f,1f], start_interpolation: 0, interpolation_duration: 1 }
$data merge entity $(bone_2) { transformation: [-0.9759384373160377f,0.09286753695304627f,-0.19214782629372854f,-0.41990309334773424f,0.11117854674340483f,0.9890021428978357f,-0.0866896307958051f,1.1442113846177255f,0.18216612559187514f,-0.10607253142903228f,-0.976506590230236f,-0.023421443106021445f,0f,0f,0f,1f], start_interpolation: 0, interpolation_duration: 1 }
$data merge entity $(bone_1) { transformation: [-0.9769153526687064f,0.12494773801108662f,-0.17327566616836243f,-0.375f,0.11128983657998481f,0.9900204949767638f,0.08645225156098446f,1.5f,0.1823484740659411f,0.06517271125153781f,-0.9810716343437652f,-4.592425496802574e-17f,0f,0f,0f,1f], start_interpolation: 0, interpolation_duration: 1 }
$data merge entity $(bone_4) { transformation: [-0.9942512949363564f,-0.020288207012203026f,0.09515120164037932f,0.3913572702619983f,-0.04340994902492325f,0.9668983170111771f,-0.2474352862600782f,1.1253569169068032f,-0.08706858700491064f,-0.2503937563462461f,-0.9631837975899434f,4.792744283494018e-17f,0f,0f,0f,1f], start_interpolation: 0, interpolation_duration: 1 }
$data merge entity $(bone_3) { transformation: [-0.9952465414778343f,-0.043619387365328756f,0.08707278979269396f,0.375f,-0.043453402427350594f,0.9990482215818581f,0.0038016801040230436f,1.5f,-0.0871557427476583f,-5.341834311771837e-18f,-0.9961946980917455f,4.592425496802574e-17f,0f,0f,0f,1f], start_interpolation: 0, interpolation_duration: 1 }