# This file was generated by Animated Java via MC-Build. It is not recommended to edit this file directly.
$data merge entity $(bone_layer) { transformation: [-1.0001f,0f,1.224769263827268e-16f,0f,0f,1.0001f,0f,1.4706484375f,-1.224769263827268e-16f,0f,-1.0001f,0f,0f,0f,0f,1f], start_interpolation: 0, interpolation_duration: 1 }
$data merge entity $(bone_head) { transformation: [-1f,0f,1.2246467991473532e-16f,0f,0f,1f,0f,1.4706484375f,-1.2246467991473532e-16f,0f,-1f,0f,0f,0f,0f,1f], start_interpolation: 0, interpolation_duration: 1 }
$data merge entity $(bone_10) { transformation: [-0.999f,0f,1.2246467991473532e-16f,4.7721246105040275e-20f,0f,0.9999999999999999f,0f,1.123284397178069f,-1.2234221523482057e-16f,0f,-0.9999999999999999f,-0.0003896735461870783f,0f,0f,0f,1f], start_interpolation: 0, interpolation_duration: 1 }
$data merge entity $(bone_9) { transformation: [-1f,-1.0026584868359941e-17f,1.22053535067593e-16f,-3.594529706559849e-18f,0f,0.9966427475462428f,0.08187327869015654f,1.48532421875f,-1.2246467991473532e-16f,0.08187327869015654f,-0.9966427475462428f,0.029351562500000004f,0f,0f,0f,1f], start_interpolation: 0, interpolation_duration: 1 }
$data merge entity $(item_display_item_display) { transformation: [-0.19162190399608614f,0.09552122809224195f,-0.9757857043903978f,-0.3478219740815205f,-0.8373901753760167f,-0.5330819803907814f,0.1122599499659929f,1.058637629303709f,-0.5099605279750964f,0.8394642917756496f,0.18232104305583688f,0.4172159304593984f,0f,0f,0f,1f], start_interpolation: 0, interpolation_duration: 1 }
$data merge entity $(bone_2) { transformation: [-0.9757857084285271f,0.09387422198031965f,-0.1924340969636802f,-0.42027761375559064f,0.1122599323193143f,0.9888660427999537f,-0.08684847144782143f,1.1442496783952814f,0.182321032309222f,-0.10645459052924748f,-0.9764361020225285f,-0.023281687991613714f,0f,0f,0f,1f], start_interpolation: 0, interpolation_duration: 1 }
$data merge entity $(bone_1) { transformation: [-0.9767624708994265f,0.12598988175468695f,-0.17338288594289475f,-0.375f,0.11237230462393824f,0.9899139383783474f,0.0862720102801269f,1.5f,0.18250353584506707f,0.06478382745492499f,-0.9810685578002889f,-4.592425496802574e-17f,0f,0f,0f,1f], start_interpolation: 0, interpolation_duration: 1 }
$data merge entity $(bone_4) { transformation: [-0.9942512949363566f,-0.02008234894480205f,0.09519486214201542f,0.3913572702619982f,-0.04340994902492304f,0.9663608564130858f,-0.2495260938623879f,1.1253569169068032f,-0.08706858700491064f,-0.25247652257868813f,-0.9626399465550667f,4.792744283494017e-17f,0f,0f,0f,1f], start_interpolation: 0, interpolation_duration: 1 }
$data merge entity $(bone_3) { transformation: [-0.9952465414778344f,-0.04361938736532855f,0.08707278979269396f,0.375f,-0.043453402427350386f,0.9990482215818581f,0.0038016801040230254f,1.5f,-0.0871557427476583f,-5.341834311771811e-18f,-0.9961946980917455f,4.592425496802574e-17f,0f,0f,0f,1f], start_interpolation: 0, interpolation_duration: 1 }