# This file was generated by Animated Java via MC-Build. It is not recommended to edit this file directly.
$data merge entity $(bone_layer) { transformation: [-1.0001f,0f,1.224769263827268e-16f,0f,0f,1.0001f,0f,1.470416f,-1.224769263827268e-16f,0f,-1.0001f,0f,0f,0f,0f,1f], start_interpolation: 0, interpolation_duration: 1 }
$data merge entity $(bone_head) { transformation: [-1f,0f,1.2246467991473532e-16f,0f,0f,1f,0f,1.470416f,-1.2246467991473532e-16f,0f,-1f,0f,0f,0f,0f,1f], start_interpolation: 0, interpolation_duration: 1 }
$data merge entity $(bone_10) { transformation: [-0.999f,0f,1.2246467991473535e-16f,4.7094176810805283e-20f,0f,1f,0f,1.1232802172700118f,-1.2234221523482057e-16f,0f,-1f,-0.00038455313681947864f,0f,0f,0f,1f], start_interpolation: 0, interpolation_duration: 1 }
$data merge entity $(bone_9) { transformation: [-1f,-1.0105806229343724e-17f,1.220470012211424e-16f,-3.6229950905975296e-18f,0f,0.9965893946411021f,0.08252017019421257f,1.485208f,-1.2246467991473532e-16f,0.08252017019421257f,-0.9965893946411021f,0.029584f,0f,0f,0f,1f], start_interpolation: 0, interpolation_duration: 1 }
$data merge entity $(item_display_item_display) { transformation: [-0.1919138831770647f,0.09540560098051698f,-0.9757396336858756f,-0.3479344713118309f,-0.8373865474039831f,-0.5330192475108354f,0.11258442170131745f,1.0586751486083623f,-0.5098566775778629f,0.8395172738452317f,0.18236752793393277f,0.4172629299249528f,0f,0f,0f,1f], start_interpolation: 0, interpolation_duration: 1 }
$data merge entity $(bone_2) { transformation: [-0.9757396377301579f,0.09417625396538055f,-0.19252010947240927f,-0.4203899874603374f,0.1125844040547153f,0.9888249751840055f,-0.0868960322223957f,1.1442612564090648f,0.1823675171895064f,-0.10656923402839663f,-0.9764149154087803f,-0.023239749819938208f,0f,0f,0f,1f], start_interpolation: 0, interpolation_duration: 1 }
$data merge entity $(bone_1) { transformation: [-0.9767163540842422f,0.12630257380267795f,-0.17341517671531664f,-0.375f,0.11269710115587117f,0.9898817212965153f,0.08621798672035659f,1.5f,0.18255006725676315f,0.06466712993374098f,-0.9810675997354534f,-4.592425496802574e-17f,0f,0f,0f,1f], start_interpolation: 0, interpolation_duration: 1 }
$data merge entity $(bone_4) { transformation: [-0.9942512949363566f,-0.020020554880836233f,0.09520787729826524f,0.3913572702619982f,-0.04340994902492297f,0.9661986884727825f,-0.25015329443988665f,1.1253569169068032f,-0.08706858700491064f,-0.25310130733707886f,-0.9624758643110122f,4.7927442834940167e-17f,0f,0f,0f,1f], start_interpolation: 0, interpolation_duration: 1 }
$data merge entity $(bone_3) { transformation: [-0.9952465414778344f,-0.04361938736532848f,0.08707278979269396f,0.375f,-0.04345340242735032f,0.9990482215818581f,0.0038016801040230194f,1.5f,-0.0871557427476583f,-5.3418343117718034e-18f,-0.9961946980917455f,4.592425496802574e-17f,0f,0f,0f,1f], start_interpolation: 0, interpolation_duration: 1 }