# This file was generated by Animated Java via MC-Build. It is not recommended to edit this file directly.
$data merge entity $(bone_layer) { transformation: [-1.0001f,0f,1.224769263827268e-16f,0f,0f,1.0001f,0f,1.4701970625f,-1.224769263827268e-16f,0f,-1.0001f,0f,0f,0f,0f,1f], start_interpolation: 0, interpolation_duration: 1 }
$data merge entity $(bone_head) { transformation: [-1f,0f,1.2246467991473532e-16f,0f,0f,1f,0f,1.4701970625f,-1.2246467991473532e-16f,0f,-1f,0f,0f,0f,0f,1f], start_interpolation: 0, interpolation_duration: 1 }
$data merge entity $(bone_10) { transformation: [-0.999f,0f,1.224646799147353e-16f,4.648864150387308e-20f,0f,1f,0f,1.1232764104829491f,-1.2234221523482057e-16f,0f,-1f,-0.0003796085658023182f,0f,0f,0f,1f], start_interpolation: 0, interpolation_duration: 1 }
$data merge entity $(bone_9) { transformation: [-1f,-1.018042251007129e-17f,1.2204079983405143e-16f,-3.6498072014563614e-18f,0f,0.9965387564726499f,0.08312945836431611f,1.48509853125f,-1.2246467991473532e-16f,0.08312945836431611f,-0.9965387564726499f,0.029802937499999994f,0f,0f,0f,1f], start_interpolation: 0, interpolation_duration: 1 }
$data merge entity $(item_display_item_display) { transformation: [-0.19218891025172477f,0.09529674114433391f,-0.9756961381001384f,-0.34804040518256135f,-0.8373830274868521f,-0.5329601356026132f,0.11289003116041081f,1.0587105176789482f,-0.5097588528443704f,0.8395671652617879f,0.18241131259074192f,0.417307192639517f,0f,0f,0f,1f], start_interpolation: 0, interpolation_duration: 1 }
$data merge entity $(bone_2) { transformation: [-0.9756961421502165f,0.09446071728389631f,-0.19260117103329402f,-0.42049582784914047f,0.11289001351388285f,0.9887861976013805f,-0.08694078606637254f,1.1442721984750828f,0.18241130184837703f,-0.106677215576782f,-0.9763949450067656f,-0.023200247748040772f,0f,0f,0f,1f], start_interpolation: 0, interpolation_duration: 1 }
$data merge entity $(bone_1) { transformation: [-0.9766728149651817f,0.12659708618891258f,-0.17344564069605464f,-0.375f,0.11300301653041327f,0.9898512738084653f,0.08616712827282641f,1.5f,0.18259389574412116f,0.06455721112498289f,-0.9810666826106925f,-4.592425496802574e-17f,0f,0f,0f,1f], start_interpolation: 0, interpolation_duration: 1 }
$data merge entity $(bone_4) { transformation: [-0.9942512949363566f,-0.019962342109285814f,0.09522009984709078f,0.3913572702619982f,-0.04340994902492293f,0.9660455669698114f,-0.250743970742328f,1.1253569169068032f,-0.08706858700491064f,-0.2536897069955494f,-0.9623209411217656f,4.7927442834940167e-17f,0f,0f,0f,1f], start_interpolation: 0, interpolation_duration: 1 }
$data merge entity $(bone_3) { transformation: [-0.9952465414778344f,-0.04361938736532844f,0.08707278979269396f,0.375f,-0.043453402427350275f,0.9990482215818581f,0.003801680104023016f,1.5f,-0.0871557427476583f,-5.341834311771799e-18f,-0.9961946980917455f,4.592425496802574e-17f,0f,0f,0f,1f], start_interpolation: 0, interpolation_duration: 1 }