# This file was generated by Animated Java via MC-Build. It is not recommended to edit this file directly.
$data merge entity $(bone_layer) { transformation: [-1.0001f,0f,1.224769263827268e-16f,0f,0f,1.0001f,0f,1.4694638125f,-1.224769263827268e-16f,0f,-1.0001f,0f,0f,0f,0f,1f], start_interpolation: 0, interpolation_duration: 1 }
$data merge entity $(bone_head) { transformation: [-1f,0f,1.2246467991473532e-16f,0f,0f,1f,0f,1.4694638125f,-1.2246467991473532e-16f,0f,-1f,0f,0f,0f,0f,1f], start_interpolation: 0, interpolation_duration: 1 }
$data merge entity $(bone_10) { transformation: [-0.999f,1.5407439555097887e-33f,1.2246467991473532e-16f,4.4355332881126563e-20f,0f,1f,0f,1.123264580627267f,-1.2234221523482057e-16f,0f,-1f,-0.0003621887789361615f,0f,0f,0f,1f], start_interpolation: 0, interpolation_duration: 1 }
$data merge entity $(bone_9) { transformation: [-1f,-1.0430294210015592e-17f,1.2201969836592408e-16f,-3.7396044280038405e-18f,0f,0.9963664499093039f,0.08516981563400622f,1.48473190625f,-1.2246467991473532e-16f,0.08516981563400622f,-0.9963664499093039f,0.030536187499999992f,0f,0f,0f,1f], start_interpolation: 0, interpolation_duration: 1 }
$data merge entity $(item_display_item_display) { transformation: [-0.1931100539489814f,0.0949325203425497f,-0.9755497545718685f,-0.3483949828511416f,-0.8373705135245973f,-0.5327620031395782f,0.1139134368292736f,1.0588291771821254f,-0.5094311829318792f,0.8397341630493045f,0.18255795042810477f,0.4174553846164711f,0f,0f,0f,1f], start_interpolation: 0, interpolation_duration: 1 }
$data merge entity $(bone_2) { transformation: [-0.9755497586413583f,0.09541323329121923f,-0.1928729719989372f,-0.4208502539392742f,0.11391341918300936f,0.9886556542234052f,-0.08709035711332583f,1.144309102722971f,0.18255793969264503f,-0.10703883540568818f,-0.976327960457023f,-0.02306795250918753f,0f,0f,0f,1f], start_interpolation: 0, interpolation_duration: 1 }
$data merge entity $(bone_1) { transformation: [-0.9765262849262846f,0.12758331530928485f,-0.1735480120968268f,-0.375f,0.114027446629639f,0.9897485837273848f,0.08599699078898491f,1.5f,0.18274068037301805f,0.06418908524295648f,-0.9810635071556167f,-4.592425496802574e-17f,0f,0f,0f,1f], start_interpolation: 0, interpolation_duration: 1 }
$data merge entity $(bone_4) { transformation: [-0.9942512949363566f,-0.01976732578964186f,0.09526077549812538f,0.39135727026199807f,-0.04340994902492275f,0.9655301136969117f,-0.2527215381998188f,1.1253569169068032f,-0.08706858700491064f,-0.25565964166358957f,-0.9617994639120014f,4.792744283494016e-17f,0f,0f,0f,1f], start_interpolation: 0, interpolation_duration: 1 }
$data merge entity $(bone_3) { transformation: [-0.9952465414778344f,-0.043619387365328256f,0.08707278979269396f,0.375f,-0.043453402427350095f,0.9990482215818581f,0.0038016801040230003f,1.5f,-0.0871557427476583f,-5.341834311771776e-18f,-0.9961946980917455f,4.592425496802574e-17f,0f,0f,0f,1f], start_interpolation: 0, interpolation_duration: 1 }