# This file was generated by Animated Java via MC-Build. It is not recommended to edit this file directly.
$data merge entity $(bone_layer) { transformation: [-1.0001f,0f,1.224769263827268e-16f,0f,0f,1.0001f,0f,1.469318f,-1.224769263827268e-16f,0f,-1.0001f,0f,0f,0f,0f,1f], start_interpolation: 0, interpolation_duration: 1 }
$data merge entity $(bone_head) { transformation: [-1f,0f,1.2246467991473532e-16f,0f,0f,1f,0f,1.469318f,-1.2246467991473532e-16f,0f,-1f,0f,0f,0f,0f,1f], start_interpolation: 0, interpolation_duration: 1 }
$data merge entity $(bone_10) { transformation: [-0.999f,-1.5407439555097887e-33f,1.2246467991473532e-16f,4.391175714568028e-20f,0f,1f,0f,1.1232623967532693f,-1.2234221523482057e-16f,0f,-1f,-0.0003585667081827462f,0f,0f,0f,1f], start_interpolation: 0, interpolation_duration: 1 }
$data merge entity $(bone_9) { transformation: [-1f,-1.0479977973225024e-17f,1.2201544118798773e-16f,-3.7574613091439076e-18f,0f,0.9963316874133803f,0.08557551434847657f,1.484659f,-1.2246467991473532e-16f,0.08557551434847657f,-0.9963316874133803f,0.030681999999999987f,0f,0f,0f,1f], start_interpolation: 0, interpolation_duration: 1 }
$data merge entity $(item_display_item_display) { transformation: [-0.19329323828840184f,0.09486015917764029f,-0.9755205145114972f,-0.34846545508829496f,-0.8373678918666128f,-0.532722573813754f,0.11411692696578672f,1.0588528109521118f,-0.5093660154573015f,0.8397673544202838f,0.18258711002452946f,0.41748484464714747f,0f,0f,0f,1f], start_interpolation: 0, interpolation_duration: 1 }
$data merge entity $(bone_2) { transformation: [-0.9755205185848472f,0.09560261388543134f,-0.19292707958766167f,-0.420920725672218f,0.11411690931957771f,0.9886295712729546f,-0.08712004253902325f,1.1443164887504085f,0.182587099290443f,-0.10711074186526331f,-0.9763146214974836f,-0.023041644991159554f,0f,0f,0f,1f], start_interpolation: 0, interpolation_duration: 1 }
$data merge entity $(bone_1) { transformation: [-0.9764970156004477f,0.1277794105661718f,-0.17356843249502724f,-0.375f,0.11423114046003775f,0.9897280313032111f,0.08596319329730102f,1.5f,0.1827698691596026f,0.06411588171453081f,-0.9810628566199773f,-4.592425496802574e-17f,0f,0f,0f,1f], start_interpolation: 0, interpolation_duration: 1 }
$data merge entity $(bone_4) { transformation: [-0.9942512949363566f,-0.01972853536317376f,0.09526881656555877f,0.39135727026199807f,-0.04340994902492269f,0.9654271291583573f,-0.2531146669213503f,1.1253569169068032f,-0.08706858700491064f,-0.2560512510757885f,-0.9616952833301678f,4.7927442834940154e-17f,0f,0f,0f,1f], start_interpolation: 0, interpolation_duration: 1 }
$data merge entity $(bone_3) { transformation: [-0.9952465414778344f,-0.0436193873653282f,0.08707278979269396f,0.375f,-0.04345340242735004f,0.9990482215818581f,0.003801680104022995f,1.5f,-0.0871557427476583f,-5.3418343117717695e-18f,-0.9961946980917455f,4.592425496802574e-17f,0f,0f,0f,1f], start_interpolation: 0, interpolation_duration: 1 }