# This file was generated by Animated Java via MC-Build. It is not recommended to edit this file directly.
$data merge entity $(bone_layer) { transformation: [-1.0001f,0f,1.224769263827268e-16f,0f,0f,1.0001f,0f,1.469074f,-1.224769263827268e-16f,0f,-1.0001f,0f,0f,0f,0f,1f], start_interpolation: 0, interpolation_duration: 1 }
$data merge entity $(bone_head) { transformation: [-1f,0f,1.2246467991473532e-16f,0f,0f,1f,0f,1.469074f,-1.2246467991473532e-16f,0f,-1f,0f,0f,0f,0f,1f], start_interpolation: 0, interpolation_duration: 1 }
$data merge entity $(bone_10) { transformation: [-0.999f,1.5407439555097887e-33f,1.2246467991473532e-16f,4.3155111044378475e-20f,0f,1f,0f,1.123258867218239f,-1.2234221523482057e-16f,0f,-1f,-0.00035238822388973523f,0f,0f,0f,1f], start_interpolation: 0, interpolation_duration: 1 }
$data merge entity $(bone_9) { transformation: [-1f,-1.0563113993141991e-17f,1.2200827205311313e-16f,-3.7873426910431045e-18f,0f,0.9962731469845839f,0.08625437146854459f,1.484537f,-1.2246467991473532e-16f,0.08625437146854459f,-0.9962731469845839f,0.030926000000000002f,0f,0f,0f,1f], start_interpolation: 0, interpolation_duration: 1 }
$data merge entity $(item_display_item_display) { transformation: [-0.19359978130158662f,0.0947391210291561f,-0.9754714878593843f,-0.3485833536167232f,-0.8373634060195793f,-0.5326565719205038f,0.11445742723470041f,1.0588923869999132f,-0.5092569596375361f,0.8398228833132142f,0.1826359048057437f,0.4175341357731171f,0f,0f,0f,1f], start_interpolation: 0, interpolation_duration: 1 }
$data merge entity $(bone_2) { transformation: [-0.9754714919391942f,0.09591949416593988f,-0.19301766513164703f,-0.42103864534107627f,0.11445740958858594f,0.9885858330100669f,-0.08716967455521661f,1.1443288835082643f,0.18263589407395542f,-0.10723106551154818f,-0.9762922865541163f,-0.022997622783252285f,0f,0f,0f,1f], start_interpolation: 0, interpolation_duration: 1 }
$data merge entity $(bone_1) { transformation: [-0.9764479398790733f,0.12810753486212528f,-0.17360265037568662f,-0.375f,0.11457198157015609f,0.989693541542221f,0.08590666370371784f,1.5f,0.18281871278674217f,0.06399338513600623f,-0.9810617538737474f,-4.592425496802574e-17f,0f,0f,0f,1f], start_interpolation: 0, interpolation_duration: 1 }
$data merge entity $(bone_4) { transformation: [-0.9942512949363566f,-0.019663616851874673f,0.09528223701026729f,0.39135727026199807f,-0.04340994902492264f,0.9652544386643944f,-0.25377242751004037f,1.1253569169068032f,-0.08706858700491064f,-0.2567064681907874f,-0.9615205927831088f,4.7927442834940154e-17f,0f,0f,0f,1f], start_interpolation: 0, interpolation_duration: 1 }
$data merge entity $(bone_3) { transformation: [-0.9952465414778344f,-0.043619387365328145f,0.08707278979269396f,0.375f,-0.043453402427349984f,0.9990482215818581f,0.0038016801040229907f,1.5f,-0.0871557427476583f,-5.341834311771762e-18f,-0.9961946980917455f,4.592425496802574e-17f,0f,0f,0f,1f], start_interpolation: 0, interpolation_duration: 1 }