# This file was generated by Animated Java via MC-Build. It is not recommended to edit this file directly.
$data merge entity $(bone_layer) { transformation: [-1.0001f,0f,1.224769263827268e-16f,0f,0f,1.0001f,0f,1.4689765625f,-1.224769263827268e-16f,0f,-1.0001f,0f,0f,0f,0f,1f], start_interpolation: 0, interpolation_duration: 1 }
$data merge entity $(bone_head) { transformation: [-1f,0f,1.2246467991473532e-16f,0f,0f,1f,0f,1.4689765625f,-1.2246467991473532e-16f,0f,-1f,0f,0f,0f,0f,1f], start_interpolation: 0, interpolation_duration: 1 }
$data merge entity $(bone_10) { transformation: [-0.999f,1.5407439555097887e-33f,1.2246467991473535e-16f,4.2847926308503015e-20f,0f,1f,0f,1.123257501422088f,-1.2234221523482057e-16f,0f,-1f,-0.0003498798701661171f,0f,0f,0f,1f], start_interpolation: 0, interpolation_duration: 1 }
$data merge entity $(bone_9) { transformation: [-1f,-1.059631166580989e-17f,1.2200539334676808e-16f,-3.7992753432922965e-18f,0f,0.9962496405634096f,0.08652545103769883f,1.48448828125f,-1.2246467991473532e-16f,0.08652545103769883f,-0.9962496405634096f,0.0310234375f,0f,0f,0f,1f], start_interpolation: 0, interpolation_duration: 1 }
$data merge entity $(item_display_item_display) { transformation: [-0.19372219632151216f,0.0946908037694994f,-0.9754518759702377f,-0.34863042456047194f,-0.8373615801057588f,-0.5326302075809061f,0.11459339481448585f,1.0589082007553128f,-0.5092134079294817f,0.8398450533603254f,0.18265539009576442f,0.41755381703296746f,0f,0f,0f,1f], start_interpolation: 0, interpolation_duration: 1 }
$data merge entity $(bone_2) { transformation: [-0.9754518800526274f,0.09604602621526193f,-0.19305385401501823f,-0.4210857324151347f,0.11459337716840987f,0.9885683348244632f,-0.0871894792479388f,1.1443338454373975f,0.18265537936489393f,-0.10727911367384338f,-0.9762833626352654f,-0.02298004332919157f,0f,0f,0f,1f], start_interpolation: 0, interpolation_duration: 1 }
$data merge entity $(bone_1) { transformation: [-0.9764283083609884f,0.1282385597638531f,-0.17361633108953606f,-0.375f,0.11470808525366354f,0.9896797344350681f,0.08588409879582853f,1.5f,0.1828382175824764f,0.06394446839427206f,-0.9810613085597846f,-4.592425496802574e-17f,0f,0f,0f,1f], start_interpolation: 0, interpolation_duration: 1 }
$data merge entity $(bone_4) { transformation: [-0.9942512949363566f,-0.01963769012959749f,0.0952875838908301f,0.39135727026199807f,-0.04340994902492262f,0.9651853522599622f,-0.25403506078584154f,1.1253569169068032f,-0.08706858700491064f,-0.2569680853903583f,-0.9614507081737377f,4.7927442834940154e-17f,0f,0f,0f,1f], start_interpolation: 0, interpolation_duration: 1 }
$data merge entity $(bone_3) { transformation: [-0.9952465414778344f,-0.04361938736532813f,0.08707278979269396f,0.375f,-0.04345340242734997f,0.9990482215818581f,0.003801680104022989f,1.5f,-0.0871557427476583f,-5.34183431177176e-18f,-0.9961946980917455f,4.592425496802574e-17f,0f,0f,0f,1f], start_interpolation: 0, interpolation_duration: 1 }