# This file was generated by Animated Java via MC-Build. It is not recommended to edit this file directly.
$data merge entity $(bone_layer) { transformation: [-1.0001f,0f,1.224769263827268e-16f,0f,0f,1.0001f,0f,1.468896f,-1.224769263827268e-16f,0f,-1.0001f,0f,0f,0f,0f,1f], start_interpolation: 0, interpolation_duration: 1 }
$data merge entity $(bone_head) { transformation: [-1f,0f,1.2246467991473532e-16f,0f,0f,1f,0f,1.468896f,-1.2246467991473532e-16f,0f,-1f,0f,0f,0f,0f,1f], start_interpolation: 0, interpolation_duration: 1 }
$data merge entity $(bone_10) { transformation: [-0.999f,0f,1.2246467991473532e-16f,4.25917731810327e-20f,0f,1f,0f,1.1232563909775144f,-1.2234221523482057e-16f,0f,-1f,-0.0003477882211482264f,0f,0f,0f,1f], start_interpolation: 0, interpolation_duration: 1 }
$data merge entity $(bone_9) { transformation: [-1f,-1.0623759309531819e-17f,1.2200300637587465e-16f,-3.8091414040679286e-18f,0f,0.9962301494669149f,0.08674957805735085f,1.484448f,-1.2246467991473532e-16f,0.08674957805735085f,-0.9962301494669149f,0.031104000000000007f,0f,0f,0f,1f], start_interpolation: 0, interpolation_duration: 1 }
$data merge entity $(item_display_item_display) { transformation: [-0.19382341138040832f,0.09465086197273595f,-0.9754356460211403f,-0.34866933909519454f,-0.837360055520324f,-0.5326084059802939f,0.11470581196317377f,1.0589212799355934f,-0.5091773979860665f,0.8398633818704975f,0.18267150071423324f,0.41757008871713774f,0f,0f,0f,1f], start_interpolation: 0, interpolation_duration: 1 }
$data merge entity $(bone_2) { transformation: [-0.9754356501056629f,0.0961506405458712f,-0.19308378188123776f,-0.42112466360000217f,0.1147057943171299f,0.9885538533178522f,-0.08720584751324229f,1.1443379533132814f,0.18267148998412158f,-0.1073188399725101f,-0.9762759821556277f,-0.02296550847251315f,0f,0f,0f,1f], start_interpolation: 0, interpolation_duration: 1 }
$data merge entity $(bone_1) { transformation: [-0.9764120621678307f,0.12834689001739732f,-0.17362764951477724f,-0.375f,0.11482061493206197f,0.9896683038239126f,0.0858654458610867f,1.5f,0.18285434432845002f,0.06390402357568864f,-0.9810609382352609f,-4.592425496802574e-17f,0f,0f,0f,1f], start_interpolation: 0, interpolation_duration: 1 }
$data merge entity $(bone_4) { transformation: [-0.9942512949363566f,-0.019616252504869928f,0.09529199942830069f,0.391357270261998f,-0.04340994902492258f,0.9651281768204304f,-0.25425219494219864f,1.1253569169068032f,-0.08706858700491064f,-0.2571843792786361f,-0.9613928729775518f,4.792744283494015e-17f,0f,0f,0f,1f], start_interpolation: 0, interpolation_duration: 1 }
$data merge entity $(bone_3) { transformation: [-0.9952465414778344f,-0.04361938736532809f,0.08707278979269396f,0.375f,-0.04345340242734993f,0.9990482215818581f,0.0038016801040229855f,1.5f,-0.0871557427476583f,-5.341834311771756e-18f,-0.9961946980917455f,4.592425496802574e-17f,0f,0f,0f,1f], start_interpolation: 0, interpolation_duration: 1 }