# This file was generated by Animated Java via MC-Build. It is not recommended to edit this file directly.
$data merge entity $(bone_layer) { transformation: [-1.0001f,0f,1.224769263827268e-16f,0f,0f,1.0001f,0f,1.4687593125f,-1.224769263827268e-16f,0f,-1.0001f,0f,0f,0f,0f,1f], start_interpolation: 0, interpolation_duration: 1 }
$data merge entity $(bone_head) { transformation: [-1f,0f,1.2246467991473532e-16f,0f,0f,1f,0f,1.4687593125f,-1.2246467991473532e-16f,0f,-1f,0f,0f,0f,0f,1f], start_interpolation: 0, interpolation_duration: 1 }
$data merge entity $(bone_10) { transformation: [-0.999f,1.5407439555097887e-33f,1.2246467991473535e-16f,4.215267431272043e-20f,0f,1f,0f,1.1232545458664922f,-1.2234221523482057e-16f,0f,-1f,-0.0003442027067891637f,0f,0f,0f,1f], start_interpolation: 0, interpolation_duration: 1 }
$data merge entity $(bone_9) { transformation: [-1f,-1.067032750992143e-17f,1.2199894236201228e-16f,-3.825880795003772e-18f,0f,0.9961969642753542f,0.087129836270756f,1.48437965625f,-1.2246467991473532e-16f,0.087129836270756f,-0.9961969642753542f,0.031240687499999996f,0f,0f,0f,1f], start_interpolation: 0, interpolation_duration: 1 }
$data merge entity $(item_display_item_display) { transformation: [-0.19399514107766358f,0.09458310968429808f,-0.9754080790113981f,-0.3487353551053093f,-0.8373574379604751f,-0.5325714092685132f,0.11489654094888727f,1.058943479557472f,-0.5091162994154937f,0.8398944751528006f,0.18269883490946348f,0.41759769418935117f,0f,0f,0f,1f], start_interpolation: 0, interpolation_duration: 1 }
$data merge entity $(bone_2) { transformation: [-0.9754080830995396f,0.09632812785520484f,-0.19313457279315122f,-0.4211907147204123f,0.11489652330289855f,0.9885292545000591f,-0.08723360551108597f,1.1443449339588792f,0.1826988241806394f,-0.1073862411180715f,-0.976263455662222f,-0.022940847802629907f,0f,0f,0f,1f], start_interpolation: 0, interpolation_duration: 1 }
$data merge entity $(bone_1) { transformation: [-0.9763844675671067f,0.12853068443940818f,-0.17364686766894152f,-0.375f,0.1150115348377363f,0.9896488794187712f,0.08583380639024879f,1.5f,0.18288170588652594f,0.06383540258123092f,-0.9810603055008017f,-4.592425496802574e-17f,0f,0f,0f,1f], start_interpolation: 0, interpolation_duration: 1 }
$data merge entity $(bone_4) { transformation: [-0.9942512949363566f,-0.01957987778632302f,0.09529948007859604f,0.391357270261998f,-0.04340994902492255f,0.9650310575597976f,-0.2546205692214837f,1.1253569169068032f,-0.08706858700491064f,-0.2575513275657716f,-0.9612946347640128f,4.792744283494015e-17f,0f,0f,0f,1f], start_interpolation: 0, interpolation_duration: 1 }
$data merge entity $(bone_3) { transformation: [-0.9952465414778344f,-0.04361938736532806f,0.08707278979269396f,0.375f,-0.0434534024273499f,0.9990482215818581f,0.003801680104022984f,1.5f,-0.0871557427476583f,-5.3418343117717526e-18f,-0.9961946980917455f,4.592425496802574e-17f,0f,0f,0f,1f], start_interpolation: 0, interpolation_duration: 1 }