# This file was generated by Animated Java via MC-Build. It is not recommended to edit this file directly.
$data merge entity $(bone_layer) { transformation: [-1f,-5.017322094460383e-17f,1.1173751782128953e-16f,0.017578124999999934f,0f,0.9133184802098417f,0.40928615402951063f,1.0218691296334816f,-1.2246467991473532e-16f,0.4096954401835401f,-0.9124060741357062f,0.5255803846268444f,0f,0f,0f,1f], start_interpolation: 0, interpolation_duration: 1 }
$data merge entity $(bone_head) { transformation: [-1f,-5.012309784675708e-17f,1.1173751782128953e-16f,0.017578124999999938f,0f,0.9124060741357062f,0.40928615402951063f,0.96484375f,-1.2246467991473532e-16f,0.40928615402951063f,-0.9124060741357062f,0.5f,0f,0f,0f,1f], start_interpolation: 0, interpolation_duration: 1 }
$data merge entity $(bone_6) { transformation: [-0.999f,-7.665351767214051e-17f,9.541279528884612e-17f,0.136328125f,0f,0.7798844830928817f,0.6252975487118748f,0.2384400896073967f,-1.2234221523482057e-16f,0.625923472184059f,-0.7791045986097889f,0.04325361261714317f,0f,0f,0f,1f], start_interpolation: 0, interpolation_duration: 1 }
$data merge entity $(bone_5) { transformation: [-1f,1.8629741797293815e-17f,1.2103937601947863e-16f,0.136328125f,0f,0.9883615104677607f,-0.1521233861899167f,0.52734375f,-1.2246467991473532e-16f,-0.1521233861899167f,-0.9883615104677607f,-0.03125f,0f,0f,0f,1f], start_interpolation: 0, interpolation_duration: 1 }
$data merge entity $(bone_10) { transformation: [-0.999f,-8.744156920479693e-17f,8.565555448181887e-17f,0.017578124999999976f,0f,0.7001308118985237f,0.7133005834532169f,0.7970493819867737f,-1.2234221523482057e-16f,0.7140145980512682f,-0.6994306810866253f,0.20048299917862678f,0f,0f,0f,1f], start_interpolation: 0, interpolation_duration: 1 }
$data merge entity $(bone_9) { transformation: [-1f,-1.086274977660736e-16f,5.654789612090137e-17f,0.017578124999999938f,0f,0.4617486132350341f,0.8870108331782217f,0.9530035589326347f,-1.2246467991473532e-16f,0.8870108331782217f,-0.4617486132350341f,0.5068359375f,0f,0f,0f,1f], start_interpolation: 0, interpolation_duration: 1 }
$data merge entity $(bone_2) { transformation: [-0.6387553430798477f,0.7416394633115246f,-0.20264013991292185f,-0.4323853190118073f,0.7597543221937685f,0.6488405561613335f,-0.02493731598851745f,0.8956791537736623f,0.11298664343555663f,-0.17022584744757596f,-0.9779141598153492f,0.2077334620642157f,0f,0f,0f,1f], start_interpolation: 0, interpolation_duration: 1 }
$data merge entity $(bone_1) { transformation: [-0.6393947378176654f,0.6321033977442418f,0.4377438335502444f,-0.2653993496195743f,0.7605148370307993f,0.43618888471648803f,0.48099525933818027f,1.0044792361295563f,0.11309974317873536f,0.6404565179697772f,-0.7596208901043551f,0.42016430002797966f,0f,0f,0f,1f], start_interpolation: 0, interpolation_duration: 1 }
$data merge entity $(bone_4) { transformation: [-0.9169917730166055f,-0.37753078206658736f,0.12199390667315096f,0.44384997687570527f,-0.3710476345598741f,0.9257980054383208f,0.07025704808593675f,0.9178046923343268f,-0.13946591378320516f,0.01919796131411239f,-0.9890310581214693f,0.21759435863088206f,0f,0f,0f,1f], start_interpolation: 0, interpolation_duration: 1 }
$data merge entity $(bone_3) { transformation: [-0.9179096826993048f,-0.33034786489053036f,-0.21980014233191375f,0.36132812499999994f,-0.3714190536134876f,0.5204456175787192f,0.7688850666750962f,1.02734375f,-0.13960551930250767f,0.7874050084330007f,-0.6004195630348028f,0.46875f,0f,0f,0f,1f], start_interpolation: 0, interpolation_duration: 1 }
$data merge entity $(bone_8) { transformation: [-0.999f,-1.0031719290535251e-16f,7.017261182968103e-17f,-0.11367187499999999f,0f,0.5735764363510458f,0.8183328922447032f,0.24312340784457842f,-1.2234221523482057e-16f,0.8191520442889922f,-0.5730028599146948f,0.042064551099101274f,0f,0f,0f,1f], start_interpolation: 0, interpolation_duration: 1 }
$data merge entity $(bone_7) { transformation: [-1f,2.3891673840167756e-17f,1.2011155542966558e-16f,-0.11367187499999998f,0f,0.9807852804032307f,-0.19509032201612792f,0.5425910818033753f,-1.2246467991473532e-16f,-0.19509032201612792f,-0.9807852804032307f,-0.03821371828282892f,0f,0f,0f,1f], start_interpolation: 0, interpolation_duration: 1 }