# This file was generated by Animated Java via MC-Build. It is not recommended to edit this file directly.
$data merge entity $(bone_layer) { transformation: [-1f,-4.766217260405345e-17f,1.1282930332454405e-16f,0.031249999999999934f,0f,0.922242500503029f,0.388802372072981f,1.0575825737077316f,-1.2246467991473532e-16f,0.38919117444505397f,-0.9213211793237054f,0.5243001482545613f,0f,0f,0f,1f], start_interpolation: 0, interpolation_duration: 1 }
$data merge entity $(bone_head) { transformation: [-1f,-4.761455804600745e-17f,1.1282930332454405e-16f,0.031249999999999938f,0f,0.9213211793237054f,0.388802372072981f,1f,-1.2246467991473532e-16f,0.388802372072981f,-0.9213211793237054f,0.5f,0f,0f,0f,1f], start_interpolation: 0, interpolation_duration: 1 }
$data merge entity $(bone_6) { transformation: [-0.999f,-1.1314261122877005e-16f,4.6818338849209753e-17f,0.15000000000000002f,0f,0.3826834323650899f,0.9229556529787755f,0.32193027981030686f,-1.2234221523482057e-16f,0.9238795325112867f,-0.3823007489327249f,-0.25327155933957446f,0f,0f,0f,1f], start_interpolation: 0, interpolation_duration: 1 }
$data merge entity $(bone_5) { transformation: [-1f,-8.27359385291814e-17f,9.029043306084037e-17f,0.15f,0f,0.7372773368101242f,0.6755902076156601f,0.5625f,-1.2246467991473532e-16f,0.6755902076156601f,-0.7372773368101242f,-0.0625f,0f,0f,0f,1f], start_interpolation: 0, interpolation_duration: 1 }
$data merge entity $(bone_10) { transformation: [-0.999f,-9.650348470981657e-17f,7.532138872607888e-17f,0.031249999999999972f,0f,0.6156614753256584f,0.7872227428531152f,0.8304938904928604f,-1.2234221523482057e-16f,0.7880107536067219f,-0.6150458138503326f,0.2027610161382119f,0f,0f,0f,1f], start_interpolation: 0, interpolation_duration: 1 }
$data merge entity $(bone_9) { transformation: [-1f,-1.1099069304367545e-16f,5.1755810150196606e-17f,0.031249999999999934f,0f,0.42261826174069955f,0.9063077870366499f,0.9729367061317363f,-1.2246467991473532e-16f,0.9063077870366499f,-0.42261826174069955f,0.515625f,0f,0f,0f,1f], start_interpolation: 0, interpolation_duration: 1 }
$data merge entity $(bone_2) { transformation: [-0.6397707579301575f,0.7038386219569528f,-0.3070762995770277f,-0.4268239922842438f,0.7410652510504515f,0.6705369554027609f,-0.010113116336736394f,0.9455945755407514f,0.19878800512858738f,-0.23450242148202588f,-0.9505802812577375f,0.20721794657285583f,0f,0f,0f,1f], start_interpolation: 0, interpolation_duration: 1 }
$data merge entity $(bone_1) { transformation: [-0.6404111690992568f,0.6554992210720451f,0.40024280838868986f,-0.2517274746195743f,0.7418070581085601f,0.3928966697153598f,0.5434652661089787f,1.0396354861295563f,0.19898699212070808f,0.6449441666536119f,-0.7378693643635243f,0.42016430002797966f,0f,0f,0f,1f], start_interpolation: 0, interpolation_duration: 1 }
$data merge entity $(bone_4) { transformation: [-0.8670919979681334f,-0.4925364525826636f,0.06360229287536895f,0.43321649879887797f,-0.49552267217501056f,0.8661119489807823f,-0.061708369445921174f,0.9736479842782595f,-0.024693084460377913f,-0.08519351330938535f,-0.9950617194331823f,0.20750795022664553f,0f,0f,0f,1f], start_interpolation: 0, interpolation_duration: 1 }
$data merge entity $(bone_3) { transformation: [-0.8679599579260595f,-0.3014045639980461f,-0.39471610080935465f,0.37499999999999994f,-0.4960186908658764f,0.48655048456675076f,0.7191898805458556f,1.0625f,-0.024717802262640556f,0.8200145820465681f,-0.5718086353687719f,0.46875f,0f,0f,0f,1f], start_interpolation: 0, interpolation_duration: 1 }
$data merge entity $(bone_8) { transformation: [-0.999f,-9.029043306084034e-17f,8.26532025906522e-17f,-0.1f,0f,0.67559020761566f,0.7365400594733139f,0.39698055322327036f,-1.2234221523482057e-16f,0.737277336810124f,-0.6749146174080444f,0.20854565447459475f,0f,0f,0f,1f], start_interpolation: 0, interpolation_duration: 1 }
$data merge entity $(bone_7) { transformation: [-1f,9.715776287805217e-17f,7.455177354798984e-17f,-0.09999999999999998f,0f,0.6087614290087207f,-0.7933533402912349f,0.5742455041236871f,-1.2246467991473532e-16f,-0.7933533402912349f,-0.6087614290087207f,-0.053270770348739754f,0f,0f,0f,1f], start_interpolation: 0, interpolation_duration: 1 }