# This file was generated by Animated Java via MC-Build. It is not recommended to edit this file directly.
$data merge entity $(bone_layer) { transformation: [-1f,-4.1927272764146674e-17f,1.1507915602278503e-16f,-6.385017666841578e-17f,0f,0.9406323134066943f,0.34202014332566866f,0.9962307887991193f,-1.2246467991473532e-16f,0.3423621634689943f,-0.9396926207859084f,0.5213762589578543f,0f,0f,0f,1f], start_interpolation: 0, interpolation_duration: 1 }
$data merge entity $(bone_head) { transformation: [-1f,-4.188538737676991e-17f,1.1507915602278503e-16f,-6.123233995736766e-17f,0f,0.9396926207859084f,0.34202014332566866f,0.9375f,-1.2246467991473532e-16f,0.34202014332566866f,-0.9396926207859084f,0.5f,0f,0f,0f,1f], start_interpolation: 0, interpolation_duration: 1 }
$data merge entity $(bone_6) { transformation: [-0.999f,-1.195617780139768e-16f,2.6479701833756826e-17f,0.11875000000000001f,0f,0.21643961393810268f,0.9753197111128136f,0.1962747312646244f,-1.2234221523482057e-16f,0.9762960071199335f,-0.21622317432416457f,-0.10742815661279548f,0f,0f,0f,1f], start_interpolation: 0, interpolation_duration: 1 }
$data merge entity $(bone_5) { transformation: [-1f,-2.6506208041798655e-17f,1.195617780139768e-16f,0.11875000000000001f,0f,0.9762960071199334f,0.21643961393810288f,0.5f,-1.2246467991473532e-16f,0.21643961393810288f,-0.9762960071199334f,-0.0625f,0f,0f,0f,1f], start_interpolation: 0, interpolation_duration: 1 }
$data merge entity $(bone_10) { transformation: [-0.999f,-8.417185322279647e-17f,8.886438808911147e-17f,-2.3413759450270435e-17f,0f,0.726359155084346f,0.6866280255508674f,0.7864738858827248f,-1.2234221523482057e-16f,0.6873153408917592f,-0.7256327959292617f,0.19118785487025325f,0f,0f,0f,1f], start_interpolation: 0, interpolation_duration: 1 }
$data merge entity $(bone_9) { transformation: [-1f,-1.0951950393670754e-16f,5.480032923328176e-17f,-6.123233995736766e-17f,0f,0.4474786466713169f,0.8942946163167967f,0.9375f,-1.2246467991473532e-16f,0.8942946163167967f,-0.4474786466713169f,0.5f,0f,0f,0f,1f], start_interpolation: 0, interpolation_duration: 1 }
$data merge entity $(bone_2) { transformation: [-0.6347129513717334f,0.7652992161872196f,-0.10309393368144593f,-0.4436713313734524f,0.7701073727700791f,0.636441889844391f,-0.026211958272608138f,0.857191248758029f,0.045553306862952544f,-0.0962228172240217f,-0.9933204790406773f,0.2088836877242786f,0f,0f,0f,1f], start_interpolation: 0, interpolation_duration: 1 }
$data merge entity $(bone_1) { transformation: [-0.6353482996714048f,0.6141196563990755f,0.46817687440638966f,-0.2829774746195743f,0.7708782510211002f,0.46858558278953993f,0.43147916949076115f,0.9771354861295561f,0.04559890576872127f,0.6350469267905079f,-0.7711265399184667f,0.42016430002797966f,0f,0f,0f,1f], start_interpolation: 0, interpolation_duration: 1 }
$data merge entity $(bone_4) { transformation: [-0.9365895986574765f,-0.26852624868132347f,0.2209948371385152f,0.44205677852102065f,-0.23896141349691963f,0.9592177535361868f,0.15046269125349654f,0.8650450543817314f,-0.2523853532718995f,0.08828904275235705f,-0.9625607827554976f,0.231715319098683f,0f,0f,0f,1f], start_interpolation: 0, interpolation_duration: 1 }
$data merge entity $(bone_3) { transformation: [-0.9375271257832597f,-0.346300102688329f,-0.03345336004996909f,0.34374999999999994f,-0.23920061411103066f,0.5717696891700489f,0.7847690671498794f,1f,-0.25263799126316266f,0.7437443521966663f,-0.6188847905273449f,0.46875f,0f,0f,0f,1f], start_interpolation: 0, interpolation_duration: 1 }
$data merge entity $(bone_8) { transformation: [-0.999f,-4.3140830754274083e-32f,1.2234221523482055e-16f,-0.13125f,0f,1f,4.996003610813204e-16f,0.3917591603013624f,-1.2234221523482057e-16f,4.440892098500626e-16f,-0.9990000000000001f,0.22720475423320047f,0f,0f,0f,1f], start_interpolation: 0, interpolation_duration: 1 }
$data merge entity $(bone_7) { transformation: [-1f,1.1507915602278498e-16f,4.1885387376769973e-17f,-0.13124999999999998f,0f,0.3420201433256693f,-0.9396926207859082f,0.4513751399806204f,-1.2246467991473532e-16f,-0.9396926207859082f,-0.3420201433256693f,-0.03709458002983222f,0f,0f,0f,1f], start_interpolation: 0, interpolation_duration: 1 }