# This file was generated by Animated Java via MC-Build. It is not recommended to edit this file directly.
$data merge entity $(bone_layer) { transformation: [-1f,-5.180756596034678e-17f,1.1099069304367545e-16f,-0.03125000000000006f,0f,0.9072140948236865f,0.42261826174069944f,1.0566442366897906f,-1.2246467991473532e-16f,0.4230408800024401f,-0.9063077870366499f,0.5264136413587938f,0f,0f,0f,1f], start_interpolation: 0, interpolation_duration: 1 }
$data merge entity $(bone_head) { transformation: [-1f,-5.175581015019659e-17f,1.1099069304367545e-16f,-0.03125000000000006f,0f,0.9063077870366499f,0.42261826174069944f,1f,-1.2246467991473532e-16f,0.42261826174069944f,-0.9063077870366499f,0.5f,0f,0f,0f,1f], start_interpolation: 0, interpolation_duration: 1 }
$data merge entity $(bone_6) { transformation: [-0.999f,-6.123233995736765e-17f,1.059514663486182e-16f,0.08749999999999997f,0f,0.8660254037844387f,0.49949999999999994f,0.4085376587736527f,-1.2234221523482057e-16f,0.49999999999999994f,-0.8651593783806543f,0.27917059745628975f,0f,0f,0f,1f], start_interpolation: 0, interpolation_duration: 1 }
$data merge entity $(bone_5) { transformation: [-1f,1.0605752387249068e-16f,6.123233995736767e-17f,0.0875f,0f,0.5000000000000001f,-0.8660254037844386f,0.5625f,-1.2246467991473532e-16f,-0.8660254037844386f,-0.5000000000000001f,0f,0f,0f,0f,1f], start_interpolation: 0, interpolation_duration: 1 }
$data merge entity $(bone_10) { transformation: [-0.999f,-9.183670877237376e-17f,8.093513500697075e-17f,-0.03125000000000003f,0f,0.6615470780190293f,0.7491537325494807f,0.8120944975242147f,-1.2234221523482057e-16f,0.7499036361856665f,-0.6608855309410103f,0.21180990482654666f,0f,0f,0f,1f], start_interpolation: 0, interpolation_duration: 1 }
$data merge entity $(bone_9) { transformation: [-1f,-1.0770760849810363e-16f,5.828094798678049e-17f,-0.03125000000000006f,0f,0.47590005565162097f,0.879499367271395f,0.9729367061317363f,-1.2246467991473532e-16f,0.879499367271395f,-0.47590005565162097f,0.515625f,0f,0f,0f,1f], start_interpolation: 0, interpolation_duration: 1 }
$data merge entity $(bone_2) { transformation: [-0.6397707579301575f,0.7465223482153335f,-0.18031304680940258f,-0.4893239922842438f,0.7410652510504515f,0.6621078744663526f,0.10636160746812456f,0.9455945755407514f,0.19878800512858738f,-0.06570803744377984f,-0.9768190280738325f,0.20721794657285583f,0f,0f,0f,1f], start_interpolation: 0, interpolation_duration: 1 }
$data merge entity $(bone_1) { transformation: [-0.6404111690992568f,0.6554992210720451f,0.40024280838868986f,-0.3142274746195743f,0.7418070581085601f,0.3928966697153598f,0.5434652661089787f,1.0396354861295563f,0.19898699212070808f,0.6449441666536119f,-0.7378693643635243f,0.42016430002797966f,0f,0f,0f,1f], start_interpolation: 0, interpolation_duration: 1 }
$data merge entity $(bone_4) { transformation: [-0.9365895986574765f,-0.20212151098938522f,0.28289482823003187f,0.4056416932361674f,-0.23896141349691963f,0.965514792841036f,-0.10267975981789451f,0.954311402175104f,-0.2523853532718995f,-0.1640977745141583f,-0.9525903542889991f,0.22554000373795768f,0f,0f,0f,1f], start_interpolation: 0, interpolation_duration: 1 }
$data merge entity $(bone_3) { transformation: [-0.9375271257832597f,-0.346300102688329f,-0.03345336004996909f,0.31249999999999994f,-0.23920061411103066f,0.5717696891700489f,0.7847690671498794f,1.0625f,-0.25263799126316266f,0.7437443521966663f,-0.6188847905273449f,0.46875f,0f,0f,0f,1f], start_interpolation: 0, interpolation_duration: 1 }
$data merge entity $(bone_8) { transformation: [-0.999f,-1.1679664110263902e-16f,3.6789013645310603e-17f,-0.16249999999999995f,0f,0.3007057995042732f,0.9527632337974787f,0.3993962765737816f,-1.2234221523482057e-16f,0.9537169507482268f,-0.30040509370476903f,-0.22855042225831698f,0f,0f,0f,1f], start_interpolation: 0, interpolation_duration: 1 }
$data merge entity $(bone_7) { transformation: [-1f,-9.029043306084034e-17f,8.273593852918142e-17f,-0.16249999999999998f,0f,0.6755902076156604f,0.737277336810124f,0.6203125f,-1.2246467991473532e-16f,0.737277336810124f,-0.6755902076156604f,-0.01984176532934076f,0f,0f,0f,1f], start_interpolation: 0, interpolation_duration: 1 }